1 0.8866735984374999 0.46865767343750003 0.8830065515625 0.4549197078125 0.8785351718750001 0.449958103125 0.8694560625 0.4478462046875 0.865414059375 0.455589340625 0.864626771875 0.4633892890625 0.8669237593749999 0.4810101859375 0.8713440109375 0.48890103125 0.8765004203125001 0.4919211703125 0.8830780203125 0.4881291375 0.8858010937499999 0.48133969062500004 0.8866735984374999 0.46865767343750003
1 0.8140984515625 0.5230634109375 0.8145107875 0.5367445671875 0.820866821875 0.5456459125 0.8320180625000001 0.5409570015625 0.8354943374999999 0.528320434375 0.8357329453125001 0.5146506421875 0.82805798125 0.506702984375 0.8195616421875 0.5085081031249999 0.8140984515625 0.5230634109375
1 0.8348060140625 0.49314681406250005 0.836503190625 0.5078271078125 0.8402895421875 0.514730178125 0.8518872046875 0.52176959375 0.8604005859375 0.5189880625 0.863157746875 0.5102457874999999 0.8524325921875 0.490524353125 0.842102728125 0.48546048906249994 0.8348060140625 0.49314681406250005
1 0.8903609859375001 0.5185343109375 0.9013758781250001 0.5216567109375 0.906736809375 0.5129598843750001 0.90766044375 0.49734862656249995 0.905193021875 0.4894918671875 0.8947779421875 0.48931007187500003 0.8886808515625001 0.5028776046875 0.8903609859375001 0.5185343109375
1 0.808335640625 0.4428724984375 0.80516614375 0.43793361875 0.7940319484375 0.44164611562499995 0.7920279906250001 0.4445412703125 0.79189164375 0.4523525796875 0.796741271875 0.4729481671875 0.8043821484375 0.4828486515625 0.8076368625000001 0.48290546250000005 0.8109938343750001 0.477103790625 0.8132704859375 0.458586015625 0.808335640625 0.4428724984375
1 0.8427333328125 0.44933317968750003 0.8443964234375001 0.4659663 0.8508206312500001 0.4709619921875 0.858700115625 0.4671926828125 0.8627421171874999 0.459449546875 0.8637509703124999 0.43895622031250003 0.8574290234375 0.42810204687500003 0.8502345671875 0.42992988906249996 0.8427333328125 0.44933317968750003
1 0.8529884328125 0.38407252812500003 0.8412885109375001 0.3828915953125 0.835310725 0.38962423125 0.8363228734374999 0.4062459890625 0.8413770234375001 0.4151246109375 0.849771103125 0.41917797500000004 0.8504050015625 0.42016575156249997 0.8603395718750001 0.41057204687500004 0.8600124546875 0.3920088234375 0.8529884328125 0.38407252812500003
1 0.7637818109375 0.4586989 0.758318621875 0.47325420781250005 0.760581525 0.4928279328125 0.770226359375 0.4998332625 0.777574203125 0.48921769531250003 0.7784637531249999 0.475559265625 0.77476261875 0.46377412656250006 0.7702912375000001 0.458812521875 0.7637818109375 0.4586989
1 0.7645865078125 0.543758125 0.7670477890625 0.5391343609375 0.766991828125 0.5318578609375 0.7603946015624999 0.516369271875 0.7556492765625 0.5154630734375 0.7503714484375 0.5188021359375 0.7488182015625 0.523853921875 0.7493924187500001 0.53292391875 0.7551558546875 0.543731228125 0.759976190625 0.54559981875 0.7645865078125 0.543758125
1 0.7929444671875 0.54125168125 0.790340696875 0.5412062328125 0.7870178125 0.5450550765625 0.7868985078125 0.551889971875 0.7881663062500001 0.553865525 0.790102090625 0.554876025 0.7913698874999999 0.5568515765625001 0.793939571875 0.558849853125 0.7971772406250001 0.559883078125 0.8023166078124999 0.5638796312500001 0.808175090625 0.5639818921875001 0.8088430750000001 0.563016840625 0.8120977890625 0.5630736515625 0.814101746875 0.560178496875 0.8141358328124999 0.55822566875 0.8155058921875 0.5543427390625 0.8156763249999999 0.5445786015625 0.813157771875 0.5396510828125 0.809903059375 0.539594271875 0.8092691593750001 0.5386064953125 0.799505021875 0.5384360625 0.7988370375 0.5394011140625 0.7962332671875 0.539355665625 0.7955652796875 0.5403207171875 0.793612453125 0.5402866296875 0.7929444671875 0.54125168125
1 0.8161227484375001 0.5563069281249999 0.814101746875 0.560178496875 0.814084703125 0.5611549109375 0.8127487312499999 0.5630850140625 0.8107959031249999 0.5630509265625 0.8127316875 0.564061428125 0.815918228125 0.5680238937500001 0.8204748234375 0.5681034296874999 0.8211087234375001 0.5690912046875 0.8230615515625 0.5691252921875 0.8236954515624999 0.57011306875 0.8256823656250001 0.5681943265625 0.8283031781249999 0.5672633625 0.8336300218750001 0.5605193640625 0.8342809640625 0.5605307265625 0.8350000796874999 0.5566364328125 0.8356680671875001 0.5556713828125 0.8358044140625 0.547860071875 0.8364894421875 0.54591860625 0.8339368031250001 0.542943915625 0.8306820890625 0.5428871046875 0.828695175 0.5448058453125 0.8267423468749999 0.544771759375 0.8260743625 0.5457368109375 0.8202158796875001 0.54563455 0.8175609796875 0.5485183421875 0.8168418624999999 0.5524126359375 0.816173878125 0.5533776875 0.8161227484375001 0.5563069281249999
1 0.8086044687499999 0.5766866328125 0.8057791359375001 0.5893345625 0.8100630390625 0.60503671875 0.819159190625 0.6061722046875 0.8265240781250001 0.5945802234374999 0.82667746875 0.5857924999999999 0.822959290625 0.574983775 0.812578296875 0.5728491515624999 0.8086044687499999 0.5766866328125
1 0.8213374468750001 0.44407615624999996 0.8171420546875 0.4606070171875 0.81887331875 0.4733344828125 0.8266334984375 0.476400071875 0.835883040625 0.4687478328125 0.8374576203125 0.4531479375 0.834356296875 0.4443034015625 0.8298678734375 0.4403182109375 0.8213374468750001 0.44407615624999996
1 0.8998898109375 0.5694896234375 0.9077522515625001 0.5666967281249999 0.9164701531249999 0.55219823125 0.91665763125 0.5414576796875 0.9108843640625001 0.5364733515625 0.8957252109375 0.5469525703125 0.892814659375 0.5644825703125 0.8998898109375 0.5694896234375
1 0.9038163734375001 0.41914462812500003 0.9042627968750001 0.4308729546875 0.9067643046875 0.43677688750000004 0.9183449234375001 0.4447927171875 0.9255734656250001 0.44101204687499995 0.9277137703125 0.43030558281250003 0.9182223265625 0.41451252812500006 0.911781075 0.41049325156250005 0.9038163734375001 0.41914462812500003
1 0.8067918531249999 0.41940448124999996 0.805953434375 0.4301336703125 0.8097056984375 0.43898956718750004 0.8194016625 0.44306565625000005 0.8325568593750001 0.43548159062499997 0.83272729375 0.425717453125 0.8224996906250001 0.41479510625 0.8121016531249999 0.41363689687500005 0.8067918531249999 0.41940448124999996
1 0.8649742281250001 0.518091184375 0.8692922187500001 0.5318405125 0.8718619015625 0.5338387890625 0.881009184375 0.5320450328125 0.8896418687500001 0.5224286046875 0.8873960109375 0.501878465625 0.8802185984375 0.5027298953125 0.8683652859375 0.510336684375 0.8649742281250001 0.518091184375
1 0.8574048203125001 0.5414001296875 0.8531720453125 0.5227687328124999 0.838302628125 0.51664891875 0.8360430203125 0.5341902796875 0.8404291828125 0.544033953125 0.8488062203125001 0.54906373125 0.8574048203125001 0.5414001296875
1 0.883905984375 0.5526065328125 0.8721549328125 0.5543548406250001 0.8668451328125 0.560122425 0.8685423109375 0.57480271875 0.8755492874999999 0.5837154265625 0.8859473250000001 0.5848736359375 0.8906573109375 0.5761654484375 0.8914616453124999 0.5673890859374999 0.8883773671874999 0.5575681375 0.883905984375 0.5526065328125
1 0.7429384734375 0.30987496718749996 0.7376286734375 0.3156425515625 0.7355565421875 0.32244336093750003 0.7367391234375 0.32930098124999996 0.7470008140625 0.3382705015625 0.759385765625 0.3375099703125 0.7666824796875 0.32982364531249997 0.7669551734375 0.31420102499999997 0.7573103390625 0.3071956953125 0.7429384734375 0.30987496718749996
1 0.7232298796875 0.20795298125 0.71725209375 0.2146856171875 0.7163966328125 0.22639122031249997 0.7220505937499999 0.23821044531250002 0.7284748015625 0.2432061359375 0.734333284375 0.243308396875 0.7409790562499999 0.235610709375 0.7424684187499999 0.2248928828125 0.7342277296875 0.21205179375 0.7232298796875 0.20795298125
1 0.8280986578125 0.578980328125 0.829247153125 0.5877907765625 0.8350204187499999 0.5927751046874999 0.84737128125 0.5939674015625 0.852030140625 0.5881884546875 0.8508475593749999 0.581330834375 0.84447448125 0.5734059015625 0.8346933 0.57421188125 0.8280986578125 0.578980328125
1 0.8493208156250001 0.556886403125 0.845997928125 0.560735246875 0.8438746671875 0.5704652984374999 0.8514984999999999 0.5813421953125 0.863215465625 0.581546715625 0.8658874093750001 0.5776865109375 0.8635563328125 0.562018440625 0.859067909375 0.55803325 0.8493208156250001 0.556886403125
1 0.8115216078125 0.6333868046875 0.8120191609375 0.642185890625 0.8164905421875 0.6471474953125 0.8327300171875001 0.6493843796875 0.8379886890625 0.6465460359375 0.8400437765625 0.6407216390625 0.8324369859375 0.628868328125 0.8155124796875001 0.628572909375 0.8115216078125 0.6333868046875
1 0.8337388703125 0.6288910515625 0.841996603125 0.6407557265625 0.853216015625 0.6321611609375 0.8546542468749999 0.624372575 0.8489832421875001 0.6135297640624999 0.8372321906250001 0.6152780703125 0.8325392468749999 0.6230098453124999 0.8337388703125 0.6288910515625
1 0.8572409750000001 0.6253944375 0.8663371265625001 0.6265299234375 0.8703109546875 0.6226924421875 0.8710812015625 0.6158689078124999 0.8660270515624999 0.6069902859375 0.85429304375 0.607762178125 0.85160405625 0.6125987984375 0.8572409750000001 0.6253944375
1 0.7863806171875 0.5069522140625 0.7862442703125 0.514763525 0.79193231875 0.5246299234375 0.801011428125 0.526741821875 0.806321228125 0.5209742375 0.8071426046875001 0.5112214609375 0.8014545562500001 0.5013550640625 0.7903885328125 0.50116190625 0.7863806171875 0.5069522140625
1 0.8669067171875 0.4819865984375 0.8623501203125 0.4819070640625 0.8557043468750001 0.4896047515625 0.86003938125 0.502377665625 0.8670974890625001 0.5083611328125001 0.8749428859374999 0.506544653125 0.8776148296875 0.502684446875 0.8777852640624999 0.492920309375 0.8719779109375001 0.4898888078125 0.8669067171875 0.4819865984375
1 0.9273904890625 0.4785201734375 0.924991209375 0.4718327515625 0.9192376421875 0.4650858015625 0.911968428125 0.462803315625 0.906054990625 0.465215128125 0.9011348968749999 0.47249365 0.9025446296874999 0.48096094999999994 0.9097731093749999 0.4855770640625 0.9190665796875 0.48861374375000005 0.9249991390625001 0.4851063953125 0.9273904890625 0.4785201734375
1 0.9306001171875 0.5260736671874999 0.9312340171875 0.5270614421875 0.9305489874999999 0.5290029078125 0.9304808140624999 0.5329085625000001 0.9317486125000001 0.5348841156249999 0.9330504968750001 0.5349068390625 0.9349692375 0.5368937546875 0.9395258359374999 0.5369732890625001 0.942848721875 0.5331244453124999 0.9442187796875 0.529241515625 0.944252865625 0.5272886875 0.944920853125 0.5263236359375 0.9449549390625 0.5243708093749999 0.946324996875 0.520487878125 0.9464783875 0.5117001546875 0.9433600234374999 0.5038320328125 0.93619965625 0.5037070484374999 0.93553166875 0.5046721 0.9354975828125 0.5066249265625 0.9341275250000001 0.5105078578125 0.9307535078125 0.5172859437499999 0.9306001171875 0.5260736671874999
1 0.8679804484375 0.42047253125 0.8704308296875001 0.4293057046875 0.8742853546875 0.43230312031249996 0.8892911171875 0.4306116234375 0.89194601875 0.42772783125 0.892818525 0.4150458140625 0.8812379078125 0.407029984375 0.875379425 0.4069277234375 0.8679804484375 0.42047253125
1 0.872281396875 0.43519827343750006 0.8727448624999999 0.4459501875 0.881755796875 0.4519677421875 0.8856444078125 0.4530123296875 0.8928899921875001 0.4482552453125 0.8942941390625 0.44241948750000004 0.8899250171875 0.43159939999999997 0.8749533406250001 0.43133806874999997 0.872281396875 0.43519827343750006
2 0.6475561359374999 0.477181109375 0.6493214859374999 0.487955746875 0.655043621875 0.4958693171875 0.66288901875 0.49405283750000006 0.668318121875 0.48145035625 0.6685055984375 0.4707098046875 0.6588607640624999 0.463704475 0.6529511515624999 0.46653145625 0.6475561359374999 0.477181109375
2 0.61400015625 0.49710632343750005 0.616348275 0.5117979796875 0.6202028 0.5147953937499999 0.6273802125 0.513943965625 0.639318740625 0.50145510625 0.63765565 0.4848219859375 0.633801125 0.48182457031250003 0.6233690015625 0.4826191890625 0.61400015625 0.49710632343750005
2 0.59705860625 0.49778731875000004 0.5935141578125 0.5143295421875 0.5977980625 0.5300316984375 0.6042904421874999 0.531121734375 0.6129401734375 0.5205288921875 0.614412490625 0.5107874781249999 0.6107795296874999 0.495096684375 0.60300230625 0.4930075109375 0.59705860625 0.49778731875000004
2 0.585375728125 0.495629971875 0.595773765625 0.49678818125 0.60504035 0.488159528125 0.6047132328125 0.46959630468749997 0.5917795984375 0.46448699062500004 0.58256414375 0.47018640156249997 0.5803215796875001 0.48675135 0.585375728125 0.495629971875
2 0.6322199578125 0.4231942953125 0.6281779546874999 0.4309374328125 0.6310918 0.45052251875 0.6361800375 0.4574483140625 0.6466973765625 0.45177162656250003 0.6488888109375 0.43813592031250004 0.6457874890624999 0.4292913859375 0.6394144109375001 0.421366453125 0.6322199578125 0.4231942953125
2 0.6697019296875 0.4394759265625 0.660554646875 0.4412696828125 0.6572147171875 0.446094940625 0.6576270531249999 0.4597760953125 0.6691394984375 0.47169758125000005 0.677036025 0.46695185937500006 0.6797420546875 0.46113882500000003 0.68052934375 0.45333887656250005 0.6786787765625 0.4474463078125 0.6697019296875 0.4394759265625
2 0.5883577484375 0.5113094031250001 0.579193421875 0.5140795734375 0.572445390625 0.5276357421875 0.5734916250000001 0.5423046734375 0.579881746875 0.5492531921875 0.5897481453125 0.54356514375 0.593139203125 0.5358106453125 0.5946626515625 0.523139990625 0.593463028125 0.5172587828124999 0.5883577484375 0.5113094031250001
2 0.5811325015625 0.5522051578125 0.5809109375 0.5648985375 0.588500684375 0.5777282640625 0.5930402390625 0.5787842125 0.60225569375 0.5730848015625 0.60314524375 0.559426371875 0.5974912812500001 0.5476071453125 0.5910159421875 0.5455406953125 0.5811325015625 0.5522051578125
2 0.66338656875 0.5028519234375 0.6568601015625 0.5037147140625 0.6528521875 0.5095050234375 0.6531622609375 0.5290446609375 0.655663771875 0.5349485921875 0.664623575 0.5438953875 0.67323921875 0.5352553734375001 0.6754136109375 0.52259608125 0.670461721875 0.5078589765625 0.66338656875 0.5028519234375
2 0.6830000609375 0.498310721875 0.6737505203125 0.5059629609375 0.6730143609375 0.5108336671875 0.677881034375 0.530452840625 0.6823694578125 0.53443803125 0.6901807671875 0.5345743781250001 0.6941716390625 0.5297604828125 0.6944784203125 0.5121850343750001 0.68623773125 0.499343946875 0.6830000609375 0.498310721875
2 0.69516345 0.51024356875 0.7049446296874999 0.5094375890625 0.7096205328125 0.5026822281250001 0.7079403984375 0.487025521875 0.70098455 0.475183571875 0.687812309375 0.48374405156250005 0.686922759375 0.49740248125 0.69516345 0.51024356875
2 0.6062163421875 0.42078697812500004 0.6053097515625 0.43542182343749997 0.612933584375 0.446298721875 0.6206937640625 0.44936430937500005 0.6266204203125 0.4455609140625 0.6269272 0.4279854671875 0.6212391515625 0.41811906875 0.61481494375 0.413123378125 0.6062163421875 0.42078697812500004
2 0.5920011625 0.45179361250000005 0.5918989015625 0.45765209531249995 0.6027774484374999 0.46858580468750005 0.6099548593749999 0.46773437500000004 0.6152987453125001 0.4600139625 0.6154691796875 0.45024982500000005 0.60716031875 0.4413143921875 0.59676228125 0.44015618281249996 0.5920011625 0.45179361250000005
2 0.6233301703125 0.534756334375 0.6159181203124999 0.529726796875 0.60762161875 0.5313117359375 0.6034385999999999 0.5395983921874999 0.6044210390625 0.5494168390625 0.609071653125 0.5584349234375 0.6178140984375 0.56435305 0.6279430328125 0.55694178125 0.628339684375 0.5452223093749999 0.6233301703125 0.534756334375
2 0.65229619375 0.5168118625 0.649553365625 0.5086924453125 0.6401989718750001 0.504781521875 0.6306534203124999 0.51182205625 0.6275735578125 0.5230112203124999 0.6306457546875001 0.53430776875 0.6375156109375 0.537310934375 0.64903634375 0.532791584375 0.6523071203125 0.5271905875 0.65229619375 0.5168118625
2 0.6391856875 0.5463815015625 0.6389982109375001 0.557122053125 0.6460051890625 0.5660347625 0.657037125 0.568180746875 0.6642997515625 0.5624472500000001 0.6645894890624999 0.545848215625 0.6537109437499999 0.53491450625 0.6432276890625 0.538638365625 0.6391856875 0.5463815015625
2 0.5275578546874999 0.45066875 0.5247666078125001 0.46136385312500006 0.5304205703125 0.47318307812500005 0.5440221890625 0.47732734062500004 0.5480471484375 0.4705606171875 0.549536509375 0.45984279062500005 0.5432145609375 0.448988615625 0.5328676546875 0.444901165625 0.5275578546874999 0.45066875
2 0.6036924421875 0.4096377171875 0.604064896875 0.39822255625 0.59797384375 0.3900691125 0.5900561671875 0.3873348109375 0.58202976875 0.39082905156250003 0.5802083265625 0.3959884796875 0.5810336734375 0.4082039625 0.5877992125 0.41740742343750004 0.596445728125 0.418077959375 0.6031449703125 0.4112338734375 0.6036924421875 0.4096377171875
2 0.594993065625 0.5788183 0.5943250796874999 0.5797833515625 0.591704265625 0.5807143156250001 0.591687221875 0.5816907296875 0.5903512515625 0.5836208328125 0.5902149046875 0.5914321421875 0.5908488046875 0.59241991875 0.5908147171875 0.594372746875 0.592082515625 0.5963482984375 0.592682328125 0.5992889015625 0.5958347796875 0.6052041953125 0.5971366640625 0.6052269203125 0.5997063484375 0.607225196875 0.6049138875 0.6073160953125 0.6055818734375 0.6063510437499999 0.6082026875000001 0.605420078125 0.6108746296875001 0.6015598718749999 0.6115255734375 0.6015712343749999 0.61289563125 0.597688303125 0.6136317906250001 0.592817596875 0.6129978921875 0.591829821875 0.6130831078125001 0.586947753125 0.6118323546875 0.5839957859375 0.611866440625 0.5820429593750001 0.6106156859375 0.5790909937500001 0.6061272609375 0.575105803125 0.6015706640625 0.5750262671875 0.5995837500000001 0.5769450078125 0.598281865625 0.5769222828125 0.59629495 0.5788410234375 0.594993065625 0.5788183
2 0.5668255156249999 0.513863690625 0.571981925 0.5168838296875 0.58647309375 0.5073696609375 0.5872774265625 0.4985933 0.578951521875 0.4906342796875 0.565830409375 0.4962655171875 0.5637071484375 0.50599556875 0.5668255156249999 0.513863690625
2 0.6845301 0.5598702375 0.68160250625 0.5783766499999999 0.6847890453125001 0.5823391171875001 0.68871174375 0.5814308765625 0.6993483875 0.5689192937499999 0.700084546875 0.5640485875000001 0.6976000796874999 0.557168240625 0.6878529859375 0.55602139375 0.6845301 0.5598702375
2 0.6501165046875 0.1812822890625 0.64204954375 0.19579214843749998 0.642564140625 0.20361482187500002 0.6489201734375001 0.2125161671875 0.6567485265624999 0.2116761015625 0.664662096875 0.205953965625 0.6693550421875 0.198222190625 0.66897679375 0.18258820781250001 0.6619186859374999 0.176604740625 0.6501165046875 0.1812822890625
2 0.615278978125 0.2373234515625 0.6136703125 0.25487617500000004 0.6193754046875 0.2637661578125 0.6317092265625 0.26593486875 0.6383549984375 0.25823718125 0.63919341875 0.2475079921875 0.6328885125 0.2356774046875 0.6205717359375 0.2325322796875 0.615278978125 0.2373234515625
2 0.529388653125 0.23387080781249997 0.5271120015624999 0.2523885828125 0.5314470359375 0.265161496875 0.5372714328125 0.267216584375 0.5485078875 0.25764560468750003 0.54944856875 0.2410579328125 0.545730390625 0.23024920781249997 0.5373022234375 0.22814867187500001 0.529388653125 0.23387080781249997
2 0.549881240625 0.290877759375 0.54895760625 0.3064890171875 0.55397766875 0.3173204671875 0.565060734375 0.3165372109375 0.5711237375 0.30492250625 0.5713793875000001 0.29027630000000004 0.565040396875 0.28039854062499997 0.557897071875 0.2792971421875 0.549881240625 0.290877759375
2 0.54354554375 0.31811508437499997 0.5309731171875 0.32961616718750003 0.5287816828125 0.34325187343749997 0.5344526890625 0.3540946859375 0.539643184375 0.355161996875 0.546203740625 0.35234637812499997 0.553551584375 0.3417308109375 0.554441134375 0.32807238125 0.5506547828125 0.3211693109375 0.54354554375 0.31811508437499997
2 0.4904101609375 0.34062867343750003 0.48883558281250006 0.35622856875000003 0.49327287656249996 0.3631430015625 0.505589653125 0.36628812499999996 0.5122013390625 0.360543265625 0.5137418312500001 0.346896196875 0.5048331562499999 0.3350201609375 0.496387946875 0.3338960375 0.4904101609375 0.34062867343750003
2 0.7073582 0.29655666406250003 0.69552193125 0.303187040625 0.692079740625 0.3138707796875 0.6944278609375 0.3285624359375 0.6995501828124999 0.333535403125 0.7047577234375 0.33362630000000004 0.7113694078125 0.327881440625 0.7140754390625 0.32206840625 0.713097378125 0.3034938203125 0.7073582 0.29655666406250003
2 0.5044208203125 0.32133900625 0.5055522734375 0.33112586718750003 0.5119594359375 0.33709797343750003 0.5185370359375 0.33330594062499996 0.523880921875 0.325585528125 0.5253191546875 0.3177969421875 0.520316134375 0.3059890796875 0.5144406078125 0.3068632328125 0.5044208203125 0.32133900625
2 0.7090009515625 0.2770511140625 0.6968375640625 0.265118265625 0.6903281390625 0.26500464375 0.6810104234375001 0.2765625375 0.6820737015625 0.2902550546875 0.68781288125 0.2971922109375 0.7001296578125 0.300337334375 0.7047373859375 0.29748762968750003 0.7081114015625001 0.29070954375 0.7101835328125 0.283908734375 0.7090009515625 0.2770511140625
2 0.566454996875 0.199356196875 0.56117928125 0.20317095468750002 0.5543971640625001 0.21867995312500002 0.55415855625 0.2323497453125 0.560497546875 0.24222750468749998 0.56897684375 0.24139879999999997 0.5770608484374999 0.22591252812499998 0.5766996421874999 0.20930213125 0.5703436078124999 0.20040078437500003 0.566454996875 0.199356196875
2 0.641970915625 0.2749043890625 0.6339550859374999 0.28648500625 0.6337846515625001 0.29624914375 0.6395067875 0.3041627140625 0.6505728109375 0.3043558734375 0.6571674515625 0.2995874265625 0.6598734828125 0.2937743921875 0.6601291328125 0.2791281859375 0.6518202703125 0.270192753125 0.641970915625 0.2749043890625
3 0.382858415625 0.2352199578125 0.37773609218750004 0.23024699062499998 0.370575725 0.23012200625 0.357986253125 0.24259950312499998 0.35449293437499996 0.256212484375 0.3607296640625 0.2719487265625 0.37242958593750003 0.2731296609375 0.3777223453125 0.26833849062500004 0.383819434375 0.25477095781250003 0.3853258390625 0.24307671718749999 0.382858415625 0.2352199578125
3 0.4117929171875 0.25623594843749997 0.4019094765625 0.2629004109375 0.40153452187500005 0.2843815125 0.40905609531250003 0.30111689375 0.4188031890625 0.30226374218749996 0.42275997500000007 0.29940267343750004 0.42548304843749996 0.2926132265625 0.42573869999999997 0.2779670203125 0.420854984375 0.2593242609375 0.4117929171875 0.25623594843749997
3 0.3479769203125 0.181868690625 0.34254781562500003 0.19447117187500002 0.3453934875 0.21796191406249998 0.354404421875 0.2239794671875 0.36558974843750003 0.2173377296875 0.3672325015625 0.197832178125 0.364782121875 0.18899900625 0.3577581015625 0.18106271093749998 0.3479769203125 0.181868690625
3 0.388781778125 0.194301478125 0.3823234828125 0.1912586140625 0.3757799703125 0.19309781875 0.37112111406250003 0.198876765625 0.3695465328125 0.2144766609375 0.37396678437499997 0.22236750781249998 0.3862494765625 0.22746545937499998 0.3914911015625 0.2256035296875 0.3942141765625 0.21881408125 0.3944698265625 0.204167875 0.388781778125 0.194301478125
3 0.3614757078125 0.3784232765625 0.3502733390625 0.38604142812500003 0.3487498890625 0.39871208281250003 0.35181712656249997 0.4095094453125 0.35752221875 0.41839942968750005 0.36725226875 0.42052269062500003 0.37525105625 0.40991848593749997 0.3754385328125 0.39917793437500004 0.36988683125 0.3815002265625 0.3614757078125 0.3784232765625
3 0.3520590265625 0.43295473749999996 0.35245431875 0.44761230625000004 0.358759225 0.45944289375 0.365319778125 0.45662727500000005 0.3720848546875 0.442094690625 0.371825909375 0.4196258125 0.3568371890625 0.42034089375 0.35416524531250004 0.4242011 0.3520590265625 0.43295473749999996
3 0.340188671875 0.44153794062499996 0.3327044796875 0.45996481874999995 0.333699584375 0.47756299062499996 0.3427105203125 0.48358054375000004 0.351428421875 0.469082046875 0.35235205937499997 0.45347078906249993 0.34990167968749997 0.44463761562500004 0.343477471875 0.439641925 0.340188671875 0.44153794062499996
3 0.37940520312500003 0.5076621218749999 0.377847665625 0.5222856046875 0.38225087343749997 0.5311528640625001 0.390045140625 0.532265625 0.399311725 0.523636971875 0.4022052328125 0.5070833875 0.39459844374999997 0.495230075 0.3874210328125 0.4960815046875 0.37940520312500003 0.5076621218749999
3 0.3675656390625 0.4771774125 0.3623240125 0.4790393421875 0.3569460375 0.48871258281249996 0.359842840625 0.5092740828125 0.366900946875 0.5152575500000001 0.371508675 0.5124078437499999 0.374882690625 0.505629759375 0.37582337187500003 0.4890420875 0.374006890625 0.48119669062500003 0.3675656390625 0.4771774125
3 0.3392853734375 0.4932878703125 0.34024639218749997 0.5128388703125 0.345317584375 0.520741078125 0.351844053125 0.5198782875 0.3564858671875 0.5150757546875 0.35794114375 0.5063107546875 0.354993209375 0.48867849531249996 0.34596523281249997 0.48363735625000004 0.3392853734375 0.4932878703125
3 0.40339826875 0.4387344234375 0.3975397859375 0.4386321640625 0.3926934515625 0.45515166249999994 0.394356540625 0.47178478281249997 0.3981769796875 0.476735025 0.4060053328125 0.47589495781249996 0.410715321875 0.4671867703125 0.41228990000000004 0.45158687343750004 0.410456375 0.44471789062499995 0.40339826875 0.4387344234375
3 0.4160592078125 0.4594663578125 0.41198311875 0.469162321875 0.414896965625 0.4887474078125 0.4239079 0.4947649625 0.43185555625000005 0.48708999999999997 0.43329378749999997 0.4793014140625 0.430877496875 0.46851541250000006 0.4270570578125 0.4635651703125 0.4160592078125 0.4594663578125
3 0.43283032343750005 0.46854950000000006 0.43454454374999996 0.4822533796875 0.4383479390625 0.48818003593750003 0.453953515625 0.48942914374999996 0.45861237343749994 0.48365019687500005 0.4588850671875 0.4680275765625 0.45379683125000003 0.46110178125 0.4394760953125 0.46085181249999996 0.43283032343750005 0.46854950000000006
3 0.38862724531250004 0.57619288125 0.38910775468750003 0.5859683812500001 0.40063724375 0.596913453125 0.40647868281250005 0.597992128125 0.41245646875 0.5912594921875 0.41334601875 0.5776010609375 0.4070240703125 0.5667468875 0.395992134375 0.5646009015625 0.38862724531250004 0.57619288125
3 0.34377709218749997 0.534388146875 0.33927162499999997 0.5313793703125 0.331443271875 0.5322194359375 0.3253291375 0.5467633828125 0.32644354531249997 0.557526659375 0.3301958109375 0.56638255625 0.334684234375 0.5703677468749999 0.3457332140625 0.57153731875 0.349124275 0.5637828203125 0.3494140109375 0.5471837859375001 0.34377709218749997 0.534388146875
3 0.3271219875 0.4813550234375 0.317991746875 0.482172365625 0.3132817609375 0.49088055312499995 0.31316245625 0.49771545 0.3206329 0.517380071875 0.3264743390625 0.5184587453125 0.33568979374999997 0.512759334375 0.33597953125 0.4961603015625 0.3341289640625 0.49026773125 0.3271219875 0.4813550234375
3 0.46205126874999997 0.43585137031250004 0.4556952328125 0.426950025 0.4511727234375 0.42491766093749994 0.44005556874999996 0.42765374375 0.43462646562499996 0.440256225 0.43577495937500005 0.4490666734375 0.4415311828125 0.45502741562500004 0.45389909062499995 0.4552432984375 0.46244656093750003 0.4505089390625 0.465152590625 0.44469590625000005 0.46205126874999997 0.43585137031250004
3 0.3121470140625 0.44397860624999996 0.3118913640625 0.4586248125 0.31500972968749996 0.466492934375 0.322136009375 0.4685707453125 0.3314025953125 0.45994209374999995 0.3304415765625 0.44039109375 0.3207456125 0.4363150046875 0.3142021015625 0.4381542109375 0.3121470140625 0.44397860624999996
3 0.297966490625 0.286480571875 0.292005746875 0.29223679375 0.28924858750000004 0.30097906874999997 0.2897631828125 0.308801740625 0.2974211015625 0.3177258125 0.3065342984375 0.3178848828125 0.3177707546875 0.3083139046875 0.3180093609375 0.2946441109375 0.3103514421875 0.285720040625 0.297966490625 0.286480571875
3 0.2655012859375 0.2439153046875 0.2653649390625 0.251726615625 0.2703509171875 0.2645108921875 0.2873265515625 0.26187706875 0.2965931375 0.2532484171875 0.2962148890625 0.23761443437500002 0.2885399265625 0.2296667765625 0.274819003125 0.2323574109375 0.2655012859375 0.2439153046875
3 0.4172357703125 0.2055419671875 0.41266212968750005 0.20643884531249998 0.4086542140625 0.2122291546875 0.40906655000000003 0.22591030937499998 0.416656296875 0.23874003593749998 0.42703729062500007 0.24087465937500002 0.431679103125 0.2360721265625 0.43188362343750003 0.2243551609375 0.4255787203125 0.2125245734375 0.4172357703125 0.2055419671875
3 0.37579644375 0.3786732453125 0.3792078421875 0.40705741875 0.3889719796875 0.4072278515625 0.39234599531250003 0.40044976718749997 0.3966266046875 0.3790368375 0.37579644375 0.3786732453125
3 0.3141779 0.5514522937499999 0.3095872140625 0.5533255859375 0.301554340625 0.5658826171875 0.30203484999999997 0.5756581171875 0.3090759140625 0.5826179984375 0.3188230078125 0.5837648453125001 0.3280895921875 0.5751361937499999 0.3288598390625 0.568312659375 0.32449071875 0.557492571875 0.3141779 0.5514522937499999
3 0.39063779374999996 0.6475278984374999 0.3991170890625 0.64669919375 0.40451210781249997 0.636049540625 0.4054527859375 0.61946186875 0.39971360625 0.6125247109374999 0.383937596875 0.6210397421875 0.38560068593749997 0.6376728625 0.39063779374999996 0.6475278984374999
3 0.4084859359375 0.6322120578125 0.412974359375 0.6361972484375 0.4168970578125 0.635289009375 0.423576915625 0.62563849375 0.42566609062499994 0.6178612703125 0.42595582812500005 0.6012622359375001 0.4136049625 0.6000699390625 0.4082781203125 0.6068139375 0.4084859359375 0.6322120578125
3 0.4129034609375 0.416435978125 0.40427077499999997 0.4260524078125 0.40481945625 0.4319222515625 0.4099247375 0.43787163281249997 0.430771940625 0.4372588109375 0.43287815937499996 0.4285051734375 0.431661490625 0.4236003796875 0.4271730671875 0.4196151890625 0.4129034609375 0.416435978125
3 0.4286833375 0.25848419375 0.4283936 0.275083228125 0.4308098921875 0.28586922812500004 0.44053994375 0.28799248906249997 0.4453010609375 0.276355059375 0.4462076546875 0.261720215625 0.44370614531249997 0.255816284375 0.43335923750000005 0.25172883281249997 0.4286833375 0.25848419375
3 0.39519166562499997 0.42394050781250003 0.38957179062499997 0.4101684546875 0.3843472078125 0.4110539703125 0.3803222484375 0.41782069374999997 0.3794497421875 0.4305027109375 0.3817467328125 0.4481236078125 0.384882140625 0.455015315625 0.3894216953125 0.4560712640625 0.394131684375 0.44736307656249996 0.3962379015625 0.4386094390625 0.39519166562499997 0.42394050781250003
3 0.2830486671875 0.506956925 0.28224433437499996 0.5157332859375 0.2866475421875 0.5246005453125 0.2964116796875 0.5247709796875 0.30108758125 0.51801561875 0.30262807187499996 0.5043685499999999 0.298173734375 0.49843053125000003 0.29300028125 0.49638680625 0.2830486671875 0.506956925
3 0.344243853125 0.5822551453125 0.3402700234375 0.5860926281250001 0.33816380625 0.5948462640625001 0.33900552031250003 0.6212321609375 0.34601249843750004 0.63014486875 0.3505861375 0.6292479906249999 0.35396015468750003 0.62246990625 0.35447145625 0.5931774937500001 0.350753278125 0.58236876875 0.344243853125 0.5822551453125
3 0.46627358750000003 0.5296893515625001 0.461648815625 0.533515471875 0.45885757031249996 0.5442105734375 0.45865305 0.5559275390625 0.461086384375 0.5657371265625 0.46826379687499997 0.564885696875 0.47502887187500004 0.5503531125000001 0.47528452187500003 0.53570690625 0.47341691093750005 0.53079075 0.46627358750000003 0.5296893515625001
3 0.4688707671875 0.45550463125 0.4630122859375 0.45540237031249997 0.4596212265625 0.46315686874999995 0.46255211406249996 0.4817655421875 0.46758922187499996 0.49162057812500004 0.47337953125 0.49562849218749994 0.47601738750000006 0.4937211140625 0.47754083593749996 0.481050459375 0.4751927171875 0.46635880468749996 0.4688707671875 0.45550463125
0 0.324293928125 0.2703360265625 0.32412349375 0.280100165625 0.3330492125 0.2909997875 0.3453830328125 0.2931684984375 0.3513437765625 0.287412275 0.3515994265625 0.27276606875 0.34399263750000003 0.26091275625 0.332292715625 0.2597318234375 0.324293928125 0.2703360265625
0 0.257529996875 0.1783365109375 0.2510717015625 0.1752936484375 0.238635621875 0.1789834203125 0.23522751875 0.1877143328125 0.23690765156250002 0.203371040625 0.24202997656249997 0.20834400625 0.25311304218749997 0.20756075156249998 0.2583887546875 0.20374599375 0.2617968578125 0.19501508125 0.26133339218749996 0.1842631671875 0.257529996875 0.1783365109375
0 0.26408339375 0.2878425625 0.2574887515625 0.292611009375 0.25476567656250004 0.29940045625 0.257147884375 0.312139284375 0.264856934375 0.3181341140625 0.2726852875 0.31729404687499996 0.2800160875 0.30765489375 0.28020356562500004 0.2969143421875 0.27191174687499997 0.2870024953125 0.26408339375 0.2878425625
0 0.2234522625 0.3027607234375 0.22381346875000002 0.3193711203125 0.23333900000000002 0.333211346875 0.2424181078125 0.3353232453125 0.24842997968749997 0.32663778125 0.24734965937500003 0.313921678125 0.23784117187499998 0.2991050375 0.228111121875 0.2969817765625 0.2234522625 0.3027607234375
0 0.2445347796875 0.2513630234375 0.24109259062500002 0.2620467640625 0.244793725 0.273831903125 0.254455603125 0.27986081875 0.26493885625 0.276136959375 0.26711324687500004 0.2634776671875 0.263378025 0.25364535625 0.25243130625 0.2466173015625 0.2445347796875 0.2513630234375
0 0.13885666562500001 0.4116524734375 0.13210863281250002 0.42520864375 0.1313042984375 0.43398500625 0.13372059218750001 0.44477100625 0.1420635421875 0.4517536125 0.1479731546875 0.44892663125 0.1526660984375 0.44119485625 0.1530580953125 0.4187373390625 0.1492547015625 0.412810684375 0.13885666562500001 0.4116524734375
0 0.1600546203125 0.5028566328124999 0.1598671421875 0.513597184375 0.16485311875 0.5263814609375 0.1759191421875 0.52657461875 0.18520277031250001 0.516969553125 0.184790434375 0.5032883984375001 0.17586471718750002 0.49238877499999995 0.1726270484375 0.49135555000000003 0.1600546203125 0.5028566328124999
0 0.1485080875 0.49288797500000003 0.13867577656250002 0.4966231953125 0.13382944218749998 0.51314269375 0.1337101375 0.519977590625 0.1374964890625 0.5268806609375 0.1464903828125 0.533874628125 0.1582925640625 0.5291970796875 0.15979896875 0.5175028390625 0.15745084843749999 0.5028111843749999 0.1485080875 0.49288797500000003
0 0.1686158375 0.4600307734375 0.1595537734375 0.4569424609375 0.15165724687499998 0.4616881828125 0.1487296515625 0.4801945953125 0.1504950015625 0.49096923437499995 0.15493229687500001 0.497883665625 0.1620585765625 0.499961478125 0.167334290625 0.4961467203125 0.1707083078125 0.48936863593749996 0.1716830734375 0.47082813593750006 0.1686158375 0.4600307734375
0 0.14001504375 0.531808178125 0.12961700625 0.5306499687499999 0.1248218015625 0.544240225 0.1252341359375 0.55792138125 0.135461740625 0.568843728125 0.144574934375 0.5690028 0.1498847359375 0.5632352140625 0.150791328125 0.5486003703125 0.1476729625 0.5407322484375 0.14001504375 0.531808178125
0 0.1622735515625 0.41303792812499995 0.155695953125 0.4168299609375 0.1539168546875 0.444146821875 0.15970716406250002 0.4481547375 0.16686753125 0.448279721875 0.17277714375 0.44545274062500007 0.1754831734375 0.4396397078125 0.1763045484375 0.42988693125 0.1707187609375 0.4141620515625 0.1622735515625 0.41303792812499995
0 0.156841153125 0.3885253234375 0.1591722296875 0.40419339374999996 0.16427750937500002 0.4101427734375 0.1740246046875 0.41128962187500007 0.17741566250000002 0.40353512187499996 0.1777394875 0.3849832609375 0.174638165625 0.37613872656249997 0.15908371875 0.37196037656250003 0.156841153125 0.3885253234375
0 0.146732853125 0.37076808125 0.1369346296875 0.372550475 0.13212238125 0.3871171453125 0.1351384875 0.40084374843750004 0.147353003125 0.40984735624999996 0.1532114859375 0.409949615625 0.1558834296875 0.406089409375 0.15677297968749998 0.39243097968749996 0.1518892625 0.3737882203125 0.146732853125 0.37076808125
0 0.063890346875 0.49378535156250003 0.06395355 0.5070257765624999 0.0661456328125 0.5163320515625001 0.07365884843750001 0.5244067875 0.08299273125 0.52516550625 0.0870639984375 0.5153727625 0.083484840625 0.5011880203125 0.074530640625 0.4913232140625 0.063890346875 0.49378535156250003
0 0.183713409375 0.5276873796875 0.17910568124999998 0.5305370859375 0.177599275 0.5422313265625001 0.18515493593750001 0.5570138796874999 0.1902943015625 0.5610104328125 0.1987565546875 0.5611581421875 0.2028156 0.552438590625 0.20233509062500002 0.542663090625 0.19344345937500002 0.5298106406249999 0.183713409375 0.5276873796875
0 0.158316196875 0.6024508359375 0.1593453875 0.61809618125 0.1669351328125 0.6309259078125 0.1760653734375 0.630108565625 0.184663971875 0.6224449640625 0.1848684921875 0.6107279984375 0.17667893437499999 0.59495766875 0.164311025 0.5947417859375 0.158316196875 0.6024508359375
0 0.18755919062499998 0.046235857812499996 0.185197321875 0.0696357015625 0.1946376359375 0.088357996875 0.20306580156249998 0.0904585328125 0.21241760312500002 0.0769478125 0.21200526718749999 0.0632666578125 0.20381570937500001 0.047496328125 0.19478773124999998 0.042455187500000005 0.18755919062499998 0.046235857812499996
0 0.192926709375 0.11176920312500001 0.19332200156249998 0.126426771875 0.2035666484375 0.1363727046875 0.21208003125000002 0.1335911734375 0.2174750484375 0.12294151874999999 0.218415728125 0.106353846875 0.2107578078125 0.0974297765625 0.1969687125 0.10402606562500001 0.192926709375 0.11176920312500001
0 0.1790491015625 0.086132475 0.17190577812500002 0.0850310765625 0.16464315000000002 0.090764575 0.1630685703125 0.1063644703125 0.168071590625 0.11817233437500001 0.1770484390625 0.12614271562499998 0.1894504328125 0.1244057703125 0.1910761421875 0.1058766328125 0.1828865828125 0.0901063046875 0.1790491015625 0.086132475
0 0.1139686 0.0469047515625 0.10615729062499998 0.0467684046875 0.0982096328125 0.05444336875 0.0986219671875 0.0681245234375 0.1075988171875 0.07609490468749999 0.117996853125 0.07725311406249999 0.1253276546875 0.0676139609375 0.1248641890625 0.0568620484375 0.12106079375 0.0509353921875 0.1139686 0.0469047515625
0 0.17889900625 0.132035284375 0.17871152968749998 0.1427758359375 0.1882200171875 0.1575924765625 0.199217865625 0.16169128906250002 0.204510621875 0.15690011875 0.205999984375 0.1461822921875 0.2022477203125 0.13732639375 0.1900332015625 0.12832278749999998 0.17889900625 0.132035284375
0 0.131710615625 0.18688415 0.12371182812499999 0.19748835468749998 0.12230768437499999 0.2033241125 0.12349026406250001 0.21018173281250002 0.127927559375 0.21709616562499998 0.1396786109375 0.21534785781250002 0.14699236875 0.20668511875 0.14788191875 0.1930266890625 0.14020695625 0.18507903125 0.131710615625 0.18688415
0 0.06880064062499999 0.2844338890625 0.06027021406250001 0.28819183437499996 0.054926328125 0.295912246875 0.05665759218750001 0.3086397125 0.0642984671875 0.318540196875 0.0727607203125 0.31868790625 0.0761517796875 0.3109334078125 0.0763392578125 0.30019285625 0.07327202031249999 0.28939549375 0.06880064062499999 0.2844338890625
0 0.1623390015625 0.1854653484375 0.16153466875 0.19424170937500002 0.1671375 0.20899017656250002 0.1736128390625 0.21105662656250002 0.180909553125 0.2033703 0.1849685984375 0.19465075 0.17931463593750002 0.182831525 0.1709376 0.177801746875 0.1623390015625 0.1854653484375
0 0.2537771625 0.3560324546875 0.254840440625 0.36972497187500003 0.2631833890625 0.3767075765625 0.2743005421875 0.37397149375 0.2822822859375 0.364343703125 0.283171834375 0.3506852734375 0.2761648578125 0.3417725640625 0.26244393593750004 0.3444631984375 0.2537771625 0.3560324546875
0 0.11073637812499999 0.493205378125 0.09907054374999999 0.4900716171875 0.095096715625 0.4939090984375 0.0908842796875 0.511416371875 0.0946024578125 0.522225096875 0.1010096234375 0.5281972015624999 0.108786846875 0.5302863765625 0.11469645937499999 0.5274593953125 0.11810456093749999 0.5187284828125 0.1177263140625 0.5030945 0.11073637812499999 0.493205378125
0 0.11742612187499998 0.59490011875 0.12595654843749998 0.5911421734375 0.1333043921875 0.5805266062500001 0.13349186875000002 0.5697860546875 0.122613325 0.5588523453125 0.109972721875 0.5742590828125 0.11418845312499999 0.59386689375 0.11742612187499998 0.59490011875
0 0.1815835578125 0.463187259375 0.174389103125 0.465015103125 0.17289974218749998 0.4757329296875 0.17469917968749998 0.484554740625 0.1835567234375 0.49936001875 0.1900320625 0.50142646875 0.1966778328125 0.49372878125 0.196899396875 0.4810354015625 0.191862290625 0.471180365625 0.1815835578125 0.463187259375
0 0.3710099828125 0.8767124390625 0.372741246875 0.8894399046875 0.379782309375 0.8963997859375 0.3908994625 0.8936637031249999 0.3982473078125 0.8830481359375 0.398434784375 0.8723075843749999 0.39144485 0.8624184625 0.3790087703125 0.866108234375 0.3710099828125 0.8767124390625
0 0.33542970781250003 0.8633941359374999 0.3282182109375 0.8661983937500001 0.3248782796875 0.87102365 0.325941559375 0.88471616875 0.3316807390625 0.891653325 0.3427297171875 0.892822896875 0.3493754890625 0.885125209375 0.3502309515625 0.87341960625 0.343223975 0.8645068968749999 0.33542970781250003 0.8633941359374999
0 0.2427616984375 0.5394618953125 0.23445283749999998 0.5305264625 0.226607440625 0.5323429421875 0.21848934999999997 0.54978204375 0.21754867031249997 0.5663697156249999 0.21943332343750002 0.5703094578125001 0.22657664843749997 0.57141085625 0.23642600156250002 0.5666992203125 0.241135990625 0.5579910328125 0.24389315156250002 0.5492487578125 0.2427616984375 0.5394618953125
0 0.1262154921875 0.6136110515625 0.12796380000000002 0.625362103125 0.134987821875 0.6332983984375 0.1453688140625 0.6354330218750001 0.1533164703125 0.627758059375 0.15350394843749998 0.6170175078125 0.138753834375 0.604062796875 0.1315593796875 0.6058906390625001 0.1262154921875 0.6136110515625
2 0.6686562640625 0.23825515468749997 0.66576275625 0.25480874062500003 0.6713485453125 0.2705336203125 0.6804106109375 0.27362193281249997 0.68835826875 0.26594697031250003 0.68801410625 0.248360159375 0.6836108984375 0.23949289999999998 0.6771866906249999 0.23449720937500002 0.6686562640625 0.23825515468749997
2 0.49416958437499997 0.2371629015625 0.4959178921875 0.24891395312500003 0.5048606546875 0.2588371625 0.5139397625 0.2609490609375 0.52188741875 0.25327409843750004 0.5215091703125 0.237640115625 0.51386829375 0.22773963125000002 0.5028363578125 0.22559364531249998 0.49416958437499997 0.2371629015625
2 0.49441478281249995 0.2977232796875 0.495495103125 0.3104393828125 0.5005662953125001 0.318341590625 0.5084287359374999 0.315548696875 0.5158447546875 0.30102747500000004 0.516734303125 0.28736904375 0.5097273265625 0.27845633593749997 0.5005800453125 0.2802500921875 0.49441478281249995 0.2977232796875
2 0.5299065453125 0.278808565625 0.5258986296875 0.28459887500000003 0.5237071953125 0.2982345796875 0.5259871406250001 0.316831890625 0.5330282046875 0.32379177187499997 0.5389548609375 0.3199883765625 0.5450178640625001 0.308373671875 0.5447759624999999 0.2849283796875 0.5370839546874999 0.27795713593750004 0.5299065453125 0.278808565625
2 0.6075006140625 0.6083379578125 0.606542890625 0.6259020421875 0.611631128125 0.6328278375 0.6175236984375 0.6309772703125 0.6229187140625 0.620327615625 0.6244251203125 0.6086333749999999 0.621991784375 0.5988237890625 0.6161503453125 0.597745115625 0.6075006140625 0.6083379578125
1 0.9142072515624999 0.5326245078125 0.9137096984375 0.5238254203125 0.9066515921875 0.517841953125 0.8947982796874999 0.52544874375 0.8919218156250001 0.5410259140625 0.8996819953124999 0.544091503125 0.9142072515624999 0.5326245078125
1 0.8171722765625 0.6080909453125 0.8087441109375 0.6059904078125 0.80543826875 0.6088628375 0.8065015453125 0.6225553546875 0.810339028125 0.626529184375 0.825978690625 0.6258254640625001 0.8313737078125 0.6151758109375 0.83207578125 0.61225793125 0.8230989328125 0.60428755 0.8171722765625 0.6080909453125
1 0.7854602749999999 0.5596785578125 0.78578739375 0.57824178125 0.7890421062499999 0.57829859375 0.7953810984375 0.5881763531249999 0.80392856875 0.5834419937499999 0.8047499437500001 0.57368921875 0.79972988125 0.56285776875 0.7894170609375 0.5568174906250001 0.7854602749999999 0.5596785578125
3 0.356662890625 0.5795417875 0.3643037671875 0.589442271875 0.37280010468749997 0.587637153125 0.3732773203125 0.5602975671875 0.3694398375 0.5563237390625 0.36027551406249997 0.559093909375 0.35614829531250003 0.5717191140625 0.356662890625 0.5795417875
3 0.37453136875 0.60036461875 0.375028921875 0.6091637046875 0.3807510578125 0.617077275 0.39383808125 0.613398865625 0.400483853125 0.605701178125 0.40127114375 0.5979012296875 0.387137884375 0.586910709375 0.3779565171875 0.5906572921875 0.37453136875 0.60036461875
3 0.4473764875 0.3066693359375 0.4452191390625 0.3183522140625 0.450839015625 0.3321242671875 0.45926717968749997 0.334224803125 0.47065702812500004 0.3158661 0.47082746093749994 0.3061019625 0.4676750078125 0.30018666875 0.456026215625 0.29607649375 0.4473764875 0.3066693359375
3 0.3929458078125 0.40339037031249997 0.3945918546875 0.4209999046875 0.3984293359375 0.42497373281249995 0.404989890625 0.42215811406250003 0.411155153125 0.4046849265625 0.41079394999999996 0.3880745296875 0.405020684375 0.3830902015625 0.3991622015625 0.38298794062499997 0.3929458078125 0.40339037031249997
3 0.437478728125 0.5379771375 0.4347045234375 0.5476958265625 0.4423965296875 0.5546670687499999 0.4528968265625 0.5499667968749999 0.457572728125 0.5432114359375 0.45837706093749997 0.5344350734375001 0.45649240625000004 0.5304953328125 0.448681096875 0.5303589859375 0.437478728125 0.5379771375
0 0.2356458734375 0.46217749843749995 0.22320979218749998 0.465867271875 0.21776364531249998 0.47944616562500003 0.21822710937499998 0.49019807968749995 0.22657005937500002 0.49718068437499996 0.238989096875 0.49446732656250003 0.2463028546875 0.4858045875 0.247141275 0.47507539843749996 0.2446568078125 0.468195053125 0.2356458734375 0.46217749843749995
0 0.25567771875 0.7320994625 0.2555243296875 0.7408871875 0.26376501874999997 0.7537282750000001 0.2754990265625 0.75295638125 0.2788730421875 0.7461782968749999 0.2784095765625 0.7354263828125001 0.2720365 0.72750145 0.2616725484375 0.7243904125 0.25567771875 0.7320994625
0 0.35620544375 0.8295718843750001 0.3465094796875 0.8254957953125001 0.3358728359375 0.8380073781249999 0.3363192578125 0.8497357062500001 0.34139045 0.8576379140625001 0.34652981718750003 0.8616344671875 0.3557111859375 0.8578878828125 0.3611402890625 0.845285403125 0.36125959375 0.8384505062500001 0.35620544375 0.8295718843750001
0 0.2883271046875 0.7268090921875 0.2887905703125 0.73756100625 0.29768220156249997 0.75041345625 0.3034725109375 0.754421371875 0.3094843828125 0.7457359078125 0.30968890312499997 0.73401894375 0.303384 0.72218835625 0.2956238203125 0.7191227671875 0.2883271046875 0.7268090921875
0 0.2814256828125 0.7491529875 0.279868146875 0.7637764687499999 0.2836204109375 0.772632365625 0.2965370015625 0.77871809375 0.30121290312500004 0.7719627328125 0.30213653906250004 0.756351475 0.2996009421875 0.7524003703125001 0.2880203234375 0.744384540625 0.2814256828125 0.7491529875
0 0.19732548125 0.45662505781249996 0.195151090625 0.46928435 0.202021721875 0.48600836875000003 0.20967964062500002 0.49493243906249995 0.21564038437500002 0.48917621718750004 0.215878990625 0.47550642343750005 0.2128287984375 0.46373264843750006 0.205787734375 0.4567727671875 0.19732548125 0.45662505781249996
0 0.10624795625000001 0.48922018749999996 0.1133912796875 0.49032158593749997 0.1253298078125 0.477832728125 0.12685325625 0.46516207343750005 0.11333685468750002 0.45613574218749997 0.10261499375000001 0.47352939374999997 0.10244456093750001 0.48329353125 0.10624795625000001 0.48922018749999996
0 0.1320096671875 0.46818221250000003 0.12926955 0.4759480734375 0.129767103125 0.484747159375 0.1361742671875 0.49071926406250005 0.1440026203125 0.48987919687500003 0.1479594046875 0.48701812968749997 0.145696503125 0.46744440625 0.141208078125 0.4634592140625 0.1320096671875 0.46818221250000003
0 0.09043456250000001 0.462572959375 0.0923021734375 0.467489115625 0.0961566984375 0.4704865296875 0.10333410937500001 0.4696351015625 0.111554459375 0.4463375171875 0.11121030000000001 0.4287507078125 0.096821390625 0.43240639375 0.0913241125 0.4489145296875 0.09043456250000001 0.462572959375
0 0.189414634375 0.68601411875 0.1885250859375 0.6996725500000001 0.1961659625 0.709573034375 0.2059301 0.7097434671875 0.21260995781249997 0.7000929515625 0.21212945 0.690317453125 0.2044544875 0.6823697953125001 0.1966602203125 0.681257034375 0.189414634375 0.68601411875