3 0.59341670625 0.5517108625 0.5796300171875 0.54972895 0.5674809703125 0.5699440578125 0.5661686109375 0.6021940953125 0.5759300140625 0.62424931875 0.5816317234375 0.628594915625 0.59280244375 0.623954809375 0.5982714546875 0.6149691046875 0.60237430625 0.5993395625 0.601187046875 0.5671331562499999 0.59341670625 0.5517108625
3 0.625388184375 0.5211482281250001 0.622438184375 0.53120124375 0.62151803125 0.550109071875 0.6267111859375001 0.561131228125 0.6354986359375 0.5632004046875 0.643447875 0.5530601265625 0.6463784828125 0.5418961671875 0.6447408421875 0.5196991468750001 0.63271251875 0.5110188578125 0.625388184375 0.5211482281250001
3 0.5143146359374999 0.496416296875 0.50902015 0.515400478125 0.5080806046874999 0.5331973624999999 0.5139568375 0.5475414390625 0.5264161515625 0.5451014 0.532490675 0.5349938453124999 0.5353243265625001 0.518275178125 0.5337060765625 0.49718909843750003 0.52476349375 0.48623238750000003 0.5143146359374999 0.496416296875
3 0.5475615828125 0.5747368749999999 0.5488113921875 0.574715059375 0.5631066359375 0.5700204125 0.568633821875 0.564367534375 0.57283363125 0.554292703125 0.5707843921875 0.5443269500000001 0.568851503125 0.5410268453125 0.5544593015625 0.5401667828125001 0.5475077828125 0.5358430015625 0.533798659375 0.5383048546875 0.5313959984375 0.5439031953125 0.53293668125 0.5605455078125 0.5412737515625 0.5726240671875 0.5475615828125 0.5747368749999999
3 0.5367593015625001 0.6004848765624999 0.5393752703125 0.6071068984375 0.541913671875 0.60928515 0.5400971328125 0.6126506984375 0.5451157624999999 0.613674378125 0.5457600593749999 0.6147744140625 0.546365571875 0.6136525625 0.5513648109375 0.6135653 0.558786103125 0.608990640625 0.5618330609375 0.6044923359375 0.564177546875 0.59556116875 0.5644340125 0.5744423656250001 0.56314541875 0.5722422968750001 0.5581461812499999 0.5723295578125 0.5556853453125 0.5745950734374999 0.54256234375 0.5748241375 0.541918046875 0.5737241015625 0.53816861875 0.5737895484375 0.53455493125 0.5816315875 0.5334214703125 0.5883190546875 0.5334990359375 0.592762821875 0.5354901 0.5993957515624999 0.5367593015625001 0.6004848765624999
3 0.665528475 0.6004597625 0.6610959671875001 0.5972032921875 0.6443398859375 0.604163453125 0.6436524328125001 0.6364025828125001 0.65062334375 0.64183730625 0.656872390625 0.6417282296875 0.6575166875 0.6428282640625 0.6648991953125 0.6360317203125 0.6666187781249999 0.6271114609375 0.665528475 0.6004597625
3 0.6171261984374999 0.6924296171875 0.6249978703125 0.6778455734375 0.626053765625 0.6667143390625 0.6201969234375 0.6534812062500001 0.606352059375 0.6481664671875 0.5928368515625 0.6617377390625 0.589983809375 0.677345465625 0.590763846875 0.68622209375 0.5946878 0.6961551234375001 0.6003507265625 0.6982788375 0.603787703125 0.69821884375 0.6171261984374999 0.6924296171875
3 0.645531521875 0.6008088109374999 0.6461758171875001 0.6019088453125 0.6567216328125001 0.597279646875 0.6597298078125 0.5905594562500001 0.6601995796875 0.5816610125 0.6531704953124999 0.5728934640625 0.6498908390625 0.5640604687499999 0.6422950234375 0.5586366515625001 0.6324128953125 0.5654768265625 0.63059635625 0.568842375 0.6307514875 0.5777299109375 0.6334450234375 0.5887956984375 0.6392436906250001 0.5986960046875 0.645531521875 0.6008088109374999
3 0.5172471359374999 0.628607471875 0.5191218515625 0.6285747500000001 0.526562534375 0.62511103125 0.5295901 0.6195017828125 0.529846565625 0.598382978125 0.5291053109375 0.591728234375 0.519557215625 0.5818933734375 0.516941246875 0.5752713546875 0.515827178125 0.5830697625 0.5034260390624999 0.588842628125 0.5022537953125 0.5933082093750001 0.5030338328124999 0.6021848375000001 0.5096319296875 0.6220727140625 0.5172471359374999 0.628607471875
3 0.62619825625 0.6033688359375 0.604912709375 0.6015178156250001 0.597118603125 0.620545628125 0.6017256359375 0.633800578125 0.607349778125 0.6337024078125 0.6265085203125 0.62114390625 0.630083425 0.61107998125 0.62875605 0.6066580312500001 0.62619825625 0.6033688359375
3 0.6316090921875 0.5910503046875 0.6286828578125 0.5666532156249999 0.62169255625 0.5601075484375 0.608588946875 0.561447553125 0.6043697453125 0.5704114421875001 0.605968603125 0.59038658125 0.6098537734375 0.5980977281250001 0.61868000625 0.6023887859375 0.6218045296875 0.602334246875 0.6286397 0.599992378125 0.6316090921875 0.5910503046875
3 0.5066368796875 0.5221097593749999 0.511873190625 0.49979275312500004 0.5036330796875 0.4932689015625 0.498439925 0.4822467453125 0.48679943281250004 0.49578529531250004 0.48056540156249994 0.5325663625 0.48191216875 0.53809925625 0.48570038125000004 0.54025569375 0.49069961875 0.5401684312499999 0.5005623546875 0.5322173140625 0.5066368796875 0.5221097593749999
3 0.600232484375 0.5482580515625 0.6011138546875 0.527128340625 0.5978923734375 0.5216281687500001 0.5822697531250001 0.5219008625 0.5754539750000001 0.5253536750000001 0.5750229859375 0.5364740015625 0.5770528328125 0.5453288140625 0.5859372406250001 0.552952696875 0.58718705 0.55293088125 0.5971661359375 0.551645415625 0.600232484375 0.5482580515625
3 0.5835258296875 0.629673134375 0.5734303953125 0.62429295 0.5710859078125 0.6332241140625 0.573915184375 0.6520664953125 0.5865878046875 0.6618468171874999 0.5915870421875 0.6617595546875 0.60314996875 0.6437772390625 0.6036973078125001 0.6393225625000001 0.5947159421875 0.62614396875 0.5835258296875 0.629673134375
3 0.671337784375 0.6825931093750001 0.6649529953125 0.67492559375 0.6551096515625 0.683987653125 0.649446725 0.6818639375 0.6443117453125 0.6741746078124999 0.6424758140625 0.6764292140625 0.6409113640624999 0.6942370078125 0.6429412109375 0.7030918203125001 0.6512394984375 0.712948496875 0.6618047046875 0.7094302375 0.670340065625 0.69705716875 0.671337784375 0.6825931093750001
3 0.9096892499999999 0.7651125359375001 0.8872508515625 0.7688380421875001 0.8805126390625 0.7767346203125001 0.87818754375 0.786776728125 0.8784396343750001 0.8012189734374999 0.8893344984375 0.8165867265625 0.8968915296875 0.8197886609375 0.9074567375000001 0.8162704015625 0.9172419062499999 0.8038755171874999 0.9167765093750001 0.7772129109375 0.9096892499999999 0.7651125359375001
3 0.8391719640625 0.7718998234375001 0.8218103703124999 0.7799818328125 0.817668734375 0.7933894890625 0.822353334375 0.81108820625 0.8375255734374999 0.820824896875 0.8499267109374999 0.8150520312499999 0.8547708171874999 0.8060772343749999 0.8537774734375001 0.784980246875 0.8486424937500001 0.777290915625 0.8391719640625 0.7718998234375001
3 0.6304499734375 0.48883274375 0.62308685625 0.49674023125 0.610041421875 0.5014130609375 0.604025071875 0.5148534421875001 0.6041220296875001 0.52040815 0.6098819140625 0.5280865734375 0.6230243062499999 0.528968453125 0.6345290578125 0.507653309375 0.6343933171875 0.49987671562499997 0.6304499734375 0.48883274375
3 0.5505178500000001 0.6724779437499999 0.539797509375 0.6671086671875 0.5274933296875 0.678436240625 0.5193695671875 0.6785780421875 0.51823610625 0.685265509375 0.5228625296875 0.6996313984375 0.5291697531249999 0.702855146875 0.5453784953125 0.7003496609375001 0.55145301875 0.69024210625 0.552489521875 0.67799993125 0.5505178500000001 0.6724779437499999
3 0.5535066328125 0.6646468125 0.55506670625 0.6824000671875 0.5597319140625 0.698987840625 0.5703940796875 0.7010242921875001 0.577054725 0.688683946875 0.57672506875 0.669797934375 0.5701269718749999 0.6499100578125 0.5638779234375 0.6500191359375 0.5535066328125 0.6646468125
3 0.5503583421875 0.6991514578125 0.5476216484374999 0.7214248328124999 0.55150681875 0.72913598125 0.567948259375 0.7399617968750001 0.5747640374999999 0.7365089874999999 0.57521441875 0.726499603125 0.56814655 0.7155101687500001 0.5641838140625001 0.703355253125 0.5503583421875 0.6991514578125
3 0.8467890625000001 0.921789715625 0.8433736656249999 0.905180125 0.8363057968750001 0.8941906921875 0.82870998125 0.888766875 0.8199613140625001 0.8889195828125 0.8101179703125 0.8979816421875 0.8092559921875001 0.920222296875 0.8169875484375 0.93342270625 0.8314961000000001 0.940948421875 0.8408696718750001 0.9407848046874999 0.8463774656249999 0.9340209828124999 0.8467890625000001 0.921789715625
3 0.9592225031250001 0.845371396875 0.9597116671875 0.8375838968749999 0.9564901859375 0.832083725 0.9402038781250001 0.83014544375 0.9352822046875 0.8346764734375001 0.9299295437499999 0.8503278296874999 0.9231719406250001 0.8571134656250001 0.9214135750000001 0.8638118406249999 0.9241071109375 0.874877628125 0.9279147140624999 0.8781450078124999 0.9428348625 0.873439453125 0.9477565359375 0.8689084250000001 0.9592225031250001 0.845371396875
3 0.8730569390625 0.7435263484375 0.8635282343749999 0.7348024296875 0.8555789953125 0.7449427078124999 0.851398578125 0.75612848125 0.8561995265625001 0.7804928484375 0.860181653125 0.7937587046875 0.8652584578125 0.7981152093749999 0.8720548453125 0.79355145625 0.8762158718749999 0.7812547421875 0.8763172046875001 0.751248403125 0.8730569390625 0.7435263484375
3 0.6597341828125 0.554998409375 0.6586201140625 0.5627968171875 0.66525699375 0.584906578125 0.672189121875 0.5881194171875 0.6846096515625 0.5834574953125 0.6864649734375 0.58231383125 0.68445451875 0.5745699609375 0.669519353125 0.542603525 0.6597341828125 0.554998409375
2 0.5483353515625 0.475819415625 0.542905125 0.48702700468750004 0.5431766062500001 0.502580190625 0.5496001781250001 0.5124695890625001 0.5565516984375 0.516793371875 0.56844428125 0.5176970671875 0.576257778125 0.4997801953125 0.5766693765625 0.487548928125 0.5650914328125001 0.4688592546875 0.5483353515625 0.475819415625
2 0.6163186109375001 0.43129282812499997 0.6146809703125 0.40909580625 0.6044885765625 0.39816091249999996 0.60011424375 0.39823726718749997 0.59042603125 0.4161868609375 0.5839786921875 0.44074756718749997 0.58296158125 0.45410068593749997 0.588115953125 0.4629009578125 0.5968840125 0.46385919218750005 0.6012195625000001 0.46156095312499995 0.6127243140624999 0.4402458109375 0.6163186109375001 0.43129282812499997
2 0.56304656875 0.423332453125 0.5626587375 0.40111361562500003 0.5518220484375 0.3890786859375 0.5427049421875 0.3681235 0.5383306078125 0.3681998546875 0.5309868828125001 0.3772182828125 0.5292285171875 0.38391665625 0.5309243328125001 0.40944650468750005 0.537013875 0.436010940625 0.541543340625 0.444822121875 0.5503501828124999 0.4480022375 0.55714656875 0.443438484375 0.56304656875 0.423332453125
2 0.62142355625 0.36563818124999997 0.623181921875 0.35893980625 0.6235547359375 0.3444866546875 0.620178121875 0.3300989484375 0.6137933328125 0.32243143124999996 0.603756071875 0.320384071875 0.5950461875 0.3227586640625 0.585847140625 0.3329207578125 0.5812163406249999 0.3541159171875 0.585842765625 0.36848180625000004 0.597381925 0.3849495953125 0.6036309734375 0.38484051875 0.6104079687499999 0.379165821875 0.62142355625 0.36563818124999997
2 0.5649018921875 0.4221887875 0.56087660625 0.44226209531249994 0.572198084375 0.482070571875 0.5803606296875 0.48415065625000003 0.5882129109374999 0.46845566875 0.5816729890625 0.45190061718749996 0.5832568296875 0.435203765625 0.569862346875 0.41987964218749996 0.5649018921875 0.4221887875
2 0.5571490515625 0.264522303125 0.5456443 0.285837446875 0.5465794703125 0.3036016078125 0.5569269953125 0.32342403750000004 0.5774518953125 0.31750937343749996 0.58604543125 0.3084691296875 0.5883123515625 0.29509419531250003 0.586674709375 0.272897171875 0.572107984375 0.2620386328125 0.5571490515625 0.264522303125
2 0.557803990625 0.337855375 0.544719771875 0.340306321875 0.54235589375 0.3481265453125 0.5432328890625 0.36255788125 0.548561784375 0.38135663124999997 0.562581171875 0.39666984843750003 0.5737131093750001 0.38980785625 0.5740083578124999 0.37091093750000004 0.5622946734375 0.344444671875 0.557803990625 0.337855375
2 0.49776997031250003 0.37224168281250003 0.49159848906250003 0.3767945296875 0.4813241546875 0.3969769140625 0.4797984890625 0.41700659218749997 0.4831557109375 0.4302833546875 0.48700209843750003 0.43577261875 0.49071274374999996 0.43348528750000004 0.5003815640625 0.41442475156249997 0.5068870765625 0.3931968703125 0.5027885999999999 0.37326536250000003 0.49776997031250003 0.37224168281250003
2 0.6277608125 0.44220590781249997 0.618837621875 0.4323601390625 0.6030748859374999 0.46041728906249996 0.6041651875 0.48706898593750003 0.610588759375 0.49695838593749997 0.61996233125 0.49679476874999995 0.627892178125 0.48554354999999993 0.6301591 0.47216861562499995 0.62742678125 0.45888094375 0.6277608125 0.44220590781249997
2 0.6511368640625 0.27732838437499996 0.6410220375 0.27083725625 0.6282868671874999 0.29328515781250003 0.6267999843750001 0.31553671875 0.632579259375 0.324326084375 0.64568286875 0.32298607968750004 0.663242753125 0.29045243906249996 0.6643180390625 0.280432146875 0.66238515 0.27713204375 0.6511368640625 0.27732838437499996
2 0.6745341984375 0.2569169359375 0.6735020703125 0.2335980640625 0.6708861015625 0.22697604375 0.663915190625 0.22154131875 0.6564163328125 0.2216722109375 0.6477646234375001 0.2273796296875 0.6423150046874999 0.23747627656249998 0.6400480843749999 0.25085121093749996 0.6422524546874999 0.2697044984375 0.6498676624999999 0.2762392578125 0.6623463671875001 0.2749101609375 0.669728875 0.268113615625 0.6745341984375 0.2569169359375
2 0.617566528125 0.2879158796875 0.596808928125 0.2804992421875 0.58893725625 0.2950832875 0.5904197640625 0.308392775 0.596199040625 0.317182140625 0.6137351578125 0.31909860624999997 0.6205315437500001 0.31453485468750003 0.6235591109375 0.30892560625 0.6233651953125 0.2978161875 0.617566528125 0.2879158796875
2 0.596479271875 0.2616132296875 0.5967119703125 0.27494453281250003 0.6005971406249999 0.2826556796875 0.6263733703125001 0.291095996875 0.6319005546875001 0.28544311875 0.631648465625 0.271000871875 0.6226477078125 0.25671133749999997 0.6050340234375 0.250351103125 0.596479271875 0.2616132296875
2 0.6299764156250001 0.21102091875 0.6111904874999999 0.2091262671875 0.6056245203125 0.2125572625 0.6026357359375 0.2203883953125 0.6029460015625 0.23816346562500001 0.6049176734375 0.24368545312499998 0.6188594953125001 0.2545549 0.6294634859375 0.2532585265625 0.6385074015625001 0.2342088984375 0.6363612046875 0.21868843437500002 0.6299764156250001 0.21102091875
2 0.537281571875 0.164853859375 0.52484165 0.16840483906249998 0.5199587609375 0.17515775312499998 0.51644203125 0.1885545015625 0.5180021046875 0.20630775625000003 0.5245226359374999 0.22175186406249997 0.5289357515625001 0.22389739375 0.5418842296874999 0.213669853125 0.5466313765625 0.1991403484375 0.5462629375 0.1780324515625 0.537281571875 0.164853859375
1 0.3327068921875 0.29844452499999996 0.3255614578125 0.2830113234375 0.3100551875 0.2899496703125 0.3070857953125 0.29889174375 0.306674196875 0.3111230125 0.31711867968749996 0.33650015 0.3323490953125 0.34956966718750004 0.3360985234375 0.349504221875 0.3434228578125 0.3393748515625 0.34028331562499997 0.3027574 0.3327068921875 0.29844452499999996
1 0.42726580937499997 0.27234582500000004 0.41632778750000005 0.290317234375 0.4191570640625 0.309159615625 0.43706162031250007 0.332183978125 0.4433494515625 0.334296784375 0.4489154203125 0.3308657890625 0.4548735953125 0.31409258281249997 0.45388025 0.29299559531249997 0.4429853875 0.277627840625 0.42726580937499997 0.27234582500000004
1 0.351065615625 0.598169771875 0.34964128125 0.5881931093749999 0.33345193125 0.5918095359375 0.3190015546875 0.587616646875 0.316167903125 0.6043353140625001 0.319563909375 0.6198339625 0.3265542125 0.626379628125 0.33842740312499997 0.6261723796875 0.35131770625000003 0.612612015625 0.35487321875 0.60143715 0.351065615625 0.598169771875
1 0.363520553125 0.6312907796875 0.35254374843749997 0.6470403046875 0.35904488749999997 0.6613734734375 0.37304488281250003 0.675575746875 0.3806213078125 0.679888621875 0.38749526093750003 0.6797686359374999 0.3899173125 0.6752812375 0.3895488734375 0.654173340625 0.374768840625 0.631094440625 0.363520553125 0.6312907796875
1 0.3460382359375 0.6682681875 0.34637226718749997 0.6515931515625 0.3357488859375 0.6517785828125 0.33061390625 0.6440892515625001 0.334755540625 0.6306815953125 0.32237379375 0.6375654 0.3157325390625 0.6510166890625 0.3165513609375 0.6621152 0.3243217 0.6775374921874999 0.33066770624999997 0.682983125 0.33502264843749996 0.6817958296875 0.33488690625 0.6740192359375 0.3460382359375 0.6682681875
1 0.29841906875 0.2679271703125 0.292973825 0.24246277031250002 0.2834451203125 0.2337388515625 0.2753213578125 0.23388065156249999 0.26860253749999996 0.242888171875 0.266902346875 0.252919371875 0.2685787703125 0.277338278125 0.2738882734375 0.2950260859375 0.288982946875 0.3003190109375 0.2945101328125 0.2946661296875 0.29808503750000004 0.28460220625 0.29841906875 0.2679271703125
1 0.371112584375 0.350004328125 0.3599418640625 0.35464443437500004 0.3569336890625 0.361364625 0.356032928125 0.3813833953125 0.36569737343750003 0.3978839078125 0.38202246406249996 0.4020440734375 0.3899910953125 0.39301473593749997 0.39100820625 0.37966161875000004 0.3856211359375 0.35753004375 0.371112584375 0.350004328125
1 0.40285136406250005 0.306110390625 0.3981473734375 0.287300734375 0.39240688125 0.280733253125 0.38494680625 0.2830860296875 0.37576715 0.2943590640625 0.3759179078125 0.3388076484375 0.3740819765625 0.3410622546875 0.3867158125 0.34862069375 0.394820184375 0.34736795 0.399097559375 0.34173688593749996 0.4024591578125 0.3194526015625 0.40285136406250005 0.306110390625
1 0.4305561078125 0.353411859375 0.42788196406249995 0.3434570125 0.418411434375 0.3380659203125 0.4121623859375 0.3381749984375 0.39671429062499997 0.34844616875 0.3912646703125 0.358542815625 0.39077550625 0.366330315625 0.39227740624999996 0.38075074531249997 0.401825503125 0.39058560625 0.4235614296875 0.382427240625 0.42959717187499996 0.370097803125 0.4305561078125 0.353411859375
1 0.3147154296875 0.6643698062500001 0.3132910953125 0.6543931453125 0.2915357765625 0.66144056875 0.29356562343750003 0.67029538125 0.2932897671875 0.6903032421875 0.3043009796875 0.7123366484375 0.31304964687500003 0.7121839390625 0.3191435625 0.7031873265625 0.3208825359375 0.6953780093749999 0.32121656718749997 0.678702975 0.3147154296875 0.6643698062500001
1 0.392373775 0.7085767703125 0.40071084375000005 0.7206553312499999 0.4119979140625 0.722680875 0.425004565625 0.715786159375 0.4291655921875 0.7034894453125 0.42899106875 0.69349096875 0.41151312500000004 0.6949073265625 0.397179096875 0.6973800906250001 0.392373775 0.7085767703125
1 0.42914868281249996 0.5234623218750001 0.43152757812500003 0.5523140875 0.44054772656249996 0.567714565625 0.44798841093749997 0.5642508453125 0.45281312500000004 0.5541651062499999 0.4538884109375 0.5441448140625 0.4410024828125 0.5221441328124999 0.43280115468749997 0.5178421656250001 0.42914868281249996 0.5234623218750001
1 0.464921496875 0.38837298124999997 0.44113633124999996 0.38656559218750003 0.43387017187500004 0.4000277875 0.43168081875000003 0.41784648906250005 0.43367188125 0.424479415625 0.4406427921875 0.42991414062500005 0.4600148421875 0.42957599999999996 0.4661669328125 0.4239122125 0.47341369999999994 0.4093390765625 0.47323917499999996 0.39934059843749997 0.464921496875 0.38837298124999997
1 0.477762375 0.30035769375 0.4694834796875 0.291611959375 0.45942682812499996 0.2884536578125 0.4569034421875 0.3229473953125 0.4635791046875 0.3472790390625 0.4699251109375 0.3527246703125 0.4792986828125 0.3525610546875 0.48418157187500005 0.3458081421875 0.48711217968750004 0.3346441828125 0.48615761874999996 0.3157690796875 0.477762375 0.30035769375
1 0.30219604843750003 0.5201218875 0.2953027046875 0.5191309296875 0.29059871406250004 0.5003212718750001 0.287474190625 0.5003758109375 0.2719873109375 0.508425096875 0.2659709609375 0.521865478125 0.265598146875 0.5363186296875 0.271435596875 0.5484408203125 0.280847953125 0.5504990890625 0.2888941484375 0.5459135203125001 0.301101371875 0.5290312375 0.30219604843750003 0.5201218875
1 0.49278953281250004 0.6957112046875 0.48556215781249995 0.7113952828125 0.48511177656250004 0.7214046671875 0.4870834484375 0.7269266546875001 0.5004585406250001 0.741139834375 0.5029775515625 0.7422071453125 0.5127433296875 0.7287013203125 0.511144471875 0.7087261812500001 0.5002690000000001 0.6944693671875 0.49278953281250004 0.6957112046875
1 0.408294715625 0.18821965937500001 0.39267209531249997 0.18849235312499998 0.384253084375 0.2075310734375 0.38583255 0.22639526875 0.40426505468749996 0.24385401406249999 0.414244140625 0.24256854843750003 0.42453786562499995 0.2234971046875 0.42498824687500003 0.2134877203125 0.421650415625 0.20132189843749998 0.408294715625 0.18821965937500001
1 0.25206544062499997 0.6921340953125 0.25810118125 0.6798046578125 0.2586097375 0.6731280984375 0.2545306515625 0.6543075328125 0.24076335468750001 0.6534365609375 0.23371487656249998 0.6435580703125 0.2299654484375 0.6436235156250001 0.226312978125 0.649243671875 0.22293198749999998 0.670417015625 0.223692634375 0.6781827 0.23394320156249998 0.6924504203125 0.24089472031249998 0.6967742015625 0.24712437656250003 0.6955541828125 0.25206544062499997 0.6921340953125
1 0.45632737187499994 0.719684540625 0.44855265781250003 0.7398232953125 0.43622908593750004 0.7500399265625 0.4408942921875 0.7666277015625 0.44407699218749996 0.7699059874999999 0.45835284375 0.7641004 0.4656577859375 0.7528600875 0.46778896562499994 0.7317085609375 0.4600768015625 0.71961909375 0.45632737187499994 0.719684540625