1 0.3103670578125 1 0.325012496875 0.9588067171875 0.3112343984375 0.91521985625 0.286816690625 0.8919155703125 0.259766690625 0.89975296875 0.25201708125 0.9133904515625 0.268547115625 0.9841018578125 0.28363629375 1 0.3103670578125 1
1 0.1679955015625 0.85151186875 0.163936628125 0.7939402296875 0.1400435375 0.77361119375 0.1175862375 0.7959775453125 0.10812471562499999 0.8344589156250001 0.11691434999999999 0.8727898703125 0.144222053125 0.8894490640624999 0.1679955015625 0.85151186875
1 0.1291554359375 0.7233792390625 0.1483269734375 0.7169310265625 0.159362346875 0.6873754046875 0.14663348125 0.64973904375 0.11880115937499999 0.6301046 0.0991050046875 0.6335775625 0.0909596296875 0.656488090625 0.1007984984375 0.7007695453125 0.1291554359375 0.7233792390625
1 0.1799696734375 0.72362258125 0.1925696875 0.7490106453125 0.202022 0.7565472093750001 0.22999238281249998 0.7424120140625 0.23538582031250002 0.6923769390625 0.22252810312500002 0.6424922828125 0.210581559375 0.6323277640625 0.19285501875 0.63545343125 0.17407003593749998 0.6786465328125 0.1799696734375 0.72362258125
1 0.2338211796875 0.6374332546875 0.26428579375 0.6259260109375 0.27873578125 0.5927005484375 0.266006915625 0.5550641875 0.24066882656250002 0.5380576968749999 0.2136188265625 0.545895096875 0.19956460468749998 0.5698475140625 0.20743385781249998 0.6144762640625 0.2338211796875 0.6374332546875
1 0.226430496875 0.8258694312499999 0.2286578171875 0.850018728125 0.2421782125 0.8691089953125 0.2643686 0.8682639859375 0.276057440625 0.8539319125 0.2834204953125 0.803549540625 0.2706916296875 0.76591318125 0.25480585312500004 0.7564432546875001 0.23760393125 0.7625441703125 0.22893393906249998 0.7824794500000001 0.226430496875 0.8258694312499999
1 0.11611361093749999 0.9373539 0.13908631875 0.9639807312500001 0.163246321875 0.9627884265625 0.181110921875 0.9258931203125 0.1754689890625 0.9054136640625 0.1580093625 0.8870179890625 0.13489859375 0.894160796875 0.11993319843750001 0.8783930734375 0.106799359375 0.8960476953125 0.11611361093749999 0.9373539
1 0.287829165625 0.42543841718750003 0.30660493906249997 0.42826325 0.324598390625 0.403616240625 0.3202726046875 0.36756594374999996 0.299140659375 0.32834351875 0.2719618078125 0.323932621875 0.2523945046875 0.33965388124999996 0.2592145234375 0.37833213125 0.287829165625 0.42543841718750003
1 0.38292295468750004 0.2736896359375 0.4043218109375 0.29139071875 0.430322578125 0.27760281875000004 0.4288867890625 0.23490743125 0.40500290781250003 0.168560459375 0.3782198203125 0.1548765140625 0.36180021875 0.188449275 0.3671752390625 0.2304500703125 0.38292295468750004 0.2736896359375
1 0.41944368593750003 0.1813529296875 0.44320792343750004 0.1894336703125 0.4667144578125 0.1730178171875 0.46619905 0.12402463125 0.440732109375 0.0947698453125 0.404229796875 0.0950706796875 0.39122480937500004 0.12497359687500001 0.3959463609375 0.151750846875 0.41944368593750003 0.1813529296875
1 0.2915475296875 0.2161754890625 0.31137253593750003 0.22495082187499998 0.338947153125 0.2200886734375 0.3506359953125 0.2057565984375 0.357603284375 0.164647275 0.33699595625 0.1284000984375 0.31428095312500004 0.126269859375 0.289458271875 0.158256553125 0.28236212968749996 0.1871175828125 0.2915475296875 0.2161754890625
1 0.393129959375 0.44675184999999995 0.419259578125 0.445212246875 0.4365995625 0.405341690625 0.4274141625 0.37628378281249997 0.40457030625 0.36190524687500003 0.3710868421875 0.367809284375 0.364386465625 0.3873972671875 0.3712064859375 0.42607551718750003 0.393129959375 0.44675184999999995
1 0.5646521203125 0.901213015625 0.571352496875 0.881625034375 0.5671555609375 0.8578230343750001 0.5422132375000001 0.8315434968750001 0.511214796875 0.8860934234375 0.5126505875 0.9287888125 0.5285363624999999 0.9382587375 0.5646521203125 0.901213015625
1 0.4837598234375 0.9492218046875 0.5038517437500001 0.9364757953125 0.5109478843749999 0.9076147671875001 0.50123786875 0.875581609375 0.478918628125 0.864178321875 0.458826709375 0.8769243343750001 0.450681334375 0.8998348609375 0.45448250312500005 0.9329099078124999 0.4837598234375 0.9492218046875
1 0.4549427328125 0.6015113125 0.4760838875 0.5947158031249999 0.4842292625 0.571805275 0.47294539531249996 0.530846365625 0.44603345625 0.5049141265625 0.42384306875 0.5057591359375 0.41766730937499996 0.5283223671874999 0.4219930953125 0.5643726640625 0.4549427328125 0.6015113125
1 0.46480922968750005 0.507738959375 0.485563828125 0.4641985609375 0.47034072968749996 0.4239342453125 0.4494664890625 0.40920841250000006 0.41400420000000004 0.46147768281249996 0.42226921875 0.4968333859375 0.45693076718750003 0.50912814375 0.46480922968750005 0.507738959375
1 0.4079849203125 0.3582354046875 0.42636492812500004 0.3703332828125 0.43896494218750004 0.3957213484375 0.46194685937499996 0.37633024531250003 0.46799376718749996 0.3415187171875 0.46025336718750004 0.3091382640625 0.4383298921875 0.2884619296875 0.41429874062499994 0.3019025328125 0.40483721875 0.340383903125 0.4079849203125 0.3582354046875
1 0.36570261249999997 0.3718264234375 0.39511799375 0.35436868125 0.4037879859375 0.3344334046875 0.393553353125 0.299424996875 0.37714295937500003 0.28697982031249997 0.35206257500000004 0.2944699234375 0.334069121875 0.319116934375 0.3473226046875 0.35972854375 0.36570261249999997 0.3718264234375
1 0.32103650625 0.4870736578125 0.3138115140625 0.5036863890625 0.3189288296875 0.5211905921875 0.338358071875 0.5392389734374999 0.3639630734375 0.5347241203124999 0.3723753609375 0.49029224843749997 0.3558453265625 0.419580840625 0.32472724375 0.4158645359375 0.3088322578125 0.45241254687500004 0.32103650625 0.4870736578125
1 0.362214325 0.7436397515625 0.37941624687500003 0.7375388328125 0.3894023859375 0.7020327125 0.38415621718750004 0.6722802140625 0.35579927968749997 0.64967051875 0.3267796640625 0.6578552140625 0.3166646734375 0.6811130390625 0.3219108421875 0.7108655390624999 0.362214325 0.7436397515625
1 0.3955781453125 0.6794694812500001 0.41133507031249994 0.6766911109375 0.426438525 0.6586891921875 0.4155504234375 0.6084572406250001 0.3979619453125 0.5778132671875 0.3766919390625 0.5723604812499999 0.363162334375 0.5992881484375 0.36853735468750004 0.6412889453124999 0.3955781453125 0.6794694812500001
1 0.328298259375 0.942888578125 0.3363055734375 0.9537476890625 0.379765965625 0.958355465625 0.389356340625 0.9321223906249999 0.388049403125 0.9016752984374999 0.3719059234375 0.8677087796875 0.33973860624999996 0.8580419750000001 0.32817861718749997 0.8846223468750001 0.326070940625 0.91873928125 0.328298259375 0.942888578125
1 0.3749239015625 1 0.372669825 0.9872164937499999 0.3611190453125 0.967778928125 0.3294763453125 0.9610873734375 0.3171377734375 1 0.3749239015625 1
1 0.2374475296875 0.2318502875 0.23982211874999998 0.17621200937499998 0.2221047890625 0.13331974062500002 0.19440131875 0.12593359375 0.182445565625 0.1617870109375 0.1979263671875 0.22654791875 0.21827599062499997 0.23829850156250001 0.2374475296875 0.2318502875
1 0.179445134375 0.0641479359375 0.1650043578125 0.0513554640625 0.1433385875 0.055175723437500004 0.131778596875 0.0817560953125 0.145289784375 0.14686429843749998 0.15920594375 0.1566815203125 0.1823167140625 0.149538715625 0.1916493828125 0.0988090484375 0.179445134375 0.0641479359375
1 0.1226852125 0.2490182265625 0.1497352125 0.2411808265625 0.1640563484375 0.1957070671875 0.1603840296875 0.1748803171875 0.1443694015625 0.1531620953125 0.104056709375 0.16640581875 0.089477871875 0.1873829859375 0.0957732734375 0.2230859859375 0.1226852125 0.2490182265625
1 0.1365737453125 0.39688925468749997 0.1470845015625 0.364358384375 0.14039333437499998 0.3379284296875 0.12056832656250001 0.329153096875 0.07644525625000001 0.3553397109375 0.082216040625 0.388067459375 0.10912797968750002 0.4139997 0.1365737453125 0.39688925468749997
1 0.0765464796875 0.5056418125000001 0.103200715625 0.5070774609375001 0.1134445578125 0.4960679328125 0.1072872171875 0.4265952921875 0.09127258906249999 0.40487707031250003 0.0656675875 0.40939192343749997 0.05318721562499999 0.442270090625 0.0605318515625 0.483923590625 0.0765464796875 0.5056418125000001
1 0.0935919234375 0.62534640625 0.1118430796875 0.6251959890625 0.1278669171875 0.6008962765625 0.1260353625 0.56747393125 0.1089715 0.5398052109375 0.07588380156249999 0.536436203125 0.0677384265625 0.55934673125 0.073113446875 0.6013475265625 0.0935919234375 0.62534640625
1 0 0.3669161015625 0.013546412499999999 0.378701490625 0.031668715624999996 0.3663027765625 0.0440202359375 0.3211763125 0.0332609859375 0.28319265625 0.01383174375 0.26514427500000004 0 0.276814875 0 0.3669161015625
1 0 0.2554159984375 0.004904046875 0.2605829609375 0.03300328125 0.2586960625 0.0533621140625 0.224428709375 0.0426028640625 0.1864450515625 0.0326259359375 0.1759332390625 0.005575934375 0.1837706359375 0 0.194662228125 0 0.2554159984375
1 0.2598679921875 0.393555678125 0.245040659375 0.34401831562499996 0.227709884375 0.3378709375 0.19383065625 0.35304802031250004 0.18279528437499998 0.3826036421875 0.18554722031249998 0.4097281890625 0.21495339218749998 0.43828838281250004 0.2598679921875 0.393555678125
1 0.22416641875 0.3292924828125 0.220236396875 0.283969140625 0.2012029203125 0.2566477140625 0.172054453125 0.2525841140625 0.1639090765625 0.2754946421875 0.1698087140625 0.32047068749999996 0.1868725765625 0.3481394109375 0.22416641875 0.3292924828125
1 0.21650882343750003 0.539250003125 0.26088959843750004 0.537559984375 0.267194209375 0.5272450484375 0.260374190625 0.4885667984375 0.23845071718750002 0.46789046562500003 0.20785725 0.46714941093749995 0.1923580296875 0.494424375 0.1940607328125 0.5155984218749999 0.21650882343750003 0.539250003125
1 0.154134596875 0.5655870328125 0.18380768125 0.5726258843750001 0.20377074843749998 0.5476315781250001 0.1894680328125 0.5010694671875 0.173978021875 0.48232649531250005 0.142335321875 0.475634940625 0.129330334375 0.5055378593750001 0.1310330359375 0.5267119046875 0.154134596875 0.5655870328125
1 0.20092672031249997 0.9806863874999999 0.21274441249999998 0.978602609375 0.2341524796875 0.9502857562499999 0.24216900312499998 0.9151269328125 0.23403283749999998 0.892019525 0.21657321093749998 0.8736238484375001 0.1813778359375 0.9043717750000001 0.1790032453125 0.9600100546875 0.20092672031249997 0.9806863874999999
1 0 0.5181657375000001 0.03558031875 0.5036619906250001 0.040835696875 0.4873965546875 0.02810683125 0.44976019375 0 0.433530328125 0 0.5181657375000001
1 0.034098484375 0.691056278125 0.03960235625 0.745305371875 0.050232754687500006 0.77104073125 0.0680881453125 0.7801633609375 0.0940889125 0.7663754625 0.0988196734375 0.7471347781250001 0.0919996546875 0.7084565265625 0.0799242578125 0.6860437125 0.05708040156250001 0.6716651765625 0.039878478125 0.6777660921875001 0.034098484375 0.691056278125
2 0.6438141640625 0.3135845921875 0.64564571875 0.347006934375 0.6732111265625 0.3881627203125 0.70537844375 0.397829525 0.7284892125 0.39068671875 0.7342692078125 0.3773965328125 0.7292899515625 0.3261226921875 0.7157695562499999 0.307032421875 0.678613775 0.2921097109375 0.653533390625 0.29959981406249997 0.6438141640625 0.3135845921875
2 0.707986475 0 0.702304415625 0.011834540624999999 0.7103025203125 0.0687115875 0.72487215 0.09375235625 0.7323548468750001 0.101636215625 0.7613744625 0.093451521875 0.77123175 0.045697104687500004 0.7598499000000001 0 0.707986475 0
2 0.8418985453125 0.5731613656250001 0.855023175 0.60152468125 0.8753727984375 0.6132752625 0.9028185640625 0.5961648187499999 0.8991554562499999 0.5293201328125 0.8784192765625001 0.4808246609375 0.864503115625 0.47100743906250003 0.8448069609375001 0.474480403125 0.8318019734375 0.50438331875 0.8418985453125 0.5731613656250001
2 0.703712578125 0.1925837359375 0.7224883515625 0.1954085703125 0.7414021859375 0.16446376406250002 0.731434465625 0.1079340140625 0.7129256046875 0.0835878375 0.6927048328125001 0.08408555 0.6768098484375 0.12063356249999999 0.68769795 0.1708655140625 0.703712578125 0.1925837359375
2 0.6148221765625 0.1837154796875 0.63807100625 0.142803034375 0.6390005984375 0.090487303125 0.6269252015625 0.0680744890625 0.5972521171875 0.061035637499999996 0.57347866875 0.0989728328125 0.570321759375 0.12713926874999998 0.5801606265625 0.171420721875 0.6148221765625 0.1837154796875
2 0.6956039625 0.6879219171875001 0.702046634375 0.6438373421875 0.6679189125 0.5884999 0.6428385265625 0.59599 0.6269435421875 0.6325380125 0.6307447109375001 0.6656130578125 0.658705884375 0.6974957984375 0.6956039625 0.6879219171875001
2 0.5756323140624999 0.49126561406249997 0.58048271875 0.5302911609375001 0.5920334984375 0.549728725 0.6034554265625001 0.5569179921875 0.6206573484375 0.550817075 0.6452223265625 0.4943337875 0.6393226890625 0.4493577421875 0.62580229375 0.430267471875 0.6084715187499999 0.42412009375000004 0.5831242203125 0.45313153906250003 0.5756323140624999 0.49126561406249997
2 0.7322811734375 0.46977970156250004 0.735033109375 0.49690424687499996 0.7485535046875 0.515994515625 0.779146971875 0.5167355703125 0.798714275 0.5010143109375 0.813688878125 0.470764096875 0.81133270625 0.43436650312499997 0.795318078125 0.41264828124999997 0.7672188453125 0.41453518125000005 0.7427919281250001 0.4372488296875 0.7322811734375 0.46977970156250004
2 0.781438678125 0.8752587125 0.7857644640625 0.9113090093749999 0.7942963953125 0.9251433703125 0.812676403125 0.9372412484374999 0.8402510203125001 0.9323791 0.8594317671875 0.8799129499999999 0.8558975109375 0.8253165625 0.8453959640625 0.811829496875 0.8053501859375001 0.803551878125 0.7912959640625 0.8275042953125 0.781438678125 0.8752587125
2 0.8309184281249999 0.3266093734375 0.8653130640625 0.360425475 0.8859296015625 0.3506547140625 0.897489590625 0.32407434375 0.8911941875 0.2883713421875 0.8661230124999999 0.24984351093749999 0.8483964734375 0.25296917812499997 0.831323403125 0.2713183921875 0.825672259375 0.2968568734375 0.8309184281249999 0.3266093734375
2 1 0.82299638125 0.9935036828125 0.822527159375 0.966315621875 0.8641341984375 0.9681471765625 0.897556540625 0.9811429546875001 0.9136715593750001 1 0.9119544609375 1 0.82299638125
2 0.5773718546875 0.32836791875000004 0.5822222578125 0.3673934640625 0.602829584375 0.40364063906250003 0.6222588265625 0.42168901875 0.6483884453125001 0.4201494171875 0.6565338203125 0.3972388890625 0.6523368859375 0.3734368890625 0.624118009375 0.31705755468749997 0.60967723125 0.30426508281250003 0.5919506921875 0.30739075 0.5773718546875 0.32836791875000004
2 0.5117210734375 0.3246051515625 0.5462445609375 0.3706695484375 0.56698995 0.373147084375 0.5752733859375 0.31646691875 0.5635937546875 0.28478105781249996 0.532742584375 0.259543409375 0.5058214359375001 0.2796291046875 0.501486440625 0.28959674375 0.5117210734375 0.3246051515625
2 0.512819084375 0 0.5070547765625 0.021720287499999998 0.5094109484375 0.0581178796875 0.529493659375 0.09138980625000001 0.5478736671875 0.10348768593749999 0.574794815625 0.0834019890625 0.568637475 0.013929349999999998 0.5611327312500001 0 0.512819084375 0
2 0.724172634375 0.3086184875 0.7334960953125 0.3039067546875 0.7409880015625 0.26577268125 0.7273387546875 0.234434115625 0.7109283625 0.22198894062500002 0.6858479765625 0.2294790421875 0.6757329875 0.25273686875 0.6780891578125 0.2891344609375 0.724172634375 0.3086184875
2 0.8319124062500001 0.6086674875 0.8361185499999999 0.5864515515625001 0.8218158343749999 0.5398894390625 0.8014662109374999 0.5281388578125 0.7759900609375 0.54490200625 0.7884520140625 0.6040597109375 0.8118204859375 0.621413496875 0.8319124062500001 0.6086674875
2 0.7159443765625 0.7456904359375 0.7097686171875 0.7682536671875 0.7165886359375 0.8069319187499999 0.7440251921875001 0.8358394078125 0.779478271875 0.8295880734375001 0.796422490625 0.7989905625 0.7943240234375 0.7870895625000001 0.7704309328125001 0.7667605265625 0.7750328421875 0.7352715453124999 0.7605920640625 0.7224790734375001 0.7315724484375 0.73066376875 0.7159443765625 0.7456904359375
2 0.7231693703125 0.729077703125 0.7531093671875 0.7145952125 0.7670347375000001 0.6783944984375 0.754305871875 0.6407581375 0.736975096875 0.634610759375 0.7143889453125001 0.6447288140625 0.7023043390625 0.668333934375 0.700721278125 0.7054261203125 0.7231693703125 0.729077703125
2 0.9102368750000001 0.269674834375 0.9350595546875 0.2376881375 0.9361179984374999 0.1976207015625 0.9225976031249999 0.178530434375 0.89751721875 0.1860205375 0.87991953125 0.2013945015625 0.8703291562500001 0.227627575 0.8770203234375 0.2540575296875 0.9102368750000001 0.269674834375
2 0.9129611828125 0.4348531875 0.904291190625 0.4547884640625 0.9079635093749999 0.475615215625 0.9250273703125 0.5032839375 0.9493162249999999 0.514339928125 0.9749212265624999 0.509825075 0.9880550671874999 0.49217045312499996 0.9912119765625 0.46400401718750006 0.983600428125 0.4438718609375 0.9425054156250001 0.4296437421875 0.9129611828125 0.4348531875
2 0.929831728125 0.7723991609375 0.9549121125 0.764909059375 0.9664721015625 0.7383286874999999 0.9557128515625 0.7003450296875 0.9312951453125 0.67704074375 0.907659759375 0.6812083 0.896228621875 0.7200369671875 0.906987871875 0.758020625 0.929831728125 0.7723991609375
2 0.91279549375 0.60667663125 0.927889740625 0.6346926515625 0.9423305171875 0.6474851234375001 0.9658370515625 0.6310692703125 0.9709635765625 0.6025555390624999 0.9641435578124999 0.5638772875 0.9469508453125 0.5239602703124999 0.9181981421875 0.510623621875 0.9062423875000001 0.546477040625 0.91279549375 0.60667663125
2 0.8537990437499999 0.8134155625 0.8719121390625 0.847034784375 0.8897675296875001 0.8561574125 0.911829065625 0.8430641078125 0.9037021093750001 0.7739387640625 0.884144015625 0.7436420874999999 0.8707524718749999 0.736800115625 0.8560447812499999 0.7455289875 0.848552875 0.7836630625 0.8537990437499999 0.8134155625
2 0.6138740890625 0.9845664765625 0.6389544734375 0.977076375 0.6505144625 0.9504960046875001 0.6457929109375 0.9237187546875001 0.6233448203124999 0.9000671703125 0.5927513546875 0.8993261171875 0.5786971328125 0.9232785343750001 0.5905056156249999 0.967212690625 0.6138740890625 0.9845664765625
2 0.665507484375 0.8282099203125 0.6758801796875 0.8294486875 0.697555159375 0.7796104921875 0.70085013125 0.7176744171875 0.68929935 0.698236853125 0.65187665625 0.7048354828125001 0.6446516625000001 0.721448215625 0.645029009375 0.804211040625 0.665507484375 0.8282099203125
2 0.7028381640625 0.62529125 0.7175458546875 0.6165623796874999 0.7375181328125 0.5455501375 0.72663003125 0.495318184375 0.7077254046875 0.4802450546875 0.6885538671875 0.48669326718750006 0.6735700546875 0.5629614171874999 0.678945075 0.6049622125 0.7028381640625 0.62529125
2 0.563731815625 0.25101141718750003 0.5987891296875001 0.25403312968749997 0.6171783468750001 0.2201130734375 0.6145552624999999 0.20523682187499998 0.5718864 0.182082953125 0.5372248515625 0.1697881953125 0.5185779296875 0.179211659375 0.52789218125 0.2205178625 0.563731815625 0.25101141718750003
2 0.622811071875 0.2866104625 0.6534045374999999 0.28735151718749996 0.664172996875 0.2793172390625 0.67757375 0.2401412765625 0.67075373125 0.20146302500000002 0.6597275687499999 0.18500071093749998 0.6434460265624999 0.18480383125 0.62637295625 0.20315304374999998 0.6110025875 0.2426763046875 0.622811071875 0.2866104625
2 0.5812133921875 0 0.5788813171875 0.002919821875 0.5776940234375 0.0307389625 0.5902940359375 0.056127025 0.6429490375 0.043774775 0.6571321109375 0.032070653125 0.6647528703125001 0.006184875 0.663048984375 0 0.5812133921875 0
2 0.7611708140625 0 0.7759625109375 0.02645641875 0.8118113546875 0.0109320390625 0.8148035515625001 0 0.7611708140625 0
2 0.7701456796875 0.223818346875 0.7935233609375001 0.19515419843749998 0.79011795625 0.1528061046875 0.774756796875 0.1463114296875 0.73273219375 0.184399040625 0.7315448984375 0.21221818125 0.7440160609375 0.22535794999999997 0.7701456796875 0.223818346875
2 0.8291328421875 0.719596746875 0.8440982359375001 0.73536446875 0.8637943921875 0.73189150625 0.86222975 0.67694781875 0.8425428046875 0.634402846875 0.821797415625 0.6319253125000001 0.8120781906250001 0.6459100906249999 0.8154835953124999 0.6882581828125 0.8291328421875 0.719596746875
2 0.535788984375 0.7835922 0.5487847625 0.79970721875 0.565066303125 0.799904096875 0.5776755265625 0.7792742265625 0.5780805 0.7239832453124999 0.56482701875 0.683371634375 0.5518312390625 0.667256615625 0.5322639359375 0.6829778765625 0.52791973125 0.73896345 0.535788984375 0.7835922
2 0.492632340625 0.5733913375 0.5136354328125 0.60036546875 0.5343808218749999 0.602843003125 0.5467323421875 0.557716540625 0.53479500625 0.5015340875 0.5173353796875 0.48313841249999995 0.49133461250000005 0.49692631093750006 0.485812321875 0.5347130890625 0.492632340625 0.5733913375