2 0.267689915625 0.37780333593750004 0.275909540625 0.3851759984375 0.302883725 0.3941632203125 0.3197570953125 0.40644652812500004 0.33130698125 0.409329271875 0.361898834375 0.3977996640625 0.3798178234375 0.37895835624999996 0.3846318296875 0.3696529296875 0.39737404375 0.3549759484375 0.41329980781250003 0.322244159375 0.42415482187500003 0.2750792390625 0.4298697390625 0.23546986875 0.42863672656249996 0.22086724375000003 0.42352930000000005 0.2030428890625 0.41802442968750003 0.191071778125 0.4072694296875 0.1764825484375 0.3969138765625 0.170425640625 0.3827919390625 0.1569351078125 0.361864775 0.1532450828125 0.3336982625 0.1618175890625 0.31892814999999997 0.1735984296875 0.30057504062499996 0.19490175781250002 0.2762869484375 0.2354671203125 0.25971100625 0.279084721875 0.253706675 0.3203354375 0.2546869515625 0.33997063125000004 0.2604832390625 0.364685959375 0.267689915625 0.37780333593750004
2 1 0.22967875937499999 0.9969150578124999 0.222912140625 0.9869202703125 0.20761076875 0.9673668187500001 0.18893156718749998 0.938617471875 0.17201563749999998 0.922759053125 0.1683731828125 0.8805806359374999 0.173628821875 0.8704084703125 0.184528028125 0.8556403609375 0.21069443125 0.8492345796875 0.2290272640625 0.84579829375 0.252114640625 0.850149515625 0.29942226562499996 0.8576842875 0.32867508125 0.8808980984374999 0.3733853671875 0.908165703125 0.40950236875 0.9250023953125 0.418394453125 0.9507088921875001 0.4237733921875 0.9691006828125 0.42024684843750004 0.986622228125 0.4072587828125 1 0.3903362546875 1 0.22967875937499999
2 0.8420206640625001 0.6838510421875 0.8530650765625 0.696798925 0.8611033171875 0.7016010390625 0.88510800625 0.7058337125 0.9023768171875 0.6978782156250001 0.927390446875 0.66759505 0.94244796875 0.6397873 0.950987675 0.6057531484374999 0.9504028359375001 0.5658791515625 0.9446432281250001 0.5445550453125 0.9238934406249999 0.5146644421875 0.9123068765625 0.508390475 0.8992365687499999 0.506932015625 0.8721196812500001 0.51315103125 0.8515939671874999 0.5323788921875 0.8430155796875001 0.5486362578125 0.8369338859375001 0.5543334015625 0.8341477796874999 0.56653496875 0.8252799796874999 0.5844336796875 0.822567228125 0.603417690625 0.821338221875 0.6175861953124999 0.8249619015625 0.6402260578125001 0.8420206640625001 0.6838510421875
2 0.49624563750000006 0.5788797546875 0.5120693828125 0.593516553125 0.54012986875 0.60354150625 0.558811071875 0.59837361875 0.5765506796875 0.591347325 0.5858179265625 0.581980934375 0.5942516078125 0.56654424375 0.60195975 0.540825353125 0.60351284375 0.5140211625 0.5960840968750001 0.4661708875 0.5801116375 0.4235836359375 0.5655902546875 0.40156078281249996 0.555668821875 0.39304185468749997 0.5407133171875 0.37348101875 0.5202202734375 0.367328975 0.49893234218750004 0.3728834171875 0.49024392343749995 0.3789671140625 0.47963964062500003 0.406713903125 0.4479308171875 0.4569712453125 0.44590492187499997 0.46846066718749996 0.45695334218749994 0.510179678125 0.4737940421875 0.5478428906249999 0.49624563750000006 0.5788797546875
2 0.36527579062500004 0.4686287875 0.3876520265625 0.4784976421875 0.3955088828125 0.4807292078125 0.411293946875 0.47758921875000004 0.43283461250000005 0.46700220937500003 0.44637371562499994 0.4550043078125 0.46859923437499995 0.422537146875 0.48137612343749997 0.396865825 0.494729834375 0.353526246875 0.49787670781250004 0.332080215625 0.49740390625 0.3167654484375 0.49381489843750004 0.2831312453125 0.48610074531249997 0.26569344375 0.48313125 0.260938896875 0.4633984171875 0.2540747109375 0.44902574843750004 0.260002309375 0.4315021984375 0.2586048140625 0.4292215640625 0.2607412421875 0.42328658125 0.2800032765625 0.41529102812499996 0.3217490765625 0.40298493906250005 0.3483496015625 0.3806147125 0.3816374359375 0.37120275937499997 0.3918244984375 0.3593287859375 0.401577440625 0.33789615 0.40795255468749997 0.3345658890625 0.41244247187500005 0.3347839515625 0.41840424374999996 0.338805075 0.435190865625 0.3458670453125 0.4491289140625 0.36527579062500004 0.4686287875
2 0.41805910312499994 0.1800774375 0.42599131874999996 0.20347700937500002 0.43102739375 0.22890448281250003 0.4299084203125 0.25324665468749996 0.44685314218750005 0.2579268421875 0.457858875 0.253097940625 0.47577786250000004 0.23425663124999999 0.492897959375 0.1983506796875 0.5028093734375 0.13494178750000002 0.501935121875 0.0967091359375 0.497117109375 0.07724343593750001 0.48357199531250006 0.0460846453125 0.4655022890625 0.0225899359375 0.43744180312500003 0.0125649828125 0.431902259375 0.0115882109375 0.39642304375 0.0256408015625 0.39233257187500004 0.030842864062499996 0.38875157968749996 0.054750912500000005 0.3979961734375 0.14269224687499998 0.40791960937500005 0.16559673749999998 0.41805910312499994 0.1800774375
2 0.497899359375 0.23477249375000003 0.49931375781250004 0.251945665625 0.5064104015625001 0.2548893734375 0.5066651421875 0.26424236875 0.5117705640625 0.26768115937500003 0.5169860203125001 0.2812936171875 0.5272335453125 0.2915624203125 0.5375524203125 0.2942281046875 0.5460981359375 0.3033506453125 0.559820628125 0.30830885625 0.5836072546875 0.30657975937500004 0.59917425625 0.297477996875 0.621073684375 0.263260959375 0.6339219234375 0.22998651875 0.6396388453124999 0.2047627125 0.6452417265625 0.14059411093750002 0.648461953125 0.125930525 0.633720503125 0.083560334375 0.6288658140625001 0.0607034109375 0.6216224578125 0.0441948140625 0.6223459921875001 0.040091446875 0.6159728828125 0.033044375 0.6141977187500001 0.025115665625 0.61083078125 0.026214362499999998 0.6001491375 0.0184075765625 0.5679635046875 0.024579024999999997 0.5529019734375 0.02361565 0.5464941890625 0.0275629171875 0.5300242734375 0.052583059375 0.51764683125 0.0867867015625 0.5082388843750001 0.125744890625 0.5010402218750001 0.1701697703125 0.49764061249999997 0.1966483703125 0.49981522187499994 0.2131094015625 0.497899359375 0.23477249375000003
2 0 0.824049453125 0.054579304687499997 0.8521704359375001 0.079670296875 0.8574408421875 0.111024365625 0.85958465625 0.128185146875 0.855841053125 0.13589529218750002 0.8445077281250001 0.149000275 0.8349718453125 0.1547558765625 0.827524825 0.161377715625 0.8007682031250001 0.16101294375 0.7812415390624999 0.1569551421875 0.761063696875 0.15069006093749998 0.749804728125 0.1389221140625 0.7409602109375 0.1339247203125 0.7333095234375 0.0965949828125 0.7182653953125 0.0757044953125 0.71796659375 0.0710698703125 0.7154570078125 0.0532569078125 0.71570085625 0.022012871875 0.7237307109375 0.002934225 0.7347518421875 0 0.7372766171875 0 0.824049453125
2 0.0920669984375 0.4416094265625 0.11074820156250001 0.4364415390625 0.1230562953125 0.42422657656249996 0.1331551046875 0.4065449265625 0.14169280625 0.35812521249999996 0.1373049078125 0.3074263640625 0.12035417500000001 0.2595894859375 0.08848661875 0.2099685546875 0.07509021875 0.2067602203125 0.050616735937500004 0.2159839046875 0.042470465624999995 0.2153936875 0.015410292187499999 0.3688595625 0.030946626562500003 0.39952326875 0.05462923125 0.4307771953125 0.06842507812500001 0.4425178515625 0.078599246875 0.446004209375 0.08489900156249999 0.4462688375 0.0920669984375 0.4416094265625
2 0 0.5926781578125 0.007259400000000001 0.5950471390625001 0.034775734375 0.5973604453125 0.0551587453125 0.5933388203125001 0.0861480421875 0.5759559703125 0.10511665625 0.554761171875 0.11684191562499999 0.5170577749999999 0.12089370625 0.494078928125 0.11658116562500001 0.464548090625 0.10531869062500002 0.44563843593749997 0.09485510781249999 0.44379342343749995 0.08446488125 0.4487308578125 0.0679909578125 0.4449798703125 0.048763596874999995 0.42805054687500005 0.0311646890625 0.405485040625 0.018347115625 0.3989940140625 0.010200846874999999 0.39840379531250003 0 0.4562556703125 0 0.5926781578125
2 0.2209275765625 0.4846395546875 0.24058905625000002 0.49910686093749995 0.261660928125 0.5019762109375 0.2803421328125 0.49680832343750003 0.29040626875000003 0.4901210140625 0.313320646875 0.4645448265625 0.331635075 0.4254647125 0.3326480234375 0.41972 0.3301126484375 0.41250343437500003 0.3187074703125 0.4088000171875 0.295352959375 0.39368153125 0.2801100453125 0.3901476046875 0.2681973921875 0.3821237609375 0.256572146875 0.3580730078125 0.2511366265625 0.3241132125 0.238174346875 0.318442859375 0.22825291406249998 0.30992393125 0.2230394609375 0.3106970375 0.20696698750000003 0.329863934375 0.19727163125 0.3848490359375 0.197819790625 0.4213318109375 0.20510182656249998 0.4556171953125 0.2209275765625 0.4846395546875
2 0.5562303921875 0.7857724984375001 0.5714019546875 0.7969095421875 0.5878758796875 0.800660528125 0.6007648031249999 0.7995484390625001 0.6279897203125 0.7891175265625 0.6438461359375001 0.77837441875 0.6555387234375 0.7660509281250001 0.6828676625 0.7226369921875 0.6908652187500001 0.6952767578125 0.693649321875 0.6686896265625 0.69259769375 0.6566575515624999 0.685607075 0.6351163843750001 0.6801755593750001 0.6299277187500001 0.655410659375 0.6264071875 0.6509207406249999 0.6230769265625 0.6239118828125 0.625084046875 0.6168172421875 0.636525903125 0.5904278953125 0.66741268125 0.5642546078125 0.6898756671874999 0.54427104375 0.7024296140625 0.5394937140625 0.7151262625 0.5363468421875 0.7365722953125 0.538050653125 0.752104121875 0.5456201 0.7703625953125 0.5562303921875 0.7857724984375001
2 0.7039581796875 0.59942749375 0.7191664203125 0.6139557609375 0.7329255890625 0.6223051953125001 0.759247590625 0.6277926625 0.777965471875 0.626015996875 0.795957815625 0.6139571328125 0.8005537593750001 0.5986899343750001 0.8222024546875 0.5838910296875001 0.8327353859375 0.563747359375 0.835232078125 0.5531871390624999 0.8351567203125001 0.5320191296875 0.83258466875 0.521411340625 0.8099516890625 0.48780392656249993 0.7845326015625 0.4663980796875 0.7506798359375 0.46042892343749997 0.7313831265624999 0.46548828125 0.70868480625 0.48264067656250004 0.6943141390625 0.5029538390625 0.68700544375 0.5372050500000001 0.688095753125 0.567013909375 0.6930217953125 0.5822677140625 0.7039581796875 0.59942749375
2 0.78396414375 1 0.7972409171875 0.9881988484375 0.8081366171875001 0.9731962765625 0.8133847421875 0.9614288296875 0.8162788796875 0.9450153671875 0.8153719578124999 0.9321626203125 0.8184821515625 0.907325365625 0.815331271875 0.9000002703125001 0.794693521875 0.8946688999999999 0.7724599875 0.8695938078125 0.7600765359375 0.860640759375 0.7445442078125 0.8587481796875001 0.72112035 0.865618378125 0.700992078125 0.878992996875 0.695128446875 0.8906519125000001 0.68513966875 0.9185072312499999 0.6766019671875 0.966926946875 0.6825429609375 0.9908216031249999 0.69302056875 1 0.78396414375 1
2 0.9189151750000001 1 0.940562159375 0.8772338453125 0.8942525859374999 0.855529196875 0.8811476031250001 0.865065078125 0.8708674078125 0.8801761796875001 0.85139131875 0.8970505515625 0.8256868265625 0.906057178125 0.821306940625 0.9129005843750001 0.8182314187499999 0.9267434984375 0.8176932765625 0.9621885406249999 0.82439448125 0.9853710546875 0.8309427609375 1 0.9189151750000001 1
2 0.64701304375 0.9007840234375 0.6597572609375 0.9004926062499999 0.675505646875 0.8939613953125001 0.694402909375 0.8803697140625 0.7179694703124999 0.8582932812499999 0.7463133609375 0.8235201984374999 0.7597771046874999 0.7903542875 0.7640449546875 0.75895165 0.7620517296875 0.7450611671875 0.7496662734374999 0.7217225578125 0.73641458125 0.7176935484375 0.7348208015625 0.7123353890625 0.7129887187499999 0.71017818125 0.6980372218750001 0.7193884734375 0.6897462453125 0.719618928125 0.683809259375 0.7244954 0.65177434375 0.773002865625 0.6360993125000001 0.786316521875 0.608766365625 0.8009593296874999 0.5961708625 0.8292012015625 0.59465244375 0.8450110499999999 0.5964662875 0.8707165453125001 0.61221868125 0.8929564609374999 0.64701304375 0.9007840234375
2 0.4499194203125 0.6976395203125 0.45875455 0.7051207140625 0.4802972203125 0.70891926875 0.503939140625 0.70801084375 0.548361515625 0.6972275515625 0.565304234375 0.6875221765624999 0.5946630749999999 0.661389946875 0.6176854828125 0.631601865625 0.6222814265625 0.6163346640625 0.6238711984374999 0.592921696875 0.620500253125 0.565249265625 0.6166971921875 0.5544244171875 0.6037349125 0.5487540625 0.5876644421874999 0.582306525 0.5776369828125001 0.5923850578125001 0.5398404546875 0.605182853125 0.51177996875 0.5951579 0.50280013125 0.5884973796875 0.4859981125 0.568610953125 0.48230508437499997 0.567959771875 0.463625884375 0.5875132234375 0.4433549078125 0.6160940796875 0.43752795468750005 0.63114421875 0.434959909375 0.6493075562499999 0.43670039843749997 0.6682306078125 0.4445959359375 0.6882389578125 0.4499194203125 0.6976395203125
2 0.30695293437500004 0.756203365625 0.317634578125 0.7640101515625 0.3407343484375 0.769775640625 0.37346213125 0.756930278125 0.41494968437499996 0.7303981 0.43435241874999997 0.70674128125 0.4423153 0.6903753874999999 0.43441976406249994 0.6703670359375 0.4343057234375 0.631422240625 0.43115484375 0.6240971453124999 0.40095842968750006 0.615387946875 0.3789429578125 0.5962746265625001 0.3672116890625 0.59082133125 0.36138273125000003 0.5914859078125 0.35935483281249997 0.5885897671875 0.32268328749999997 0.6202020828125 0.3069715796875 0.6301245171875001 0.2907523953125 0.635726525 0.2825734546875 0.6605162109375 0.2804395296875 0.6762175312500001 0.283086940625 0.7079933281249999 0.29666873125 0.7425433406249999 0.30695293437500004 0.756203365625
2 0.0952866109375 0.6824947625 0.10799615468749998 0.6931976859375 0.13124063125000002 0.6981425046874999 0.13844530625 0.6968743171875 0.15390427812500002 0.6919844515625 0.177073396875 0.675761259375 0.2024497953125 0.65061919375 0.2319513390625 0.609280725 0.21738927187499998 0.5550955203125 0.22194453125 0.5076659703125 0.218830328125 0.5037320984375 0.20869283749999998 0.5036369625 0.191786796875 0.516733559375 0.1698833625 0.5221794703125 0.14153346093750002 0.5137958625 0.133929340625 0.5065317281249999 0.12661663750000002 0.5120118140625001 0.122163396875 0.512072775 0.1153948484375 0.5252645078125 0.10877300781250002 0.55202113125 0.0860400140625 0.580167865625 0.0814440703125 0.595435065625 0.07742895625 0.621805134375 0.0769601625 0.635261496875 0.07956889218749999 0.64926050625 0.0952866109375 0.6824947625
2 0.68132781875 0.32465672031250004 0.709757084375 0.3829794640625 0.7198599015625 0.39406894062500003 0.7300360734375 0.41194086093750004 0.7371693953125 0.4182757921875 0.747777684375 0.41930013125 0.7608826671875 0.40976424843750003 0.769679115625 0.3994686578125 0.7824560046875 0.37379733593750003 0.79117709375 0.34233373437500003 0.7953715890625 0.3041486484375 0.7854074671875 0.24908180781249997 0.7710654640625 0.2152439390625 0.755457778125 0.1921833515625 0.7474195375 0.1873812375 0.732105271875 0.19145042968749998 0.7182747515625 0.1907041125 0.6818132546875 0.170735946875 0.6742824890625 0.1702542578125 0.6669697875 0.1757343421875 0.65288653125 0.18002059374999999 0.644995 0.1887833703125 0.6432951953125 0.202022671875 0.6518082421875 0.23652511562499998 0.661695 0.256038384375 0.68132781875 0.32465672031250004
2 0.608096765625 0.4124405828125 0.6243179546875 0.42122413593749997 0.658822903125 0.430693046875 0.6804736015625 0.4302797046875 0.6945568578125 0.4259934515625 0.710884071875 0.41617954687500003 0.7219611546875 0.4037475265625 0.7215983859375 0.3986064265625 0.7074397718750001 0.3817246703125 0.6862538609375 0.33991052499999996 0.6791552125 0.32258125312499997 0.6771619875 0.308690771875 0.661731678125 0.25942960625 0.6439127046875 0.2165167640625 0.6396041703125 0.21575705312500001 0.6266845796875 0.25663461249999997 0.6135816000000001 0.28055605781250004 0.598450721875 0.30158136406249997 0.585779859375 0.3086552265625 0.5678588671875 0.313110971875 0.5679342265625 0.3342789796875 0.5753242921874999 0.36435246875 0.5936487374999999 0.397200171875 0.608096765625 0.4124405828125
2 0.679712 0.1610573609375 0.7074484 0.183718003125 0.726855140625 0.18883231250000002 0.7461518500000001 0.183772953125 0.7727592578125 0.1588479484375 0.7860456250000001 0.151882615625 0.7969046468750001 0.133488821875 0.8021874468749999 0.1107270359375 0.8030903625000001 0.09480865468750001 0.8033024140625 0.0576137375 0.7984130484375 0.045751154687500004 0.6291492171875 0.015905373437500002 0.6273413828125001 0.0333565703125 0.63534895625 0.0779241515625 0.6524443953125 0.124940359375 0.679712 0.1610573609375
2 0.22785825 0.8556461453124999 0.253420040625 0.8618457562499999 0.30070388124999997 0.8600289078125 0.336835278125 0.8494760703124999 0.36800595937499997 0.8346637703124999 0.378214803125 0.8271557875 0.3887844109375 0.810403340625 0.39109771718749997 0.78288700625 0.387039915625 0.7627091625 0.378820290625 0.7553365000000001 0.3450428828125 0.7705353515625 0.3173451640625 0.765651496875 0.3009059140625 0.7509061703125 0.28526155000000003 0.7244543578125 0.25818134062500003 0.7340645968749999 0.23790836093749998 0.748259890625 0.2069577453125 0.7834195265624999 0.2011327953125 0.812855228125 0.203560140625 0.8242836890625 0.21949391875000002 0.8490941546874999 0.22785825 0.8556461453124999
2 0.1128169078125 0 0.112787346875 0.0001676515625 0.11333350312499998 0.0222648640625 0.117933453125 0.035768792187499995 0.145853240625 0.0753855453125 0.16192972187500002 0.084989775 0.17608633437500001 0.0874859671875 0.197266234375 0.086143421875 0.22434644375 0.0765331828125 0.25127994375 0.053358053125000006 0.2618862296875 0.039996828125 0.26847339375 0.0242345484375 0.2817577578125 0.0028836515625 0.2840520546875 0 0.1128169078125 0
2 0.12643386406249998 0.2395067765625 0.1334591578125 0.25005360312499997 0.1349102328125 0.2706179984375 0.1433132453125 0.2949467765625 0.143423278125 0.30512044375 0.15794666562499998 0.34152886250000003 0.1708742703125 0.3581935578125 0.179780753125 0.3580716328125 0.1913653109375 0.3499600375 0.20464967500000003 0.32860914218750004 0.2109107484375 0.311096984375 0.21601216562499997 0.28576464687500003 0.2167336953125 0.2672757171875 0.21219908593749998 0.2030119796875 0.205605909375 0.175617571875 0.1955377671875 0.1535337546875 0.1762370515625 0.1298219859375 0.15987115624999998 0.12185910312499999 0.14633005 0.119471440625 0.12319560468749999 0.12470029062500002 0.114362478125 0.1316046609375 0.1048791734375 0.149394840625 0.1034321046875 0.1576015734375 0.1055700375 0.17067138125 0.10481383281250001 0.20015465 0.1077119765625 0.212512315625 0.1173093203125 0.23366692968749997 0.12643386406249998 0.2395067765625
2 0.7813317953125 0.8804662234375 0.7977710453125 0.8952115515625 0.8228620375 0.9004819578125 0.8446574437500001 0.8992479437500001 0.8684053890625 0.8797420593749999 0.8791197046875 0.8621689390625 0.8822319015625 0.8517172484375 0.882918759375 0.8442226609375 0.85463820625 0.8138503703125 0.84084035625 0.7877241500000001 0.83453659375 0.7586883953125 0.838841121875 0.730676978125 0.8189655859375 0.739019028125 0.8045562374999999 0.7415554046875 0.79347715 0.7396018625 0.7851128187499999 0.733049871875 0.7777634375 0.7351387328125 0.7690056703125 0.7632111125 0.7609387671875 0.8125600296875 0.7631500531250001 0.832412284375 0.7725680171875 0.8653819125 0.7813317953125 0.8804662234375
2 0.24669602031250001 0.15493863593749999 0.2670076796875 0.1585201296875 0.287101278125 0.15613985 0.304082678125 0.1642112609375 0.31852870312500003 0.165066109375 0.3672942859375 0.1440481859375 0.37732174375 0.133969653125 0.3816996265625 0.112740684375 0.37383876250000003 0.081737990625 0.3641333890625 0.0647952734375 0.351857965625 0.0516303296875 0.3317623640625 0.03962504375 0.3169902484375 0.037020321875 0.2939638328125 0.0380372765625 0.28462323125 0.0406212203125 0.2696717328125 0.0498315125 0.2619615875 0.0611648390625 0.239878771875 0.0784257625 0.22746265000000002 0.09485261874999999 0.22033333437499997 0.11728881718749999 0.21910432812499997 0.1314573203125 0.22196579375 0.1404237625 0.22631100625 0.1445746953125 0.24669602031250001 0.15493863593749999
2 0.2421621859375 0.61615830625 0.276740490625 0.6324096609375001 0.287964284375 0.633542528125 0.305414478125 0.6281575796875 0.324493125 0.6171364500000001 0.34820439375 0.59423934375 0.3561305984375 0.574482225 0.3576856953125 0.5620635984375 0.351491965625 0.5432015109375 0.3497881546875 0.527669684375 0.353004375 0.48423497187500003 0.340873659375 0.4702493546875 0.33439251875 0.467414178125 0.3307361671875 0.47015421875 0.323350109375 0.46885185781249994 0.3216116234375 0.464314371875 0.317303090625 0.4635546609375 0.2975742640625 0.4854616015625 0.2760702765625 0.49943983437500006 0.25457935625 0.5032661046875 0.24029964375 0.50074820625 0.23103039375 0.49572903281249997 0.22368301562499998 0.5122034578125 0.21865495468749999 0.5443182390625 0.221699809375 0.57024079375 0.235318278125 0.6081820296875 0.2421621859375 0.61615830625
2 0.3848085921875 0.5990012734375 0.4030943578125 0.6140721921875001 0.41435482968750004 0.6185962828125 0.4278959359375 0.6209839453125 0.4386122546875 0.6177963890625 0.46539904375 0.58105636875 0.4661225765625 0.5769530031250001 0.47705495468750003 0.5653416546875001 0.47759710312500003 0.5586677390625 0.46695013281250003 0.5398666140625 0.45543291874999997 0.511603965625 0.4466671375 0.4821340890625 0.44416643593750005 0.4639231828125 0.4413783265625 0.4617391859375 0.4267529203125 0.472699353125 0.3984417 0.48209253125 0.3687160828125 0.4743125375 0.36234497656250003 0.48165102656250003 0.356373315625 0.49752183906249997 0.3518874046875 0.52296270625 0.3534831875 0.5427064296874999 0.3631905640625 0.5740347109374999 0.3848085921875 0.5990012734375
2 0.2013021578125 0.729112396875 0.2244019296875 0.7348778874999999 0.241418003125 0.7319549578125 0.249274859375 0.7341865234375 0.27190182812499997 0.7246372453125 0.281495165625 0.7170207328125 0.2822187 0.7129173671875 0.279642640625 0.6735384515625 0.2811977375 0.661119825 0.28655389375 0.6451404828125 0.287059365625 0.6350753453125 0.260882071875 0.628767203125 0.233508440625 0.6112476609375 0.20686635937500003 0.6471670078125 0.185435725 0.6679276859375001 0.180295628125 0.6754832359375 0.1789932671875 0.6828692937499999 0.1800448953125 0.69490136875 0.1867461 0.7180838828125 0.2013021578125 0.729112396875
2 0.2825401703125 0.9414450390625 0.30687295312499996 0.961813153125 0.32935721875 0.9674701140625 0.35238363437500003 0.9664531593750001 0.375010603125 0.9569038828125 0.39148252499999997 0.9462693046874999 0.40516633437499994 0.9334507296875 0.414396903125 0.92069311875 0.42594278125 0.8948047375 0.42644825312499995 0.8847396 0.42206636406250003 0.8771974421875001 0.3926301609375 0.8677761015625001 0.3817691359375 0.8717843328124999 0.367759234375 0.8828530296875 0.27253736875 0.8686014125 0.269641228125 0.8706293109375001 0.267217890625 0.8879719765624999 0.2672565703125 0.9057487625 0.27080689687500004 0.9216061812499999 0.2825401703125 0.9414450390625
2 1 0.081296371875 0.8956628140625 0.0628989125 0.8924772609374999 0.0665681578125 0.8770182890625 0.07145802343749999 0.8766208453125 0.0773112640625 0.8911075546875 0.1103284609375 0.9123281406249999 0.141148265625 0.9305058765625001 0.160431078125 0.9526293765625 0.1753325046875 0.9716733484375 0.1753057140625 0.9864801390625001 0.166916096875 1 0.1533924703125 1 0.081296371875