1 0.49766358593750004 0.35768168125 0.4897830234375 0.337641215625 0.46840834062500003 0.32697608749999996 0.458178428125 0.3360249515625 0.45340600468750003 0.35847744062500003 0.45738872031250005 0.38483149375000003 0.46103447812500004 0.3917282234375 0.467736946875 0.39927467656250004 0.477114578125 0.400247653125 0.4859031609375 0.394973625 0.49390634999999994 0.3813702546875 0.49766358593750004 0.35768168125
1 0.2755232203125 0 0.27604229375 0.005504921875 0.28008075 0.0165663234375 0.28637937343750003 0.0230066359375 0.3022854203125 0.023326671875 0.3098624671875 0.014734221875 0.31613894375 0 0.2755232203125 0
1 0.25971694218749997 0.06427316093749999 0.262621896875 0.050606428125000005 0.2616401515625 0.0401947515625 0.247842515625 0.020937175 0.225222853125 0.0161292171875 0.2106912484375 0.030385528125 0.208408784375 0.041123675 0.20897553593749998 0.0534877421875 0.21707474218749997 0.0694934828125 0.22501104375 0.07424129375 0.24682301562500003 0.076836971875 0.2517249015625 0.074818 0.25971694218749997 0.06427316093749999
1 0.23718149843749997 0 0.2375054375 0.0034354593750000003 0.24337791874999998 0.0148866953125 0.2621331796875 0.016832649999999998 0.2744046171875 0.0071974234375 0.27479465 0 0.23718149843749997 0
1 0.1412665140625 0.2217294453125 0.14416032031249998 0.2111212421875 0.14359356875 0.198757175 0.1381249328125 0.18841208125 0.1281471078125 0.18425062812499998 0.1175356453125 0.1860762921875 0.1038340265625 0.196427825 0.09583083906249999 0.21003119374999998 0.09169205312499999 0.22649656718750003 0.094485528125 0.24341513906249998 0.1062973796875 0.247966425 0.13040296406250002 0.23676542656250002 0.1412665140625 0.2217294453125
1 0.30379689375 0.3919762421875 0.3113627921875 0.38644232343749996 0.317728303125 0.37453145625 0.321255746875 0.3579361359375 0.31414943281249996 0.34928354375000004 0.3111373125 0.336399696875 0.3171212734375 0.31726562812500003 0.3040867375 0.31245445156249996 0.2905926171875 0.3218297875 0.2811369515625 0.3422665234375 0.2794658296875 0.35313461562500004 0.280010284375 0.37161574375 0.2842450890625 0.384759478125 0.2933929265625 0.3928257125 0.30379689375 0.3919762421875
1 0.4558470609375 0.41613310312499996 0.45526916249999994 0.4068275671875 0.447181103125 0.387763296875 0.43210504375000003 0.3835384828125 0.42353510468750005 0.384777784375 0.4079883125 0.3977980125 0.4060873984375 0.4157593609375 0.41622812812500004 0.4311787390625 0.4314893890625 0.44054442031249996 0.44025567656250003 0.44138745156250003 0.451719421875 0.429539946875 0.4558470609375 0.41613310312499996
1 0.40110064218749997 0.38511069375 0.4117344 0.3771679671875 0.41732566406249993 0.353869228125 0.41431354374999996 0.34098538125 0.41519926875 0.32178795 0.39771128437500003 0.30786776250000003 0.391390365625 0.3075445109375 0.382360840625 0.322970325 0.3770439625 0.3269416875 0.3732978734375 0.3475717328125 0.37486866406249997 0.3642304140625 0.3795184625 0.375421759375 0.3902928296875 0.384854021875 0.40110064218749997 0.38511069375
1 0.5046429625 0.4571139921875 0.5099709890625 0.45008410000000004 0.5122646015625001 0.436287421875 0.51026766875 0.4246396609375 0.5029650046875 0.41390473125 0.48891528125 0.40785747031249997 0.47624000000000005 0.41638655625 0.472538503125 0.42478247812500003 0.4706375890625 0.4427438265625 0.476095078125 0.45614745156250003 0.48300504375 0.4627177109375 0.49217517656250004 0.46466688281249996 0.5046429625 0.4571139921875
1 0.3821644921875 0.320887990625 0.3902011234375 0.2981090296875 0.390464359375 0.28184018125 0.38684089843749997 0.268826390625 0.3813722609375 0.258481296875 0.3740473015625 0.25386342968750003 0.362409503125 0.2575115375 0.35583649687499996 0.27039860312499997 0.3549953609375 0.2773619140625 0.36183844062500004 0.3022833546875 0.369719003125 0.32232381875 0.3768476125 0.324859353125 0.3821644921875 0.320887990625
1 0.394971759375 0.444005659375 0.39747286718749997 0.429232784375 0.39079269375000003 0.41556927187500003 0.3908372859375 0.4033351484375 0.38799921875 0.3986507 0.379451575 0.3937729421875 0.3634897890625 0.40874555937499996 0.35767988125 0.436079025 0.36392276562500003 0.4578119921875 0.37124772500000003 0.4624298578125 0.378387484375 0.4619068609375 0.3888137453125 0.45494033125 0.394971759375 0.444005659375
1 0.2558824046875 0.3889338046875 0.24822048749999998 0.3648586140625 0.23133269687500002 0.354126903125 0.2221402671875 0.35829479062499997 0.21719379062500002 0.37254788437499997 0.2185347890625 0.396299821875 0.224581325 0.41595045312499995 0.227419390625 0.420634903125 0.23720086718750003 0.42271401875 0.24660079375000002 0.41756993593749997 0.25192882031249997 0.41054004375 0.2558824046875 0.3889338046875
1 0.61727738125 0.5524761765624999 0.6217865703125 0.546292534375 0.6222350062500001 0.535164553125 0.6192117390625 0.5253392375 0.6100750484375 0.5142144734375 0.5853915656249999 0.5161099375 0.5724976390625 0.5286737484375 0.5679773031249999 0.537915921875 0.568325409375 0.5543147140625 0.5711523281249999 0.5620576953125 0.577254603125 0.566415671875 0.5960210125 0.5653030953125 0.61727738125 0.5524761765624999
1 0.717294046875 0.47272567656250003 0.7214328328125 0.456260303125 0.7208437875 0.4500132953125 0.717613021875 0.4411641765625 0.7113143984375 0.4347238625 0.6866420640625 0.43356079531249997 0.6722956609375 0.4529579734375 0.6710060890625 0.47104926562499994 0.6740293578125 0.48087458125 0.678908946875 0.4849726703125 0.6886904234375 0.4870517875 0.701343409375 0.48463976249999996 0.717294046875 0.47272567656250003
1 0.423852290625 0.5215654046875 0.420436325 0.50757541875 0.396016078125 0.493202034375 0.38456348125 0.501991009375 0.3802506421875 0.5102569875 0.3775643328125 0.5198889953125 0.379965109375 0.532642896875 0.3905208328125 0.5461098843750001 0.40152499375 0.548448890625 0.41459297343749996 0.5440844765625 0.42114368593749996 0.537314471875 0.423852290625 0.5215654046875
1 0.14994109687499999 0.135827484375 0.144090909375 0.11825918906249999 0.1318975078125 0.1064847015625 0.1229237234375 0.106617865625 0.1165805078125 0.1124116734375 0.10954791718750001 0.13948524843750001 0.1105185125 0.1529554546875 0.11557215624999999 0.165252940625 0.1288141890625 0.169087921875 0.138214115625 0.1639438375 0.14620615625 0.1533989984375 0.14994109687499999 0.135827484375
1 0.20957825312499997 0.167889453125 0.204754403125 0.1484987125 0.1980519328125 0.140952259375 0.19092332343750001 0.138416725 0.17988571874999998 0.1452533109375 0.1742833078125 0.17161058125 0.1778733265625 0.1937999640625 0.1835606078125 0.20011033125000002 0.1921194 0.2019295578125 0.20070048749999997 0.19763172499999998 0.2058321640625 0.1885194984375 0.20957825312499997 0.167889453125
1 0.2025122171875 0.20413862031250002 0.1959057671875 0.22620127656250003 0.198295396875 0.24201370781249998 0.20438652343750002 0.24943021718749997 0.21009609999999998 0.24962352499999999 0.21483508125 0.2363466265625 0.23310162656250002 0.2045188 0.21969668750000002 0.1894258921875 0.2025122171875 0.20413862031250002
1 0.3723495734375 0.3279844640625 0.3648617078125 0.31210866875 0.3614011515625 0.31035280625 0.3438016875 0.327017925 0.32819915625 0.355330803125 0.33485703437500003 0.37511137968749997 0.3417781484375 0.3786231078125 0.3550536234375 0.37328249687500004 0.36877753750000003 0.35681390468749996 0.3722938328125 0.3432771171875 0.3723495734375 0.3279844640625
1 0.4767132546875 0.5103547484375001 0.4816374375 0.502218715625 0.48370125625 0.49551529375000003 0.4817266203125 0.47775047343750005 0.4689999109375 0.44443632656250004 0.46208994531250003 0.4378660703125 0.45269001875 0.44301015312500003 0.4481696828125 0.4522523265625 0.4466949109375 0.465202753125 0.44786185468750006 0.48075529531249994 0.4541158875 0.49942973124999995 0.46244488749999996 0.5083422140625 0.47181136874999996 0.512373721875 0.4767132546875 0.5103547484375001
1 0.462087421875 0.3266528328125 0.452743234375 0.316504265625 0.443976946875 0.3156612328125 0.439304853125 0.3105869484375 0.42274287343749994 0.322371090625 0.4176111953125 0.3314833203125 0.415743725 0.3402690765625 0.41855949531250003 0.35107058593749996 0.4222164015625 0.3549087859375 0.42955250781250004 0.3564681234375 0.45323195 0.3502780453125 0.462087421875 0.3266528328125
1 0.7616605843750001 0.330131375 0.76295015625 0.31204008125 0.7567072718750001 0.290307115625 0.747144440625 0.2841932734375 0.7344803062499999 0.2896638296875 0.72592835 0.3419219546875 0.7285254765625 0.356758190625 0.731571040625 0.36046644375 0.7462544015625 0.36052659062500003 0.749933603125 0.358247728125 0.7571179531250001 0.345490609375 0.7616605843750001 0.330131375
1 0.6867107406249999 0.24686049531249998 0.685347446875 0.2292256171875 0.6827168765625 0.22356497343749998 0.6618866484375 0.2313809703125 0.6541021046875 0.24094961406249998 0.643686990625 0.2448576140625 0.6414045265625 0.2555957625 0.643586659375 0.2723843890625 0.648040109375 0.2814933984375 0.6637275109375 0.2858481578125 0.6772327796875001 0.273414290625 0.6867107406249999 0.24686049531249998
1 0.6884624203125 0.325795925 0.696050615625 0.3141449453125 0.7003968984375 0.2967033765625 0.6984111140625 0.2819970859375 0.68497273125 0.27607976875 0.6728642 0.296972921875 0.6569024156250001 0.3119455390625 0.6509853421875 0.3127284265625 0.646891146875 0.31695967812500003 0.6456461671875 0.32281685000000004 0.6494659781250001 0.3379129765625 0.6653608765625 0.341291540625 0.6729156281249999 0.3388161515625 0.6884624203125 0.325795925
1 0.8492591031250001 0.4681261140625 0.8556134656250001 0.4592737765625 0.8595447546875 0.44378459843750007 0.8583443656249999 0.4374076484375 0.8516641921874999 0.42374413281249995 0.8404971265625001 0.41014720000000005 0.8266437515625 0.4061822734375 0.8184776578124999 0.408527715625 0.808017953125 0.42466983750000004 0.8057354890624999 0.4354079859375 0.8070987828125 0.4530428625 0.8180583515625001 0.467615990625 0.8400666734375 0.47229400312500003 0.8492591031250001 0.4681261140625
1 0.775378396875 0.539147784375 0.7801173765625 0.5258708875 0.7765608015625001 0.4945059140625 0.7667904734375 0.489368265625 0.75969530625 0.47765714218750005 0.7554159109375 0.47674752812500004 0.7478500109375 0.48228144687499996 0.7396393265625 0.4968610125 0.7379682046875 0.5077291046875 0.7455520875 0.5532140078125 0.7536958859375 0.556985625 0.7651261875 0.5543137109375 0.775378396875 0.539147784375
1 0.80567975 0.45070063749999995 0.8043387515625 0.4269486984375 0.7945795703125 0.418752521875 0.784786946875 0.419731934375 0.776402209375 0.4261121046875 0.7620335093749999 0.45162634218750003 0.7609291390624999 0.47485850156250003 0.7655789375000001 0.486049846875 0.7720850578125 0.49151396406250003 0.785960728125 0.4893618296875 0.8025673 0.465343565625 0.80567975 0.45070063749999995
1 0.7585618046875 0.452929009375 0.7686288125 0.4326222171875 0.770900128125 0.42494259999999995 0.7699406796875 0.4084138640625 0.7597888015625001 0.3960530140625 0.7526601921875 0.3935174828125 0.7469394671875 0.39638270468750003 0.7375172453125 0.4076438484375 0.72888041875 0.42723433593750004 0.725560471875 0.44285345937500004 0.7273610546875 0.452418884375 0.7330483359375 0.45872925468750003 0.746912859375 0.45963564999999995 0.7585618046875 0.452929009375
1 0.7378053 0.496471178125 0.758320865625 0.4630807953125 0.7573391203125001 0.4526691203125 0.74813554375 0.4598955390625 0.7306029671875 0.45820947500000003 0.7287577921875 0.46087817031249995 0.72134365 0.4807285453125 0.7190165953125 0.503700815625 0.7249002250000001 0.51209351875 0.73040230625 0.5132630234375 0.7353153390625 0.5081855187500001 0.7378053 0.496471178125
1 0.7105221671875 0.37231716875 0.6950199671874999 0.3731032734375 0.6857717984375 0.392563815625 0.6826593484375 0.4072067421875 0.68502668125 0.42913623593750005 0.696642184375 0.43160518750000004 0.7113701375 0.41943121093749997 0.7192550125 0.3823357921875 0.7162205968750001 0.37556900625 0.7105221671875 0.37231716875
1 0.6527438562500001 0.44574120937500006 0.6311282328125001 0.44522786718749996 0.6143364609375 0.46410526562500004 0.612468990625 0.47289102187500004 0.6201755 0.4847320921875 0.6576637265625 0.494741059375 0.66748979375 0.48458605468749993 0.6703724515625 0.47703638281250005 0.6677976203125 0.45608308593749997 0.6527438562500001 0.44574120937500006
1 0.654821346875 0.54719249375 0.6577151531250001 0.536584290625 0.657967240625 0.5233739734375 0.64806745 0.497802809375 0.6307646671875 0.4890234890625 0.622794921875 0.49345126562499997 0.61333925625 0.5138880015625 0.6222461546875 0.532106021875 0.6240355890625 0.544729978125 0.633183428125 0.5527962109375 0.64479893125 0.5552651625 0.6503121593750001 0.5533761359375 0.654821346875 0.54719249375
1 0.5663173296874999 0.5457254828125 0.5675734578125 0.53680978125 0.58029333125 0.5160465734375 0.5752285406250001 0.5068076203125 0.571767984375 0.5050517546875 0.5545835140625 0.5197644828125 0.5413080375 0.5251050937499999 0.535727921875 0.5453453046875001 0.5391215921875 0.5654523499999999 0.5515336375000001 0.5731921125 0.568903309375 0.5636202499999999 0.5663173296874999 0.5457254828125
1 0.512001365625 0.45255626875 0.49666206874999996 0.46460030156250004 0.48463157343749996 0.464083740625 0.48032988125 0.4692911875 0.48512028906250004 0.49785752031249997 0.4922266046875 0.5065101125 0.502619421875 0.508719175 0.5140497234375 0.5060472609375 0.522445609375 0.49660856249999996 0.525799 0.47181384687500005 0.512001365625 0.45255626875
1 0.433767540625 0.48694215625000004 0.4439863046875 0.480951821875 0.44624647343749996 0.476330734375 0.44507952812499996 0.46077819375000006 0.44881446875000003 0.44320667968749994 0.44781042812500005 0.43891206406250005 0.43800665624999996 0.4429500078125 0.4221117578125 0.43957144374999996 0.4165650875 0.4506360625 0.4138676296875 0.4633266 0.4160720578125 0.473998165625 0.4203291578125 0.48102484062500006 0.4288768015625 0.4859025984375 0.433767540625 0.48694215625000004
1 0.37178355625 0.595182753125 0.376948678125 0.5768949328125 0.3757482890625 0.5705179828125 0.3621024109375 0.5655768625 0.3533807140625 0.5524997093749999 0.3476599890625 0.55536493125 0.34395849218749996 0.563760853125 0.33917492031249996 0.5892718734375 0.3407457109375 0.6059305546875 0.349489703125 0.6128906484375001 0.3566294609375 0.6123676515625001 0.3625576828125 0.6085262328125001 0.37178355625 0.595182753125
1 0.3834907640625 0.684396696875 0.3726383609375 0.6963741484375 0.367439796875 0.7238375578125 0.375539003125 0.739843296875 0.3836828015625 0.743614915625 0.39389041874999997 0.7406831109375 0.40576915781249995 0.7268832140625 0.4103452328125 0.7023483890625 0.40001930156250004 0.6817881453125 0.3834907640625 0.684396696875
1 0.7308978578125 0.6011141546875 0.746551815625 0.61464450625 0.7559517421875 0.609500421875 0.7641512796875001 0.5979793875 0.7703761796874999 0.56869353125 0.7673752078125 0.5527511546875 0.7539033828124999 0.5560094296875 0.746774771875 0.5534738984375001 0.7431290140625 0.5465771671875 0.741154378125 0.5288123453125 0.737693821875 0.52705648125 0.734418465625 0.5304414828125 0.7321582984375 0.53506256875 0.7316875656249999 0.5523076125 0.7257036046875001 0.5714416828125 0.7308978578125 0.6011141546875
1 0.690719009375 0.6578730765625 0.693646259375 0.6380892828125 0.690819340625 0.630346303125 0.6873587828125001 0.6285904375 0.6795965359375 0.632042021875 0.6655356640625001 0.629053290625 0.6521933 0.6527450828125 0.651318721875 0.6688839859375 0.6539492921875001 0.6745446312500001 0.6602590640625 0.6779264140625 0.67249705625 0.6774667812499999 0.68743250625 0.6643166093749999 0.690719009375 0.6578730765625
1 0.699643890625 0.7271099171875 0.684993971875 0.71787418125 0.67866190625 0.720609459375 0.6714887046875 0.7303080468750001 0.6689875953125 0.745080921875 0.679083734375 0.772734421875 0.6906880890625 0.778261903125 0.699465525 0.7760464046875 0.707042571875 0.76745395625 0.7097734734375 0.7455878265625 0.699643890625 0.7271099171875
1 0.333668528125 0.6452382531249999 0.32742564375 0.6235052875 0.3125570796875 0.6183042765625 0.294772415625 0.6298285296875 0.286157884375 0.6433019546875001 0.2822265953125 0.658791134375 0.28261929375 0.662955803125 0.28749888437500004 0.6670538921875 0.3111560296875 0.6669808749999999 0.323208821875 0.6613803734375 0.3322271984375 0.6490130890625 0.333668528125 0.6452382531249999
1 0.171174115625 0.5770291000000001 0.1787734578125 0.562319590625 0.18083727656249998 0.5556161687500001 0.175020534375 0.52887228125 0.173808996875 0.5255538625 0.16647289062499998 0.523994525 0.159944475 0.5246474671875 0.15237857500000002 0.5301813859375 0.1425302125 0.5464534515625 0.139013915625 0.5599902375 0.1414258421875 0.5696856078125 0.1499511890625 0.5806804265625 0.16197053749999998 0.58425551875 0.171174115625 0.5770291000000001
1 0.2352733453125 0.5039283125 0.221190178125 0.5070566421875 0.2106010109375 0.5027652453125 0.20262011875 0.5102515546874999 0.20032650625 0.5240482328125 0.203534975 0.5390144125 0.21817374531249997 0.5513086796875 0.232845959375 0.5544273546875 0.2381628390625 0.55045599375 0.2433279609375 0.5321681734375 0.2352733453125 0.5039283125
1 0.2995423171875 0.496162803125 0.2892498296875 0.46642696875 0.27905335937500003 0.46630024062500003 0.2725137953125 0.47001171406250003 0.2673821171875 0.47912394375 0.262620840625 0.49851790312500005 0.2613424171875 0.5135506640624999 0.2633504984375 0.52213989375 0.28352479218750004 0.5264280734375 0.289856859375 0.5236927953125 0.2970300609375 0.5139942078125 0.2995423171875 0.496162803125
1 0.3348707046875 0.483266084375 0.32462964375 0.49537347968749995 0.3231660203125 0.5052653765625 0.326581984375 0.5192553640625001 0.338567890625 0.5320060453125001 0.3528251109375 0.5370771109375 0.36753076875 0.5310201953125 0.369420534375 0.5161173781249999 0.343222 0.4860615078125 0.3348707046875 0.483266084375
1 0.627756859375 0.41900375937499995 0.6302133765625 0.416465009375 0.6347783031249999 0.3949887125 0.6258937015625 0.37065363281249997 0.61426705 0.3712432125 0.598175803125 0.36578231250000004 0.586100715625 0.377499871875 0.582158278125 0.39604758125 0.585366746875 0.4110137625 0.590038840625 0.416088046875 0.5975601484374999 0.42278825 0.60978699375 0.425387146875 0.627756859375 0.41900375937499995
1 0.5638471421875 0.4401095296875 0.5426019203125 0.44987791875000005 0.52907435625 0.4684288453125 0.5255580609375 0.48196563281250004 0.52634345625 0.490294975 0.5357210859375 0.4912679515625 0.5780151796874999 0.4696488375 0.580090146875 0.4598868859375 0.5764666843749999 0.4468730953125 0.5638471421875 0.4401095296875
1 0.5706456296875 0.4772650921875 0.5389852937499999 0.49094148125 0.5267473015624999 0.4914011140625 0.52118948125 0.5055242640625 0.5236014078125 0.515219634375 0.52786965625 0.5191877781249999 0.541319184375 0.5220465640625 0.5564286875 0.5170957875 0.5691151171875 0.5055081718750001 0.574498884375 0.4831856265625 0.5706456296875 0.4772650921875
1 0.5348867875 0.5523086140625 0.53886266875 0.524585315625 0.523786609375 0.5203604984375 0.5178583875 0.5242019171875001 0.5067761921875 0.5432726234375 0.505093921875 0.557199246875 0.506687009375 0.5677408671874999 0.5201142421875 0.5767167140625 0.536042584375 0.5709196875 0.5389140953125 0.566428546875 0.5348867875 0.5523086140625
1 0.46523836249999995 0.5252607859375 0.4340710546875 0.5155750703125 0.4260790140625 0.526119909375 0.4246042421875 0.5390703359375 0.42641597343750004 0.54557723125 0.4341336296875 0.5543597703125 0.45348908593750004 0.5594941999999999 0.46125133281249997 0.5560426171875 0.46637186406250003 0.54998891875 0.47009565625 0.5354759359375 0.46523836249999995 0.5252607859375
1 0.437277734375 0.69889036875 0.44021613281249994 0.676048046875 0.43638517343750005 0.6640104515624999 0.4255996578125 0.6576367171874999 0.415610684375 0.656533796875 0.408241134375 0.66415005 0.3996711953125 0.6653893531249999 0.3984262140625 0.671246525 0.40064179062500005 0.678859559375 0.416655003125 0.7057301734375 0.426632828125 0.709891625 0.4331723921875 0.706180153125 0.437277734375 0.69889036875
1 0.8968039234375 0.7404491765625 0.8911166421875001 0.7341388078125 0.8733542734374999 0.739546 0.867414903125 0.7464459484375 0.8630686203125 0.7638875171875 0.8638428687499999 0.7752753890624999 0.8713530281249999 0.785034121875 0.8813420015625001 0.7861370437499999 0.9015831828125 0.772074040625 0.9044881359374999 0.75840730625 0.8968039234375 0.7404491765625
1 0.854788525 0.685605028125 0.8517429625 0.6818967734375 0.8352255734374999 0.6814467953125 0.8247881640625 0.6914718546875 0.8181817125 0.713534509375 0.8212161281249999 0.7203012953125 0.8445988921875 0.7395556546875001 0.8507234609375001 0.7377965718749999 0.8558439921875 0.731742875 0.8597864296875001 0.713195165625 0.854788525 0.685605028125
1 0.830145321875 0.732402253125 0.8146988609375001 0.71789570625 0.7912269140625 0.723109590625 0.7840648609375 0.7297496484375 0.7789220343750001 0.7419204078125 0.7797074296875001 0.7502497484374999 0.7898593078125 0.762610596875 0.816158171875 0.76513969375 0.8268030796874999 0.7541384375 0.83073436875 0.738649259375 0.830145321875 0.732402253125
1 0.77805608125 0.64378754375 0.789716175 0.6340223734375 0.79464035625 0.6258863406249999 0.7992052843749999 0.6044100453125 0.7976121968750001 0.5938684265624999 0.7893166421875 0.5757803515625 0.7891425890625 0.5675809546874999 0.78079129375 0.5647855328125 0.7715988640625 0.5689534203125 0.7695016015625 0.584832434375 0.7606461312499999 0.6084576453125 0.7606126875 0.6176332359375001 0.765840384375 0.6381301171875 0.7723465046875 0.6435942359375 0.77805608125 0.64378754375
1 0.7857471296874999 0.7158230265625 0.790552996875 0.684194946875 0.7818313015625 0.671117790625 0.7678998906250001 0.6885625796875 0.7531942328125 0.6946194953125 0.7476364140625 0.70874264375 0.746391434375 0.7145998140625001 0.74881450625 0.72123665625 0.7567285125 0.7321015296875 0.7679401703125001 0.733464340625 0.7816417875 0.723112809375 0.7857471296874999 0.7158230265625
1 0.68272696875 0.668417915625 0.6702480359375 0.6790293375 0.652715459375 0.677343271875 0.6522447265625 0.6945883140625 0.6593287453125 0.70935796875 0.6794918921875001 0.7167046781249999 0.6856387578125 0.7088285359375 0.6906186796875 0.68539985 0.6872138609375 0.6683513343749999 0.68272696875 0.668417915625
1 0.6080367828125001 0.9055764249999999 0.5974253203125001 0.9074020890625001 0.587251146875 0.9011583015625 0.5819342671875 0.9051296640625001 0.5768025890625 0.9142418921875001 0.5789624265625 0.9371475796875 0.59094833125 0.9498982625 0.6039940140625 0.9516509093750001 0.61852561875 0.9373945953125 0.6210267265625 0.9226217234374999 0.6080367828125001 0.9055764249999999
1 0.6890694500000001 0.383061753125 0.6921819 0.368418825 0.6869096125 0.360156065625 0.6638972515625 0.3511834375 0.6547159703125 0.3522927953125 0.6506217750000001 0.35652404843749996 0.6474981765625001 0.37422550625 0.65090299375 0.39127402187500004 0.656382778125 0.3985605875 0.66819463125 0.4031118734375 0.67574938125 0.4006364859375 0.6824964421875 0.39594881718749997 0.6890694500000001 0.383061753125
1 0.8909684625000001 0.3831241125 0.8955222421875 0.36470634999999996 0.8939625984375 0.3449891359375 0.880372459375 0.3247553640625 0.87324385 0.32221982968749996 0.859082646875 0.3467578734375 0.84111278125 0.3531412609375 0.8420722296875001 0.3696699984375 0.8473556656250001 0.37487422656249997 0.8585673234375 0.37623703750000004 0.8725724546875 0.394518421875 0.882146434375 0.3975737328125 0.8909684625000001 0.3831241125
1 0.8142737734375001 0.274995153125 0.8184237078125 0.25547125 0.8129885140625 0.2359505640625 0.8079125749999999 0.2297701390625 0.79873129375 0.2308794984375 0.7930328656250001 0.227627659375 0.791569240625 0.2375195578125 0.775966709375 0.2658324359375 0.77877133125 0.2796924765625 0.7856812984375 0.28626273593749996 0.7991308265625 0.289121521875 0.806685578125 0.28664613437500003 0.8142737734375001 0.274995153125