1 0.7650792953125001 0.097979471875 0.7550749390625 0.14201569218750001 0.7701589046875 0.1794795703125 0.80438433125 0.189338778125 0.8356497484375 0.16596258749999998 0.8414789125000001 0.151634409375 0.8424638625 0.1265271453125 0.82488551875 0.0887127046875 0.793502403125 0.0767283890625 0.7650792953125001 0.097979471875
1 0.6572428734375 0.12321715312499999 0.649529503125 0.16000164375 0.656231078125 0.193762884375 0.6760415609375 0.2066453421875 0.701333275 0.20767529218749997 0.7158927609375 0.19457408125 0.7236649796875 0.17546984375000002 0.7288839703125001 0.138334790625 0.7171936390625 0.1038724265625 0.6826202796875 0.0964888875 0.6572428734375 0.12321715312499999
1 0.7102669890625 0.21650455000000002 0.6957075015624999 0.22960576093750001 0.6808589296875 0.26286289687500003 0.6756399390625 0.2999979484375 0.680168225 0.3763714265625 0.6866075609375 0.384850121875 0.7069105171875 0.3851789484375 0.724660246875 0.3674769578125 0.7338241953125 0.33847004062499997 0.740231528125 0.283830015625 0.73602433125 0.2504193359375 0.7232902015625 0.22338398124999997 0.7102669890625 0.21650455000000002
1 0.6414733625 0.30781899375 0.6219839687500001 0.33789933437499997 0.6081523515625 0.4091679265625 0.6084734390625 0.45213072500000007 0.6162188125 0.47846495468750005 0.6326356609375 0.4883459 0.6560700109375001 0.46639369375 0.6698159359375 0.42288331562500003 0.6754685515625 0.355514378125 0.6716092875 0.3196280296875 0.6587306171875 0.3026706359375 0.6414733625 0.30781899375
1 0.5988283796875 0.1225812390625 0.57843973125 0.150010628125 0.571277684375 0.191921740625 0.5749924078124999 0.2378860515625 0.5947760453125001 0.2962069765625 0.6152823921875 0.30413809375 0.6282467578125 0.29333727187499997 0.6459376390625 0.257955028125 0.6470671296875 0.222769803125 0.6372610046875 0.16585112500000002 0.6221770390625 0.1283872484375 0.5988283796875 0.1225812390625
1 0.7750619671875 0.20793890781250002 0.7654912375 0.22174124375 0.7548498625 0.2884090578125 0.7578098718749999 0.3216444546875 0.7656997875 0.337900725 0.7815653109375 0.342655046875 0.7920352984375 0.3315036640625 0.8059846125 0.29559557812500004 0.8082167515625001 0.2706635953125 0.80470541875 0.232301575 0.79162335625 0.207741890625 0.7750619671875 0.20793890781250002
1 0.7727492953125 0.36918629531249997 0.7525051859375 0.3865377234375 0.7436891703125 0.4130689703125 0.7397173687499999 0.4503793046875 0.7385021828125 0.5133227437500001 0.7446524359375 0.5419573640625 0.76481085 0.5523641515625 0.7829085124999999 0.5321864921875 0.7917245296875 0.5056552437499999 0.7990311171875 0.45366617031249995 0.8007119328125001 0.42360756562499996 0.7916605203125 0.3794178015625 0.7727492953125 0.36918629531249997
1 0.68875400625 0.3876763546875 0.68237351875 0.39687791093749997 0.6723691625 0.44091413125 0.67179099375 0.481225978125 0.68264091875 0.5307176453125 0.6964188453125 0.5503259890625001 0.7097899921875 0.55472975 0.726640465625 0.534376809375 0.73420929375 0.5076702796875 0.7383256375 0.460281984375 0.730318025 0.40866520937499995 0.718831084375 0.3818051359375 0.68875400625 0.3876763546875
1 0.5568142109374999 0.39437911406250004 0.531988128125 0.4262340015625 0.5258110328125001 0.44303784999999996 0.5221871625000001 0.4778725125 0.5256396453125001 0.49855427968750005 0.53886625 0.5130360015625001 0.5805159625 0.5062666421875 0.6016004765625 0.4738859125 0.6060647546875 0.4240219484375 0.600813759375 0.3980382796875 0.593127234375 0.3893843015625 0.5568142109374999 0.39437911406250004
1 0.5358690765625 0.30812469375 0.5306500859375001 0.34525974531250003 0.5346538921875 0.3710681328125 0.54538611875 0.38519929375 0.5850927765625 0.38320599375 0.6026391156249999 0.3579017125 0.6085539718749999 0.3158153203125 0.5843917515625 0.2796001453125 0.561594415625 0.27892075781250003 0.5358690765625 0.30812469375
0 0.4460229390625 0.49493858749999997 0.4295204 0.5128158578125 0.42334330312499996 0.52961970625 0.41908241718749994 0.5870859640625 0.42882969375 0.6263243875 0.4462046453125 0.6565365359374999 0.47848701875 0.671171803125 0.488609071875 0.662496090625 0.5043568984375 0.63188990625 0.5070815109375 0.5944042921875 0.4981746421875 0.540136565625 0.485788446875 0.510625540625 0.4460229390625 0.49493858749999997
0 0.38795638125 0.49182700312499994 0.37568788125 0.497676484375 0.3544588234375 0.5401351765625 0.343207278125 0.583996115625 0.339032084375 0.6137041578125 0.3434426734375 0.6547171281249999 0.3507812640625 0.665846775 0.3728827328125 0.671477503125 0.3895886671875 0.661202525 0.4011024515625 0.6426241296875 0.4102664 0.6136172109375 0.4170216640625 0.5565015171875001 0.41565677812499996 0.5209657296875 0.40970991718749994 0.4999334015625 0.38795638125 0.49182700312499994
0 0.2672412875 0.5001072921875 0.2556418078125 0.5464439015625 0.261299584375 0.5876321531250001 0.2734823921875 0.6095408859375 0.3104912796875 0.5995947328125 0.3466277578125 0.5415591609375 0.3535864125 0.49204575625 0.337603190625 0.451930928125 0.29525761250000004 0.4636516265625 0.2672412875 0.5001072921875
0 0.27194611874999997 0.629521528125 0.24897739687499998 0.6843585703125 0.24596369999999998 0.7420001093749999 0.2535056828125 0.7607320484375 0.270473853125 0.7757396140624999 0.288630365625 0.7732422062500001 0.30513290625 0.7553649359375 0.3270578296875 0.7079549046875 0.3405415140625 0.6391619828125 0.33154895 0.6126524718749999 0.312637725 0.602420965625 0.27194611874999997 0.629521528125
0 0.39907370468750003 0.6751584046875 0.389476128125 0.73439920625 0.39742489375 0.7683357296875 0.40995563125 0.7877687921875001 0.4413387484375 0.7997531078125 0.46143831406249997 0.7924796421875 0.4770415984375 0.7719514203125 0.48690141249999996 0.7379931625 0.48768297031249996 0.70528360625 0.46442000625 0.6717193828125 0.4184185546875 0.6551560249999999 0.39907370468750003 0.6751584046875
0 0.3191999171875 0.75481735625 0.29521424218750003 0.7716429421875 0.2764207140625 0.7967719421874999 0.2688518875 0.8234784703125 0.2678669375 0.8485857343750001 0.2790647953125 0.89560173125 0.2995711421875 0.9035328484375 0.316828396875 0.898384490625 0.3578090875 0.8511280031249999 0.36787229374999997 0.8247720359375 0.37149616406249997 0.7899373734374999 0.36264814218749997 0.7533499 0.35586087499999997 0.7473468734375001 0.3191999171875 0.75481735625
0 0.3794449265625 0.8238738953125001 0.35856380312499997 0.863856915625 0.35314142187500003 0.893389678125 0.354302915625 0.9213231734375 0.369183490625 0.951184759375 0.4143713796875 0.9373389515625 0.43441209687500004 0.9123852328125001 0.4421843140625 0.8932809953125 0.4478957796875 0.8435923109375001 0.44154213750000004 0.8073554 0.40003696875 0.804046796875 0.3794449265625 0.8238738953125001
0 0.2099666046875 0.68140053125 0.19082514374999998 0.7090052 0.1871424265625 0.7261596109374999 0.18618948125 0.8143855953125 0.204725928125 0.872531240625 0.21754575156249997 0.8718083796875 0.23564341562500002 0.8516307203125001 0.24445943125 0.825099471875 0.25107015312500003 0.7780617390625 0.23836286874999998 0.7055879171874999 0.22992162968750002 0.6842050265624999 0.2099666046875 0.68140053125
0 0.21651332031249998 0.5081253546875 0.198212265625 0.5207007234375001 0.1891928578125 0.5396296796875 0.1850176640625 0.569337721875 0.1881810640625 0.6101754109375 0.196129828125 0.6441119328125 0.2122575921875 0.6741488015625 0.22881898281250002 0.673951784375 0.24726457812499997 0.651298453125 0.2546888625 0.6346698859375 0.2590085984375 0.5948838828125 0.25210363281250003 0.55352035 0.22773802031249998 0.509702884375 0.21651332031249998 0.5081253546875
0 0.26340266093750003 0.8984496999999999 0.2481473078125 0.9165022515624999 0.2353006421875 0.9626635796875 0.3272446953125 0.9781100421875 0.3369599671875 0.9542297453125 0.33954003906249997 0.9268220921875001 0.3305474765625 0.90031258125 0.283561075 0.9088564874999999 0.26340266093750003 0.8984496999999999
3 0.7246117187500001 0.5669110828124999 0.6904182953125 0.620170596875 0.674873859375 0.658379071875 0.67319304375 0.6884376750000001 0.691874034375 0.7365053578125 0.7148747609375 0.7447870375 0.7258960703125 0.738762275 0.7471839765625 0.7139838359375 0.7678617109375 0.6663985234375 0.7780106109375 0.6122843421875 0.7767045734375 0.5944288078125 0.7625198625 0.55961588125 0.744159959375 0.5545109953125 0.7246117187500001 0.5669110828124999
3 0.7198635171875 0.7454881609374999 0.6985167624999999 0.752586346875 0.6812915109375 0.8208534249999999 0.6785668968749999 0.8583390390625001 0.6842246734375 0.8995272906249999 0.6903160765624999 0.9104816578125 0.7199006796874999 0.917164071875 0.7348081 0.901587190625 0.7507004687500001 0.8609030453125 0.761486384375 0.7841572703125 0.759570175 0.7434948609375 0.7514768671875001 0.7196363015625 0.7198635171875 0.7454881609374999
3 0.7381194890625 1 0.73379630625 0.972132921875 0.7117216796875 0.9210637265624999 0.6962040890625001 0.9138337328125001 0.679846090625 0.9216330421875 0.6566739796875 0.9688677921875 0.6586572609375 1 0.7381194890625 1
3 0.6189537453125 0.65809371875 0.5992021125 0.6628915140625 0.5839467593750001 0.680944065625 0.5722884328125 0.709600421875 0.5691570375 0.731881453125 0.57371216875 0.7628164625 0.591841834375 0.8057575234375 0.612754965625 0.8288932250000001 0.6385980015625 0.8350497953125 0.6568990546875 0.8224744265625 0.6774322453125 0.7849670765625001 0.6847388343749999 0.7329780015625 0.6769934609375 0.7066437718749999 0.6623162765624999 0.6843844765625 0.6189537453125 0.65809371875
3 0.6136975890625 0.5235528609375 0.592409684375 0.5483313 0.5862645921875 0.62825386875 0.5943578984375 0.6521124296874999 0.6271327453125 0.6541940640624999 0.64479678125 0.6642502890624999 0.66649146875 0.654676434375 0.6801516984375 0.638924271875 0.6882718515625 0.6173443640625 0.6946791812499999 0.5627043390625001 0.6874851328125 0.54149673125 0.6662240703125 0.5208367 0.6136975890625 0.5235528609375
3 0.5394175734375 0.5181626234375 0.5199281796874999 0.5482429640625 0.5070546671875 0.639842759375 0.51407733125 0.7165667984375 0.5264046796875 0.7283975703125 0.5442132578125001 0.728375834375 0.5632101765625 0.710849125 0.5771594906249999 0.6749410390625 0.5876831671875 0.5729127203125 0.57863175625 0.5287229546875001 0.5629107734375001 0.5138906703125 0.5394175734375 0.5181626234375
3 0.5936991953125 0.8287396796875001 0.5707573203125 0.8381382531250001 0.5436402499999999 0.8772448703125001 0.54224851875 0.8871475500000001 0.542917540625 0.927634678125 0.5498225062500001 0.9689982109375 0.5823082671875001 0.9912357703125 0.6337321015625 0.9782663671874999 0.6532214953125 0.9481860265625001 0.658178246875 0.8857684296875 0.6504328734375 0.8594341984374999 0.639700646875 0.8453030375000001 0.5936991953125 0.8287396796875001
3 0.5257088140625 0.7333489109375 0.487511584375 0.7608000359375 0.46677500156249996 0.7907050953125 0.4605122125 0.835267159375 0.4784973375 0.8882861828124999 0.49471079375000004 0.890564834375 0.5377522375 0.8738927953125 0.5634775765625 0.8446888593749999 0.5715977265625 0.8231089515625 0.5759174625 0.7833229484374999 0.5694192765625 0.7571639984375 0.5586870515625 0.7430328375 0.5257088140625 0.7333489109375
3 0.535027784375 1 0.5379019390625001 0.9723720218749999 0.52635615 0.9278316953125 0.5052396296875 0.8970937046874999 0.474611228125 0.8978383015625001 0.45436712031250004 0.9151897281249999 0.44914812812499993 0.95232478125 0.454457971875 0.995988703125 0.4829998328125 1 0.535027784375 1
3 0.48334259687500003 0.310840853125 0.4642011359375 0.3384455234375 0.4573281734375 0.3602007125 0.44335201562500004 0.44154726718750004 0.4454127671875 0.4721317140625 0.47186597656249996 0.5010951593749999 0.4859329875 0.5005475796875001 0.49799809687499996 0.48709580625 0.5128466671874999 0.453838671875 0.527518690625 0.367540778125 0.5236594265625001 0.331654428125 0.5136230671875001 0.312571928125 0.48334259687500003 0.310840853125
3 0.397463103125 0.351787225 0.3796545234375 0.3518089625 0.3526819953125 0.380837615625 0.3405900421875 0.4397278578125 0.344390459375 0.45793395312499996 0.3581683859375 0.477542296875 0.40695329999999996 0.47430029375 0.43357789375 0.44774730937499996 0.44593208593749994 0.4141396140625 0.4463657125 0.383905728125 0.44166604062500003 0.36304868125 0.4135320171875 0.364143840625 0.397463103125 0.351787225
3 0.2815013703125 0.2900476265625 0.2572266109375 0.327029134375 0.2501234140625 0.3866204984375 0.2600152328125 0.41578096249999996 0.26929687812499997 0.42213455 0.290151159375 0.427589996875 0.3189810484375 0.42154349843750005 0.3434591984375 0.39216428125 0.3506800921875 0.367933421875 0.35569569375 0.323196078125 0.346355196875 0.2991622375 0.32938702656249996 0.284154671875 0.2815013703125 0.2900476265625
3 0.4392521953125 0.226382715625 0.40354934531250003 0.254184403125 0.39418200625 0.2755890296875 0.390702678125 0.30034573125 0.40030541406250003 0.3496621171875 0.4332836515625 0.35934604375 0.461706759375 0.3380949625 0.482443340625 0.308189903125 0.488010265625 0.2685791796875 0.4750727453125 0.23394153437499998 0.45990308593749996 0.22423587031249997 0.4392521953125 0.226382715625
3 0.5382354390625 0.056000370312500006 0.518194721875 0.0809540890625 0.5088273812499999 0.10235871562500001 0.4969976671875 0.1865315015625 0.49731875625 0.22949429999999998 0.5054120625 0.2533528609375 0.534996665625 0.260035275 0.5575317609375 0.2354321171875 0.5686387640625 0.2016491390625 0.581860209375 0.10757367343749999 0.5773050796875 0.0766386640625 0.5544488953125 0.0582790234375 0.5382354390625 0.056000370312500006
3 0.395188640625 0.09648610937499999 0.3753513140625 0.12904211875 0.367841334375 0.1734289015625 0.36795903281250003 0.20878940781250002 0.3802006890625 0.24837839375 0.3909329140625 0.2625095546875 0.4314211296875 0.2278067 0.43748052812499993 0.1756423453125 0.424976634375 0.1107708140625 0.4158395296875 0.0943392640625 0.395188640625 0.09648610937499999
3 0.3143835953125 0.1103753890625 0.2998241078125 0.1234766 0.2936470109375 0.1402804484375 0.2875287640625 0.17476455 0.287791003125 0.20004709531249998 0.3077780328125 0.26597031250000003 0.330227434375 0.2691253703125 0.3419446109375 0.2581492671875 0.359635490625 0.22276702343750002 0.3634627515625 0.1955346515625 0.3588487734375 0.1469193890625 0.34431613125 0.1145821328125 0.3143835953125 0.1103753890625
3 0.4535122796875 0.0163230484375 0.43596594062499994 0.0416273296875 0.42926952500000004 0.116423278125 0.43347672187499997 0.1498339578125 0.44461572968749996 0.1791697015625 0.4667171984375 0.184800428125 0.489948159375 0.15524593125 0.49870532812499996 0.11103442968749999 0.4971959 0.0855766046875 0.4854467203125 0.0334339859375 0.47506242500000007 0.01682715625 0.4535122796875 0.0163230484375
3 0.3795461296875 0 0.374998221875 0.0229606 0.37676988906250003 0.0737009703125 0.4003219390625 0.0871092703125 0.4145334921875 0.0764837296875 0.435559159375 0.026422746875000003 0.44098455000000003 0 0.3795461296875 0
3 0.307003028125 0 0.3023721765625 0.032950226562500004 0.3063759828125 0.058758614062500006 0.31226399374999997 0.0621106890625 0.3366564515625 0.0604896875 0.35170841249999996 0.0348348453125 0.3641434546875 0 0.307003028125 0