1 0.0675 0.8574999999999999 0.0658333328125 0.8491666671875 0.057499999999999996 0.8433333328125 0.0358333328125 0.845 0.027500000000000004 0.8516666671875001 0.0283333328125 0.8608333328125 0.038333332812499996 0.8666666671875 0.06 0.8641666671875001 0.0675 0.8574999999999999
1 0.057499999999999996 0.8333333328125001 0.048333332812500004 0.82 0.038333332812499996 0.8175000000000001 0.029166667187500002 0.8258333328124999 0.0283333328125 0.8333333328125001 0.0333333328125 0.8425 0.057499999999999996 0.8425 0.057499999999999996 0.8333333328125001
1 0.042499999999999996 0.795 0.055833332812500004 0.78 0.0566666671875 0.7758333328125 0.0508333328125 0.7675 0.0533333328125 0.7533333328125 0.0491666671875 0.7525000000000001 0.038333332812499996 0.7575000000000001 0.027500000000000004 0.7716666671875 0.024166667187499997 0.7791666671875 0.0258333328125 0.79 0.0333333328125 0.795 0.042499999999999996 0.795
1 0.0358333328125 0.7591666671875 0.0508333328125 0.7508333328125001 0.052500000000000005 0.7358333328125 0.0466666671875 0.7266666671875 0.0333333328125 0.7258333328125001 0.0283333328125 0.73 0.025 0.7366666671875 0.025 0.7466666671875 0.030833332812499996 0.7575000000000001 0.0358333328125 0.7591666671875
1 0.1075 0.6916666671875 0.11000000000000001 0.675 0.1025 0.6675 0.0941666671875 0.6675 0.0808333328125 0.6791666671875001 0.0758333328125 0.6900000000000001 0.075 0.6958333328124999 0.0783333328125 0.7016666671875 0.0933333328125 0.7033333328125 0.1075 0.6916666671875
1 0.0941666671875 0.7075 0.0883333328125 0.7041666671875 0.08 0.7041666671875 0.0666666671875 0.72 0.0675 0.7325 0.0808333328125 0.7366666671875 0.0941666671875 0.72 0.0941666671875 0.7075
1 0.0858333328125 0.7583333328124999 0.08249999999999999 0.7533333328125 0.0716666671875 0.7491666671874999 0.06 0.75 0.0516666671875 0.7558333328125 0.0508333328125 0.7691666671874999 0.0633333328125 0.7775000000000001 0.0783333328125 0.775 0.0858333328125 0.7583333328124999
1 0.14750000000000002 0.8975 0.1491666671875 0.8825 0.1408333328125 0.8741666671875 0.13333333281249998 0.8716666671875 0.1183333328125 0.8875 0.11916666718749999 0.9041666671874999 0.1275 0.9099999999999999 0.1366666671875 0.9108333328124999 0.14750000000000002 0.8975
1 0.0983333328125 0.8591666671875 0.1058333328125 0.8400000000000001 0.1025 0.8275 0.0966666671875 0.82 0.0916666671875 0.8183333328125 0.0841666671875 0.8183333328125 0.0783333328125 0.825 0.0775 0.835 0.0816666671875 0.85 0.0891666671875 0.8583333328125 0.0983333328125 0.8591666671875
1 0.1383333328125 0.8683333328125 0.14416666718749999 0.8591666671875 0.14416666718749999 0.8533333328125 0.1275 0.8408333328125 0.11000000000000001 0.8391666671875001 0.10500000000000001 0.8441666671875 0.1041666671875 0.8533333328125 0.11416666718749999 0.8633333328124999 0.1341666671875 0.8691666671875 0.1383333328125 0.8683333328125
1 0.1641666671875 0.6358333328125 0.16499999999999998 0.6224999999999999 0.1575 0.6166666671875001 0.14416666718749999 0.6191666671875 0.1358333328125 0.6325000000000001 0.1341666671875 0.6433333328125 0.1408333328125 0.6491666671874999 0.1533333328125 0.65 0.1641666671875 0.6358333328125
1 0.1525 0.615 0.1591666671875 0.6016666671875 0.155 0.5883333328125 0.15 0.5833333328125 0.14250000000000002 0.5825 0.1325 0.5916666671875 0.1316666671875 0.6058333328125001 0.135 0.6133333328125 0.1408333328125 0.6183333328125 0.1525 0.615
1 0.1825 0.7308333328125001 0.1891666671875 0.7258333328125001 0.1891666671875 0.7116666671874999 0.1783333328125 0.6958333328124999 0.16999999999999998 0.6908333328125 0.155 0.6958333328124999 0.1533333328125 0.7133333328125 0.1633333328125 0.725 0.17333333281250002 0.7316666671875 0.1825 0.7308333328125001
1 0.14750000000000002 0.755 0.1458333328125 0.7433333328125 0.1375 0.7383333328125 0.125 0.74 0.10916666718750001 0.7508333328125001 0.10916666718750001 0.7616666671875 0.11916666718749999 0.7691666671874999 0.1316666671875 0.7658333328125 0.14750000000000002 0.755
1 0.1116666671875 0.7408333328125 0.11416666718749999 0.73 0.1116666671875 0.7224999999999999 0.1041666671875 0.7191666671875 0.0941666671875 0.7224999999999999 0.08249999999999999 0.735 0.08249999999999999 0.7441666671875 0.0891666671875 0.7533333328125 0.0925 0.7533333328125 0.1116666671875 0.7408333328125
1 0.14750000000000002 0.725 0.14750000000000002 0.7224999999999999 0.135 0.7175 0.1266666671875 0.7083333328125 0.12250000000000001 0.7091666671875 0.1166666671875 0.7166666671875 0.1158333328125 0.7283333328125 0.1233333328125 0.7366666671875 0.13916666718749998 0.735 0.14750000000000002 0.725
1 0.1525 0.7166666671875 0.1508333328125 0.6975 0.1383333328125 0.6891666671875 0.1291666671875 0.6975 0.13 0.71 0.1366666671875 0.7183333328125 0.14750000000000002 0.725 0.1525 0.7166666671875
1 0.1575 0.85 0.1616666671875 0.8400000000000001 0.155 0.8233333328124999 0.1408333328125 0.8175000000000001 0.1341666671875 0.8308333328125 0.1341666671875 0.8408333328125 0.13916666718749998 0.8483333328124999 0.14750000000000002 0.8541666671874999 0.1575 0.85
1 0.12250000000000001 0.8383333328125 0.13333333281249998 0.8316666671874999 0.13916666718749998 0.8166666671874999 0.13 0.8074999999999999 0.1158333328125 0.8074999999999999 0.1041666671875 0.8175000000000001 0.10333333281249998 0.825 0.1066666671875 0.8341666671875 0.1108333328125 0.8375 0.12250000000000001 0.8383333328125
1 0.1758333328125 0.8683333328125 0.1741666671875 0.8574999999999999 0.1641666671875 0.8525 0.14750000000000002 0.8558333328125001 0.1416666671875 0.8658333328125 0.1416666671875 0.8733333328124999 0.1516666671875 0.8816666671875 0.1608333328125 0.8808333328125 0.1758333328125 0.8683333328125
1 0.1866666671875 0.8366666671875 0.1858333328125 0.8266666671875 0.1716666671875 0.8158333328125 0.16 0.8216666671875 0.1583333328125 0.8316666671874999 0.1633333328125 0.8433333328125 0.175 0.8508333328125 0.1866666671875 0.8366666671875
1 0.2608333328125 0.7366666671875 0.25833333281250004 0.7308333328125001 0.2525 0.7283333328125 0.2391666671875 0.73 0.2266666671875 0.7466666671875 0.22833333281249998 0.7566666671875 0.24500000000000002 0.7625 0.25666666718750003 0.7558333328125 0.2608333328125 0.7366666671875
1 0.2316666671875 0.7233333328125 0.23583333281250002 0.6983333328125 0.2166666671875 0.6916666671875 0.21000000000000002 0.7033333328125 0.20833333281250002 0.7141666671875 0.2141666671875 0.725 0.22000000000000003 0.7266666671875 0.2316666671875 0.7233333328125
1 0.23583333281250002 0.6925 0.24333333281249997 0.6883333328125001 0.24500000000000002 0.6708333328125 0.2408333328125 0.6625 0.2233333328125 0.6591666671875 0.2116666671875 0.665 0.2108333328125 0.6725 0.2166666671875 0.6858333328125 0.2216666671875 0.6900000000000001 0.23583333281250002 0.6925
1 0.2966666671875 0.7133333328125 0.2941666671875 0.7066666671874999 0.2966666671875 0.6883333328125001 0.2791666671875 0.6983333328125 0.27999999999999997 0.7150000000000001 0.2883333328125 0.7191666671875 0.2925 0.7183333328125 0.2966666671875 0.7133333328125
1 0.32166666718750003 0.7691666671874999 0.315 0.7625 0.3025 0.7633333328125 0.2925 0.7683333328125 0.28500000000000003 0.7775000000000001 0.2841666671875 0.7858333328125 0.30333333281249997 0.7916666671875 0.3183333328125 0.7833333328125 0.32166666718750003 0.7691666671874999
1 0.305 0.8066666671875 0.30583333281249997 0.8008333328124999 0.3 0.7916666671875 0.2833333328125 0.7858333328125 0.2733333328125 0.7891666671875 0.2733333328125 0.8025 0.2875 0.8133333328125 0.2966666671875 0.8150000000000001 0.305 0.8066666671875
1 0.3466666671875 0.9016666671875001 0.34750000000000003 0.8883333328124999 0.335 0.8741666671875 0.3275 0.8724999999999999 0.315 0.8833333328125 0.315 0.8933333328125 0.325 0.9041666671874999 0.3383333328125 0.9066666671875 0.3466666671875 0.9016666671875001
1 0.3858333328125 0.8416666671874999 0.3791666671875 0.8291666671875 0.3616666671875 0.8316666671874999 0.3583333328125 0.8375 0.35750000000000004 0.8483333328124999 0.36583333281249997 0.8541666671874999 0.3791666671875 0.8525 0.3858333328125 0.8416666671874999
1 0.32083333281250004 0.7625 0.3241666671875 0.7508333328125001 0.31916666718750003 0.7433333328125 0.3 0.7333333328125 0.2916666671875 0.7358333328125 0.2866666671875 0.7408333328125 0.2866666671875 0.7541666671875 0.2916666671875 0.7583333328124999 0.3008333328125 0.7625 0.32083333281250004 0.7625
1 0.225 0.6308333328125 0.2258333328125 0.625 0.2133333328125 0.6116666671875 0.20166666718749998 0.6108333328125 0.1933333328125 0.6174999999999999 0.1916666671875 0.6266666671875 0.20249999999999999 0.635 0.2208333328125 0.635 0.225 0.6308333328125
1 0.1933333328125 0.6166666671875001 0.2 0.6091666671875 0.1975 0.6016666671875 0.1925 0.5974999999999999 0.185 0.5966666671875 0.1766666671875 0.6033333328125 0.175 0.6133333328125 0.17916666718750002 0.6266666671875 0.19 0.6275000000000001 0.1933333328125 0.6166666671875001
1 0.1758333328125 0.9275 0.1758333328125 0.9158333328125 0.1625 0.9033333328125 0.1508333328125 0.9 0.1433333328125 0.905 0.1416666671875 0.9108333328124999 0.1541666671875 0.9275 0.1633333328125 0.9308333328125 0.1758333328125 0.9275
1 0.275 0.835 0.2741666671875 0.8216666671875 0.265 0.8158333328125 0.2558333328125 0.8166666671874999 0.2416666671875 0.8241666671875001 0.24 0.835 0.2475 0.8416666671874999 0.2683333328125 0.8416666671874999 0.275 0.835
1 0.2858333328125 0.8941666671874999 0.29 0.8883333328124999 0.29 0.8783333328125 0.2758333328125 0.8716666671875 0.265 0.875 0.2541666671875 0.8841666671875 0.255 0.8933333328125 0.2608333328125 0.8991666671875 0.2683333328125 0.9 0.2858333328125 0.8941666671874999
1 0.25166666718749997 0.9108333328124999 0.2575 0.9041666671874999 0.2475 0.8975 0.2408333328125 0.8975 0.2241666671875 0.9033333328125 0.21833333281249998 0.9099999999999999 0.21749999999999997 0.9175000000000001 0.225 0.9199999999999999 0.2425 0.9116666671875 0.25166666718749997 0.9108333328124999
1 0.3258333328125 0.8699999999999999 0.3225 0.8641666671875001 0.3125 0.8574999999999999 0.2983333328125 0.8574999999999999 0.2908333328125 0.8633333328124999 0.2891666671875 0.8699999999999999 0.2958333328125 0.875 0.3175 0.8758333328125 0.3258333328125 0.8699999999999999
1 0.24416666718750002 0.7858333328125 0.24500000000000002 0.775 0.24 0.7641666671875 0.2241666671875 0.7591666671875 0.21749999999999997 0.765 0.2158333328125 0.7758333328125 0.2258333328125 0.795 0.23333333281250002 0.7941666671875 0.24416666718750002 0.7858333328125
1 0.2216666671875 0.8025 0.2216666671875 0.7883333328125001 0.2108333328125 0.7741666671874999 0.1991666671875 0.7725 0.1916666671875 0.7783333328125 0.1916666671875 0.7958333328125 0.1983333328125 0.8066666671875 0.21000000000000002 0.8099999999999999 0.2216666671875 0.8025
1 0.215 0.6925 0.2133333328125 0.6791666671875001 0.2033333328125 0.6716666671875 0.1875 0.6783333328125 0.1816666671875 0.6866666671874999 0.1825 0.6991666671875 0.1941666671875 0.7108333328125 0.2058333328125 0.7075 0.215 0.6925
2 0.3433333328125 0.6375 0.3358333328125 0.6224999999999999 0.3283333328125 0.6183333328125 0.31416666718749997 0.6166666671875001 0.2991666671875 0.63 0.3008333328125 0.6433333328125 0.3133333328125 0.65 0.3308333328125 0.6466666671875 0.3433333328125 0.6375
2 0.365 0.7066666671874999 0.37666666718749997 0.6991666671875 0.37666666718749997 0.6858333328125 0.36583333281249997 0.6708333328125 0.35 0.6675 0.3383333328125 0.6766666671875 0.3366666671875 0.6833333328125 0.3391666671875 0.6908333328125 0.3483333328125 0.7 0.365 0.7066666671874999
2 0.3225 0.6799999999999999 0.3225 0.6666666671875 0.3175 0.6533333328125 0.30416666718749996 0.6508333328125 0.2983333328125 0.6541666671875 0.29500000000000004 0.6616666671875 0.2966666671875 0.6841666671875 0.30333333281249997 0.6891666671875 0.3166666671875 0.6883333328125001 0.3225 0.6799999999999999
2 0.29 0.6925 0.29500000000000004 0.6849999999999999 0.2866666671875 0.6616666671875 0.2791666671875 0.6558333328125 0.2716666671875 0.6558333328125 0.2625 0.6608333328125 0.25833333281250004 0.665 0.2616666671875 0.6841666671875 0.2766666671875 0.6958333328124999 0.29 0.6925
2 0.3241666671875 0.7224999999999999 0.3308333328125 0.7150000000000001 0.33166666718750004 0.7083333328125 0.3283333328125 0.7008333328125 0.3158333328125 0.6908333328125 0.3016666671875 0.6891666671875 0.2958333328125 0.6983333328125 0.29500000000000004 0.7058333328125 0.2991666671875 0.7141666671875 0.3075 0.7208333328125 0.3241666671875 0.7224999999999999
2 0.3758333328125 0.8041666671875 0.38416666718750003 0.7933333328125001 0.3866666671875 0.7725 0.3791666671875 0.7633333328125 0.3633333328125 0.7625 0.3491666671875 0.7825 0.3483333328125 0.7975 0.3516666671875 0.8033333328125 0.35583333281249996 0.8058333328125 0.3758333328125 0.8041666671875
2 0.4575 0.7683333328125 0.4641666671875 0.7558333328125 0.46333333281250005 0.7433333328125 0.45583333281250005 0.7383333328125 0.44333333281250004 0.7391666671875 0.43583333281250003 0.745 0.43 0.7575000000000001 0.4291666671875 0.7658333328125 0.4325 0.7733333328125 0.4516666671875 0.7725 0.4575 0.7683333328125
2 0.46333333281250005 0.7991666671875 0.46749999999999997 0.7916666671875 0.46749999999999997 0.7783333328125 0.4566666671875 0.7725 0.43833333281250003 0.7758333328125 0.43166666718749996 0.7808333328125 0.4266666671875 0.7916666671875 0.4266666671875 0.8008333328124999 0.4308333328125 0.8074999999999999 0.4458333328125 0.8091666671875 0.46333333281250005 0.7991666671875
2 0.4058333328125 0.7141666671875 0.41 0.7058333328125 0.41 0.6966666671875 0.4025 0.6808333328125 0.3883333328125 0.6766666671875 0.3808333328125 0.6849999999999999 0.38 0.7 0.38416666718750003 0.7133333328125 0.3908333328125 0.7183333328125 0.4058333328125 0.7141666671875
2 0.2641666671875 0.5641666671875 0.2616666671875 0.55 0.25166666718749997 0.5466666671875 0.2383333328125 0.55 0.2266666671875 0.5583333328125 0.2258333328125 0.5675 0.2341666671875 0.5783333328125 0.24583333281250003 0.5758333328125 0.2641666671875 0.5641666671875
2 0.27749999999999997 0.605 0.27999999999999997 0.5875 0.2725 0.5708333328124999 0.2641666671875 0.5683333328125 0.2508333328125 0.5741666671875 0.2491666671875 0.585 0.255 0.6025 0.2658333328125 0.6091666671875 0.27749999999999997 0.605
2 0.30333333281249997 0.5916666671875 0.3066666671875 0.5883333328125 0.3083333328125 0.5766666671875 0.3016666671875 0.5575 0.29333333281249996 0.5525 0.28500000000000003 0.5558333328125 0.27999999999999997 0.5633333328125001 0.2791666671875 0.5741666671875 0.28250000000000003 0.5866666671874999 0.29 0.5933333328125 0.30333333281249997 0.5916666671875
2 0.29500000000000004 0.6375 0.2983333328125 0.6258333328125001 0.2891666671875 0.6191666671875 0.2716666671875 0.6224999999999999 0.26 0.63 0.2625 0.6433333328125 0.2666666671875 0.6458333328125 0.28250000000000003 0.6383333328125 0.29500000000000004 0.6375
2 0.31416666718749997 0.6125 0.315 0.6066666671875 0.3075 0.5933333328125 0.2983333328125 0.5933333328125 0.2891666671875 0.5991666671875 0.2875 0.61 0.2916666671875 0.6183333328125 0.2991666671875 0.6241666671874999 0.31416666718749997 0.6125
2 0.4108333328125 0.7941666671875 0.41916666718749995 0.7775000000000001 0.4166666671875 0.7591666671875 0.40416666718750005 0.7558333328125 0.3916666671875 0.765 0.3891666671875 0.7708333328125 0.3916666671875 0.7933333328125001 0.4033333328125 0.7966666671875 0.4108333328125 0.7941666671875
2 0.4458333328125 0.7 0.4483333328125 0.6849999999999999 0.4441666671875 0.6791666671875001 0.43 0.6725 0.4166666671875 0.6725 0.4091666671875 0.6775 0.40833333281249995 0.6883333328125001 0.41333333281250006 0.6991666671875 0.43166666718749996 0.7033333328125 0.4458333328125 0.7
2 0.2758333328125 0.5266666671875 0.2808333328125 0.5158333328125 0.27749999999999997 0.5066666671875 0.2608333328125 0.4925 0.2508333328125 0.4925 0.2475 0.4966666671875 0.2475 0.5083333328124999 0.26 0.5233333328125 0.26916666718750004 0.5275000000000001 0.2758333328125 0.5266666671875
2 0.3308333328125 0.5083333328124999 0.33166666718750004 0.4875 0.3358333328125 0.4808333328125 0.33166666718750004 0.47583333281250006 0.3125 0.4725 0.3 0.4791666671875 0.2983333328125 0.49083333281249997 0.3125 0.5125 0.32166666718750003 0.5125 0.3308333328125 0.5083333328124999
2 0.3258333328125 0.4641666671875 0.32083333281250004 0.44749999999999995 0.31416666718749997 0.44166666718750003 0.29500000000000004 0.445 0.2875 0.4516666671875 0.2858333328125 0.46333333281250005 0.2941666671875 0.4716666671875 0.3166666671875 0.4716666671875 0.3258333328125 0.4641666671875
2 0.3466666671875 0.46666666718750005 0.3525 0.46333333281250005 0.3541666671875 0.43583333281250003 0.3491666671875 0.425 0.3441666671875 0.4216666671875 0.3358333328125 0.4225 0.3308333328125 0.4258333328125 0.3258333328125 0.43583333281250003 0.3241666671875 0.44749999999999995 0.3283333328125 0.46166666718749994 0.3375 0.46666666718750005 0.3466666671875 0.46666666718750005
2 0.4141666671875 0.51 0.42000000000000004 0.49749999999999994 0.41166666718749995 0.48250000000000004 0.3991666671875 0.4725 0.39416666718750004 0.4725 0.39 0.4766666671875 0.38333333281250004 0.485 0.3858333328125 0.49833333281250003 0.4 0.5108333328125 0.4141666671875 0.51
2 0.43499999999999994 0.49916666718749997 0.44333333281250004 0.4841666671875 0.4425 0.46749999999999997 0.43499999999999994 0.46166666718749994 0.425 0.45999999999999996 0.4175 0.4658333328125 0.41333333281250006 0.47416666718749995 0.4125 0.4808333328125 0.42083333281249996 0.49749999999999994 0.42750000000000005 0.5025000000000001 0.43499999999999994 0.49916666718749997
2 0.3791666671875 0.5558333328125 0.3825 0.5366666671875 0.375 0.5283333328125 0.3691666671875 0.525 0.3625 0.5258333328125 0.35583333281249996 0.5308333328125 0.3516666671875 0.5391666671875 0.3508333328125 0.5475 0.355 0.5566666671875 0.3725 0.5599999999999999 0.3791666671875 0.5558333328125
2 0.545 0.7091666671875 0.545 0.6983333328125 0.5358333328125 0.6900000000000001 0.5075000000000001 0.6900000000000001 0.4966666671875 0.7008333328125 0.49833333281250003 0.7133333328125 0.5116666671875 0.7183333328125 0.5333333328125 0.7183333328125 0.545 0.7091666671875
2 0.5391666671875 0.74 0.5425 0.7291666671875 0.5349999999999999 0.7216666671875 0.525 0.7216666671875 0.5158333328125 0.7266666671875 0.51 0.7358333328125 0.5091666671875 0.7483333328125 0.515 0.7541666671875 0.5208333328125 0.7541666671875 0.5391666671875 0.74
2 0.6283333328125 0.6591666671875 0.6325000000000001 0.6541666671875 0.6325000000000001 0.6483333328125 0.6241666671874999 0.615 0.6158333328125 0.6083333328125 0.6083333328125 0.6075 0.5966666671875 0.6191666671875 0.5958333328125 0.63 0.6008333328125001 0.6575 0.6125 0.6641666671875 0.6283333328125 0.6591666671875
2 0.40499999999999997 0.5866666671874999 0.4183333328125 0.5866666671874999 0.4225 0.5783333328125 0.42000000000000004 0.5641666671875 0.4125 0.5558333328125 0.3966666671875 0.5558333328125 0.39249999999999996 0.5599999999999999 0.39249999999999996 0.5700000000000001 0.3958333328125 0.5758333328125 0.40499999999999997 0.5866666671874999
2 0.35583333281249996 0.755 0.3566666671875 0.7424999999999999 0.3508333328125 0.7291666671875 0.3416666671875 0.7266666671875 0.3333333328125 0.7283333328125 0.3283333328125 0.7333333328125 0.3266666671875 0.75 0.32999999999999996 0.7558333328125 0.3416666671875 0.7633333328125 0.35583333281249996 0.755
2 0.38166666718750003 0.7175 0.37333333281250003 0.7075 0.3633333328125 0.7083333328125 0.3541666671875 0.72 0.3525 0.7308333328125001 0.3591666671875 0.74 0.38 0.735 0.38166666718750003 0.7175
2 0.3908333328125 0.5958333328125 0.3908333328125 0.5916666671875 0.3783333328125 0.5825 0.3625 0.5816666671874999 0.3525 0.5875 0.3541666671875 0.6025 0.3725 0.6116666671875 0.38333333281250004 0.61 0.3908333328125 0.5958333328125
2 0.33166666718750004 0.5616666671874999 0.3333333328125 0.5466666671875 0.3275 0.5391666671875 0.31416666718749997 0.5383333328125001 0.30583333281249997 0.5508333328125 0.305 0.5608333328125 0.31 0.5733333328125 0.325 0.5708333328124999 0.33166666718750004 0.5616666671874999
2 0.3883333328125 0.4583333328125 0.3891666671875 0.445 0.38333333281250004 0.44000000000000006 0.3608333328125 0.43916666718749997 0.355 0.4441666671875 0.355 0.4608333328125 0.3616666671875 0.4658333328125 0.38333333281250004 0.4641666671875 0.3883333328125 0.4583333328125
2 0.3916666671875 0.4258333328125 0.3908333328125 0.4183333328125 0.3791666671875 0.41166666718749995 0.3633333328125 0.4108333328125 0.3566666671875 0.41333333281250006 0.3525 0.41916666718749995 0.355 0.43333333281249997 0.3608333328125 0.4375 0.38416666718750003 0.43666666718749997 0.3916666671875 0.4258333328125
2 0.4608333328125 0.6425 0.47416666718749995 0.6408333328125 0.4841666671875 0.6341666671875 0.4891666671875 0.6258333328125001 0.48666666718749996 0.6133333328125 0.4808333328125 0.6075 0.4625 0.6083333328125 0.44749999999999995 0.6191666671875 0.445 0.6224999999999999 0.445 0.6333333328124999 0.4491666671875 0.6391666671875 0.4608333328125 0.6425
2 0.5425 0.675 0.5608333328125 0.6733333328125 0.5666666671875 0.6666666671875 0.5683333328125 0.6575 0.5608333328125 0.6491666671874999 0.5366666671875 0.6458333328125 0.5291666671875 0.65 0.5308333328125 0.655 0.5283333328125 0.6575 0.5325 0.6683333328125001 0.5425 0.675
2 0.4566666671875 0.5308333328125 0.4591666671875 0.5166666671875 0.45 0.5008333328125001 0.43833333281250003 0.49916666718749997 0.4266666671875 0.5091666671875 0.4266666671875 0.5225 0.43833333281250003 0.5325 0.4458333328125 0.5375 0.4566666671875 0.5308333328125
2 0.47416666718749995 0.7541666671875 0.48 0.7533333328125 0.485 0.7474999999999999 0.485 0.7358333328125 0.4808333328125 0.725 0.4725 0.7183333328125 0.45999999999999996 0.7208333328125 0.4591666671875 0.7308333328125001 0.46666666718750005 0.745 0.46666666718750005 0.7508333328125001 0.47416666718749995 0.7541666671875
0 0 0.3266666671875 0.0091666671875 0.32999999999999996 0.0166666671875 0.3291666671875 0.024166667187499997 0.32083333281250004 0.025 0.30416666718749996 0.0141666671875 0.2958333328125 0.0025 0.2975 0 0.2991666671875 0 0.3266666671875
0 0.08249999999999999 0.2783333328125 0.0808333328125 0.2708333328125 0.0716666671875 0.265 0.05500000000000001 0.265 0.0433333328125 0.2733333328125 0.0433333328125 0.2841666671875 0.0533333328125 0.2941666671875 0.07416666718750001 0.2908333328125 0.08249999999999999 0.2783333328125
0 0.0991666671875 0.2541666671875 0.0983333328125 0.24 0.08499999999999999 0.2266666671875 0.07416666718750001 0.225 0.0641666671875 0.2366666671875 0.0658333328125 0.2483333328125 0.08 0.25833333281250004 0.09 0.2608333328125 0.0991666671875 0.2541666671875
0 0.10333333281249998 0.2116666671875 0.10833333281249999 0.1966666671875 0.1066666671875 0.1891666671875 0.1008333328125 0.18416666718750002 0.0908333328125 0.185 0.0808333328125 0.19583333281249998 0.07666666718750001 0.20833333281250002 0.0758333328125 0.21916666718750002 0.0783333328125 0.2225 0.0941666671875 0.22000000000000003 0.10333333281249998 0.2116666671875
0 0.1516666671875 0.1991666671875 0.1483333328125 0.1816666671875 0.1366666671875 0.1758333328125 0.1275 0.1766666671875 0.12250000000000001 0.1816666671875 0.12250000000000001 0.20249999999999999 0.1325 0.2108333328125 0.145 0.20916666718750002 0.1516666671875 0.1991666671875
0 0.13333333281249998 0.25666666718750003 0.1408333328125 0.2416666671875 0.1366666671875 0.2258333328125 0.13 0.2208333328125 0.12 0.2216666671875 0.11333333281249999 0.22916666718749998 0.1125 0.2425 0.1158333328125 0.25166666718749997 0.125 0.2575 0.13333333281249998 0.25666666718750003
0 0.6483333328125 0.9766666671875001 0.6558333328125 0.9666666671874999 0.6541666671875 0.9541666671875 0.6433333328125 0.9475 0.6224999999999999 0.9466666671875 0.615 0.9558333328125 0.6141666671875 0.9633333328125 0.6191666671875 0.97 0.6325000000000001 0.9766666671875001 0.6483333328125 0.9766666671875001
0 0.6266666671875 0.9941666671875 0.6275000000000001 0.9775 0.6125 0.9616666671875 0.605 0.9616666671875 0.5983333328125 0.9675 0.5974999999999999 0.9783333328125 0.6058333328125001 0.9941666671875 0.6158333328125 0.9974999999999999 0.6266666671875 0.9941666671875
0 0.7966666671875 0.9025000000000001 0.8025 0.8983333328124999 0.8041666671875 0.8858333328124999 0.795 0.875 0.775 0.8666666671875 0.7683333328125 0.8675 0.7633333328125 0.8724999999999999 0.7625 0.8833333328125 0.7716666671875 0.8941666671874999 0.7875 0.9016666671875001 0.7966666671875 0.9025000000000001
0 0.8108333328124999 0.8633333328124999 0.8074999999999999 0.8525 0.7916666671875 0.8441666671875 0.7808333328125 0.845 0.7733333328125 0.8533333328125 0.7733333328125 0.8658333328125 0.7916666671875 0.8733333328124999 0.8041666671875 0.8733333328124999 0.8108333328124999 0.8633333328124999
0 0.8375 0.9349999999999999 0.845 0.9216666671875 0.8441666671875 0.9041666671874999 0.8283333328125 0.9 0.8183333328125 0.9108333328124999 0.8166666671874999 0.925 0.8191666671875 0.9316666671875 0.8291666671875 0.9375 0.8375 0.9349999999999999
0 0.9675 0.9258333328124999 0.975 0.9208333328125 0.9775 0.9099999999999999 0.9691666671875 0.8958333328125001 0.9541666671875 0.8925000000000001 0.9466666671875 0.8966666671875 0.945 0.9083333328125001 0.95 0.9199999999999999 0.9616666671875 0.9258333328124999 0.9675 0.9258333328124999
0 0.9141666671875001 0.77 0.9216666671875 0.7583333328124999 0.9191666671875 0.7383333328125 0.9108333328124999 0.7325 0.9025000000000001 0.7333333328125 0.8933333328125 0.745 0.8925000000000001 0.7591666671875 0.8949999999999999 0.7658333328125 0.9016666671875001 0.7708333328125 0.9141666671875001 0.77
0 0.9791666671874999 0.5125 0.9816666671875 0.4933333328125 0.9733333328124999 0.485 0.9641666671875001 0.485 0.9550000000000001 0.4925 0.9516666671875 0.5 0.9525 0.5183333328125 0.9591666671875 0.5241666671874999 0.9691666671875 0.5241666671874999 0.9791666671874999 0.5125
0 0.8933333328125 0.55 0.8866666671875001 0.5416666671875 0.875 0.5408333328125 0.865 0.5458333328125 0.8566666671875 0.5591666671875 0.8583333328125 0.5716666671875 0.8699999999999999 0.5775 0.89 0.5633333328125001 0.8933333328125 0.55
0 0.9475 0.3275 0.9475 0.31 0.9391666671875001 0.30416666718749996 0.9283333328125 0.30583333281249997 0.9233333328125 0.31083333281250003 0.9183333328125001 0.3258333328125 0.9199999999999999 0.3391666671875 0.925 0.34249999999999997 0.9349999999999999 0.34249999999999997 0.9475 0.3275
0 0.9533333328125 0.3691666671875 0.9558333328125 0.3541666671875 0.95 0.3466666671875 0.9383333328125 0.3433333328125 0.9241666671875001 0.355 0.9225 0.36 0.9241666671875001 0.37666666718749997 0.9324999999999999 0.3825 0.9391666671875001 0.3825 0.9533333328125 0.3691666671875
0 0.9383333328125 0.40750000000000003 0.9366666671875 0.3883333328125 0.9266666671875001 0.38166666718750003 0.9141666671875001 0.3825 0.9075 0.3958333328125 0.9099999999999999 0.41 0.9199999999999999 0.4183333328125 0.9333333328125001 0.4158333328125 0.9383333328125 0.40750000000000003
0 0.9425000000000001 0.43583333281250003 0.9566666671874999 0.4233333328125 0.9608333328124999 0.41333333281250006 0.96 0.40499999999999997 0.9533333328125 0.3983333328125 0.9441666671875 0.3983333328125 0.9408333328125 0.4 0.9349999999999999 0.41500000000000004 0.9275 0.41916666718749995 0.9258333328124999 0.4225 0.93 0.43166666718749996 0.9366666671875 0.43666666718749997 0.9425000000000001 0.43583333281250003
0 0.9641666671875001 0.45999999999999996 0.9666666671874999 0.4491666671875 0.9574999999999999 0.43166666718749996 0.9516666671875 0.4308333328125 0.9375 0.43833333281250003 0.9383333328125 0.45583333281250005 0.9441666671875 0.46333333281250005 0.9541666671875 0.4658333328125 0.9641666671875001 0.45999999999999996
0 0.9991666671875 0.3566666671875 0.9991666671875 0.335 0.9925 0.32999999999999996 0.9816666671875 0.3258333328125 0.975 0.3266666671875 0.9650000000000001 0.3358333328125 0.9641666671875001 0.3441666671875 0.9733333328124999 0.3541666671875 0.9858333328125 0.3591666671875 0.9991666671875 0.3566666671875
0 0.925 0.47083333281249995 0.9308333328125 0.46166666718749994 0.9266666671875001 0.4458333328125 0.9208333328125 0.44166666718750003 0.9108333328124999 0.44166666718750003 0.9058333328125 0.445 0.9033333328125 0.4583333328125 0.9066666671875 0.46666666718750005 0.9141666671875001 0.4733333328125 0.925 0.47083333281249995
0 0.8275 0.31416666718749997 0.8341666671875 0.3016666671875 0.835 0.2858333328125 0.8308333328125 0.2808333328125 0.8175000000000001 0.2808333328125 0.8099999999999999 0.2858333328125 0.8016666671875001 0.3008333328125 0.8033333328125 0.3175 0.8066666671875 0.32166666718750003 0.8175000000000001 0.32166666718750003 0.8275 0.31416666718749997
0 0.8533333328125 0.2416666671875 0.8525 0.2308333328125 0.8416666671874999 0.2233333328125 0.8275 0.225 0.8158333328125 0.23583333281250002 0.8166666671874999 0.2475 0.8266666671875 0.2533333328125 0.8416666671874999 0.2525 0.8533333328125 0.2416666671875
0 0.805 0.2558333328125 0.8033333328125 0.2408333328125 0.7933333328125001 0.2341666671875 0.7858333328125 0.2325 0.7741666671874999 0.24583333281250003 0.7741666671874999 0.25916666718750003 0.7833333328125 0.26749999999999996 0.7925 0.2683333328125 0.805 0.2558333328125
0 0.9308333328125 0.2875 0.9275 0.27749999999999997 0.9016666671875001 0.2725 0.8966666671875 0.275 0.8949999999999999 0.2866666671875 0.9083333328125001 0.2966666671875 0.9175000000000001 0.2975 0.9308333328125 0.2875
0 0.8091666671875 0.1533333328125 0.8141666671875001 0.14250000000000002 0.8141666671875001 0.1325 0.8091666671875 0.125 0.8 0.12166666718750001 0.7908333328125 0.1258333328125 0.7816666671875 0.1383333328125 0.7825 0.1533333328125 0.7875 0.1583333328125 0.7966666671875 0.1608333328125 0.8091666671875 0.1533333328125
0 0.8358333328124999 0.1866666671875 0.8391666671875001 0.1716666671875 0.8341666671875 0.16499999999999998 0.8133333328125 0.1575 0.8066666671875 0.1575 0.7975 0.1641666671875 0.7975 0.1783333328125 0.8041666671875 0.1858333328125 0.8241666671875001 0.19083333281249998 0.8358333328124999 0.1866666671875
0 0.7858333328125 0.22749999999999998 0.7866666671875 0.215 0.7758333328125 0.205 0.7575000000000001 0.20249999999999999 0.7474999999999999 0.21000000000000002 0.7483333328125 0.22000000000000003 0.7558333328125 0.22916666718749998 0.7791666671875 0.23333333281250002 0.7858333328125 0.22749999999999998
0 0.7666666671875 0.3341666671875 0.7658333328125 0.3241666671875 0.7583333328124999 0.31416666718749997 0.7458333328125 0.3133333328125 0.7375 0.3225 0.7366666671875 0.3341666671875 0.7441666671875 0.3433333328125 0.7575000000000001 0.34249999999999997 0.7666666671875 0.3341666671875
0 0.7883333328125001 0.3625 0.7925 0.3416666671875 0.7708333328125 0.3375 0.7541666671875 0.34750000000000003 0.7533333328125 0.3541666671875 0.7583333328124999 0.36666666718749996 0.7791666671875 0.36666666718749996 0.7883333328125001 0.3625
0 0.8583333328125 0.3225 0.8666666671875 0.315 0.8708333328125001 0.3066666671875 0.8691666671875 0.2958333328125 0.8608333328125 0.2883333328125 0.8491666671875 0.29 0.8383333328125 0.3 0.8375 0.31416666718749997 0.8408333328125 0.32 0.8483333328124999 0.3233333328125 0.8583333328125 0.3225
0 0.9366666671875 0.2666666671875 0.9358333328124999 0.2575 0.9258333328124999 0.25 0.9125 0.2508333328125 0.9016666671875001 0.25833333281250004 0.9008333328125 0.27 0.905 0.2725 0.9283333328125 0.2766666671875 0.9366666671875 0.2666666671875
0 0.8530150000000001 0.3425725 0.8616483328125 0.34791333281250003 0.8727475 0.3520216671875 0.88508 0.3520216671875 0.8904241671875001 0.339285 0.8871358328125 0.3289541671875 0.8706916671875 0.3178608328125 0.8505483328125001 0.3277816671875 0.8476708328125 0.3347658328125 0.8530150000000001 0.3425725
0 0.8516666671875001 0.4458333328125 0.8574999999999999 0.43833333281250003 0.8566666671875 0.42750000000000005 0.8491666671875 0.4216666671875 0.8291666671875 0.42083333281249996 0.8191666671875 0.4291666671875 0.8183333328125 0.43916666718749997 0.8275 0.4483333328125 0.8425 0.45 0.8516666671875001 0.4458333328125
0 0.8758333328125 0.42416666718749996 0.8800000000000001 0.425 0.8933333328125 0.41166666718749995 0.8983333328124999 0.40083333281250005 0.8916666671875 0.3916666671875 0.8758333328125 0.3891666671875 0.865 0.4033333328125 0.8625 0.4216666671875 0.8666666671875 0.4258333328125 0.8741666671875 0.4266666671875 0.8758333328125 0.42416666718749996
0 0.8975 0.4058333328125 0.9099999999999999 0.3858333328125 0.9083333328125001 0.3716666671875 0.9 0.36583333281249997 0.8891666671875 0.36583333281249997 0.8808333328125 0.3708333328125 0.8783333328125 0.3783333328125 0.8775000000000001 0.3866666671875 0.8908333328125 0.3908333328125 0.8966666671875 0.3991666671875 0.8975 0.4058333328125
0 0.7341666671875 0.425 0.7366666671875 0.40750000000000003 0.7325 0.3958333328125 0.7224999999999999 0.3916666671875 0.7116666671874999 0.3966666671875 0.7066666671874999 0.40416666718750005 0.7066666671874999 0.4141666671875 0.7166666671875 0.4308333328125 0.7241666671875 0.43166666718749996 0.7341666671875 0.425
0 0.6866666671874999 0.3541666671875 0.6958333328124999 0.3391666671875 0.6958333328124999 0.3341666671875 0.6916666671875 0.3291666671875 0.6766666671875 0.3241666671875 0.6641666671875 0.3258333328125 0.6583333328125 0.335 0.6591666671875 0.3483333328125 0.6658333328125 0.35583333281249996 0.6716666671875 0.35750000000000004 0.6866666671874999 0.3541666671875
0 0.7133333328125 0.3891666671875 0.7141666671875 0.3808333328125 0.71 0.3691666671875 0.6983333328125 0.3616666671875 0.6900000000000001 0.3641666671875 0.6866666671874999 0.37666666718749997 0.6875 0.39416666718750004 0.6950000000000001 0.40083333281250005 0.7033333328125 0.4 0.7133333328125 0.3891666671875
3 0.5841666671875 0.48250000000000004 0.5908333328125 0.4658333328125 0.5891666671875 0.4525 0.5766666671875 0.445 0.5700000000000001 0.44666666718750003 0.5575 0.47000000000000003 0.5566666671875 0.47750000000000004 0.5616666671874999 0.48666666718749996 0.5783333328125 0.48666666718749996 0.5841666671875 0.48250000000000004
3 0.6266666671875 0.43666666718749997 0.6291666671875 0.43333333281249997 0.6291666671875 0.4108333328125 0.625 0.3975 0.62 0.3933333328125 0.6116666671875 0.3933333328125 0.6025 0.3983333328125 0.6 0.4058333328125 0.5991666671875 0.42083333281249996 0.6033333328125 0.43166666718749996 0.61 0.43583333281250003 0.6266666671875 0.43666666718749997
3 0.5291666671875 0.5599999999999999 0.5358333328125 0.5408333328125 0.5316666671875 0.5266666671875 0.5258333328125 0.5225 0.515 0.5241666671874999 0.5033333328125 0.5391666671875 0.5025000000000001 0.5508333328125 0.5058333328125 0.5575 0.515 0.5633333328125001 0.5291666671875 0.5599999999999999
3 0.7266666671875 0.6075 0.7241666671875 0.5966666671875 0.7133333328125 0.5925 0.6958333328124999 0.5941666671875 0.6875 0.6016666671875 0.6866666671874999 0.6133333328125 0.6933333328125 0.6166666671875001 0.7166666671875 0.6141666671875 0.7266666671875 0.6075
3 0.51 0.49416666718749996 0.505 0.4791666671875 0.4875 0.46333333281250005 0.48 0.4658333328125 0.47750000000000004 0.47083333281249995 0.48166666718749995 0.49000000000000005 0.495 0.5033333328125 0.5075000000000001 0.5058333328125 0.51 0.49416666718749996
3 0.46166666718749994 0.4566666671875 0.47083333281249995 0.45 0.4716666671875 0.43916666718749997 0.4516666671875 0.42833333281249997 0.4491666671875 0.4225 0.4408333328125 0.4225 0.4341666671875 0.42750000000000005 0.43333333281249997 0.43499999999999994 0.43666666718749997 0.4425 0.4533333328125 0.4566666671875 0.46166666718749994 0.4566666671875
3 0.5808333328125 0.31083333281250003 0.5875 0.2866666671875 0.5816666671874999 0.2725 0.5741666671875 0.2683333328125 0.5625 0.2683333328125 0.5558333328125 0.2758333328125 0.5558333328125 0.2941666671875 0.5591666671875 0.3066666671875 0.5691666671875 0.3116666671875 0.5808333328125 0.31083333281250003
3 0.6625 0.5266666671875 0.6641666671875 0.5216666671875 0.6541666671875 0.5066666671875 0.6333333328124999 0.5008333328125001 0.6283333328125 0.5041666671875 0.6283333328125 0.5166666671875 0.6358333328125 0.525 0.6525000000000001 0.5316666671875 0.6625 0.5266666671875
3 0.5883333328125 0.625 0.5991666671875 0.6091666671875 0.595 0.5991666671875 0.585 0.5891666671875 0.5683333328125 0.5900000000000001 0.5633333328125001 0.5933333328125 0.5616666671874999 0.6025 0.5666666671875 0.6133333328125 0.5808333328125 0.6241666671874999 0.5883333328125 0.625
3 0.6383333328125 0.5783333328125 0.6375 0.5691666671875 0.6266666671875 0.5549999999999999 0.6174999999999999 0.5525 0.6108333328125 0.5599999999999999 0.6091666671875 0.5700000000000001 0.6191666671875 0.5866666671874999 0.6358333328125 0.5833333328125 0.6383333328125 0.5783333328125