1 0.575 0.65169660625 0.575 0.628742515625 0.565625 0.603792415625 0.560625 0.597804390625 0.5525 0.5918163671875 0.5431250000000001 0.5928143718750001 0.535625 0.5998003984375 0.530625 0.6147704593750001 0.531875 0.6387225546875 0.54375 0.6566866265625 0.566875 0.66267465 0.575 0.65169660625
1 0.79875 0.98902195625 0.80625 0.98902195625 0.8143750000000001 0.9830339328125 0.8231249999999999 0.9690618765625001 0.8256249999999999 0.9580838328124999 0.8256249999999999 0.9491017968750001 0.821875 0.9371257484375001 0.815625 0.9271457078124999 0.8081250000000001 0.9221556890624999 0.7925 0.9251497000000001 0.786875 0.935129740625 0.7837500000000001 0.9510978046874999 0.783125 0.9620758484374999 0.78625 0.9760479046875 0.79125 0.9840319359375 0.79875 0.98902195625
1 0.869375 0.9161676640625 0.880625 0.899201596875 0.880625 0.888223553125 0.8775000000000001 0.8762475046875 0.86625 0.8622754484374999 0.8574999999999999 0.8592814375 0.835625 0.8612774453125001 0.83125 0.8642714578125 0.8256249999999999 0.8762475046875 0.8256249999999999 0.8902195609374999 0.82875 0.9001996015625 0.8462500000000001 0.9161676640625 0.869375 0.9161676640625
1 0.83625 0.9910179640625 0.8456250000000001 0.9900199593749999 0.8625 0.9720558875 0.8643750000000001 0.9570858281250001 0.8631249999999999 0.9411177640625 0.86 0.9311377249999999 0.851875 0.921157684375 0.8331250000000001 0.9231536921875 0.8231249999999999 0.935129740625 0.8262499999999999 0.9550898203125 0.8225 0.9760479046875 0.82875 0.9870259484374999 0.83625 0.9910179640625
1 0.929375 0.7315369265625 0.9393750000000001 0.7275449109375 0.9506249999999999 0.7145708578125001 0.9556250000000001 0.6996007984375 0.95625 0.6826347312500001 0.95 0.6666666671875 0.9375 0.664670659375 0.91625 0.6806387218750001 0.9087500000000001 0.697604790625 0.9081250000000001 0.708582834375 0.9112500000000001 0.7205588828125 0.91875 0.7295409187499999 0.929375 0.7315369265625
1 0.716875 0.6407185625 0.7306250000000001 0.6427145703125 0.7418750000000001 0.6307385234375 0.746875 0.608782434375 0.7462500000000001 0.597804390625 0.7418750000000001 0.57984031875 0.735 0.567864271875 0.724375 0.561876246875 0.714375 0.564870259375 0.708125 0.5718562875 0.704375 0.5848303390625 0.704375 0.6017964078125 0.713125 0.608782434375 0.71875 0.6207584828125 0.716875 0.6407185625
1 0.590625 0.5998003984375 0.59875 0.5968063875 0.61125 0.5808383234375001 0.609375 0.5628742515625 0.5962500000000001 0.5499002 0.579375 0.543912175 0.5706249999999999 0.5449101796875 0.561875 0.5588822359375001 0.560625 0.5728542921875001 0.563125 0.581836328125 0.575 0.5988023953125 0.590625 0.5998003984375
1 0.64 0.6666666671875 0.64625 0.6656686625 0.651875 0.6487025953125001 0.65625 0.643712575 0.655625 0.622754490625 0.650625 0.6067864265625 0.64375 0.5968063875 0.63125 0.589820359375 0.620625 0.5918163671875 0.6118750000000001 0.6017964078125 0.61125 0.625748503125 0.6168750000000001 0.6377245515625 0.62 0.6566866265625 0.64 0.6666666671875
1 0.515 0.5848303390625 0.53 0.5878243515625 0.540625 0.5768463078125 0.5425 0.567864271875 0.540625 0.5499002 0.5325 0.5379241515625 0.524375 0.53293413125 0.515 0.53293413125 0.504375 0.542914171875 0.500625 0.550898203125 0.50125 0.564870259375 0.505625 0.575848303125 0.515 0.5848303390625
1 0.66625 0.711576846875 0.6743750000000001 0.7145708578125001 0.6849999999999999 0.708582834375 0.68875 0.694610778125 0.688125 0.68762475 0.67625 0.664670659375 0.6643749999999999 0.6467065875 0.656875 0.6457085828125 0.6525000000000001 0.650698603125 0.649375 0.6746506984375 0.6525000000000001 0.6906187625 0.6587500000000001 0.7025948109375 0.66625 0.711576846875
1 0.630625 0.575848303125 0.64 0.578842315625 0.6525000000000001 0.5608782437500001 0.6525000000000001 0.53293413125 0.641875 0.5129740515625001 0.63375 0.509980040625 0.626875 0.5119760484375 0.618125 0.520958084375 0.614375 0.53293413125 0.615 0.5479041921875 0.624375 0.5598802390625 0.626875 0.5718562875 0.630625 0.575848303125
1 0.8012499999999999 0.5808383234375001 0.803125 0.5658682640625 0.796875 0.542914171875 0.786875 0.5249501000000001 0.783125 0.520958084375 0.7731250000000001 0.520958084375 0.765 0.5279441125 0.76125 0.53592814375 0.7618750000000001 0.55788423125 0.774375 0.57984031875 0.7931250000000001 0.586826346875 0.8012499999999999 0.5808383234375001
1 0.38937499999999997 0.5089820359375 0.41312499999999996 0.5019960078125 0.42312500000000003 0.48702594843749997 0.425625 0.47704590781249995 0.421875 0.46107784374999994 0.4175 0.454091815625 0.410625 0.45109780468749994 0.39249999999999996 0.456087825 0.374375 0.47305389218749994 0.37124999999999997 0.4800399203125 0.37312500000000004 0.4910179640625 0.378125 0.5 0.38937499999999997 0.5089820359375
1 0.306875 0.60778443125 0.33125 0.603792415625 0.34125 0.581836328125 0.33875 0.56387225625 0.33375 0.5548902203125 0.328125 0.5518962078125 0.318125 0.5518962078125 0.30625 0.556886228125 0.29312499999999997 0.5718562875 0.2925 0.5888223546875 0.294375 0.5948103796875001 0.299375 0.6027944109375001 0.306875 0.60778443125
1 0.6125 0.474051896875 0.615 0.46506986093749997 0.615625 0.45508982031249995 0.610625 0.44311377187499995 0.5974999999999999 0.432135728125 0.5862499999999999 0.432135728125 0.5743750000000001 0.43912175624999994 0.569375 0.4471057890625 0.5700000000000001 0.46307385156249997 0.57625 0.4760479046875 0.603125 0.48502994062499993 0.6125 0.474051896875
1 0.9506249999999999 0.8063872249999999 0.9556250000000001 0.799401196875 0.9568749999999999 0.7714570859375 0.953125 0.758483034375 0.945625 0.747504990625 0.931875 0.7465069859375 0.9237500000000001 0.7534930140625 0.9181250000000001 0.7654690625 0.9181250000000001 0.783433134375 0.9275 0.799401196875 0.9418749999999999 0.8083832328125 0.9506249999999999 0.8063872249999999
1 0.8775000000000001 0.7894211578125 0.8868750000000001 0.780439121875 0.8868750000000001 0.7534930140625 0.8787499999999999 0.7325349296875 0.871875 0.7275449109375 0.8631249999999999 0.7275449109375 0.8556250000000001 0.733532934375 0.8525 0.7435129734375 0.853125 0.7644710578125 0.8618750000000001 0.7824351296875001 0.8699999999999999 0.788423153125 0.8775000000000001 0.7894211578125
1 0.8525 0.7275449109375 0.8543749999999999 0.7045908187500001 0.8487500000000001 0.6896207578125 0.8412499999999999 0.6836327343749999 0.835625 0.6846307390625 0.83375 0.69860279375 0.8225 0.733532934375 0.8387499999999999 0.7455089828125 0.8525 0.7275449109375
1 0.675 0.6566866265625 0.68875 0.6367265468750001 0.698125 0.6057884234375 0.6875 0.5878243515625 0.6799999999999999 0.58582834375 0.6681250000000001 0.593812375 0.658125 0.6127744515625 0.6575 0.6267465062500001 0.660625 0.6417165671875 0.67125 0.6556886234375 0.675 0.6566866265625
1 0.55 0.5528942109375 0.558125 0.545908184375 0.560625 0.53592814375 0.559375 0.5229540921875 0.5549999999999999 0.50798403125 0.545 0.4910179640625 0.5349999999999999 0.4840319359375 0.525 0.482035928125 0.520625 0.48502994062499993 0.5175 0.4940119765625 0.516875 0.5009980046875 0.5225 0.517964071875 0.541875 0.5479041921875 0.55 0.5528942109375
1 0.59875 0.672654690625 0.6125 0.65768463125 0.615625 0.647704590625 0.615625 0.6387225546875 0.610625 0.628742515625 0.60625 0.625748503125 0.59875 0.625748503125 0.576875 0.6367265468750001 0.573125 0.6616766468749999 0.584375 0.669660678125 0.593125 0.668662675 0.59875 0.672654690625
1 0.303125 0.76247505 0.31437499999999996 0.7544910171875 0.311875 0.70159680625 0.30625 0.68762475 0.3025 0.6846307390625 0.288125 0.68762475 0.28500000000000003 0.6906187625 0.280625 0.7045908187500001 0.27937500000000004 0.7205588828125 0.281875 0.7385229546875001 0.2925 0.758483034375 0.303125 0.76247505
1 0.3975 0.7964071859375 0.403125 0.7854291421874999 0.4125 0.7794411171875 0.4125 0.7684630734375 0.406875 0.752495009375 0.40062499999999995 0.744510978125 0.384375 0.7435129734375 0.37374999999999997 0.758483034375 0.37 0.7864271453125 0.375 0.8033932140625 0.37875000000000003 0.8083832328125 0.3975 0.7964071859375
1 0.37312500000000004 0.7345309375 0.385625 0.716566865625 0.39125 0.7145708578125001 0.39437500000000003 0.7095808390625 0.39437500000000003 0.7035928140625 0.3875 0.6896207578125 0.37124999999999997 0.6896207578125 0.364375 0.693612775 0.351875 0.7095808390625 0.346875 0.722554890625 0.34625 0.7405189625 0.35125 0.7544910171875 0.365625 0.7574850296875 0.37312500000000004 0.7345309375
1 0.18562499999999998 0.6586826343750001 0.2 0.6596806390625 0.20750000000000002 0.6556886234375 0.21437499999999998 0.6377245515625 0.21437499999999998 0.6267465062500001 0.209375 0.6097804390625 0.195625 0.597804390625 0.173125 0.597804390625 0.16499999999999998 0.603792415625 0.160625 0.6137724546875 0.16 0.62974051875 0.1625 0.6357285421875 0.171875 0.647704590625 0.18562499999999998 0.6586826343750001
1 0.250625 0.575848303125 0.255 0.575848303125 0.26125 0.5688622750000001 0.26625 0.5528942109375 0.265625 0.5419161671875 0.24874999999999997 0.49900199531249995 0.24 0.49700598749999997 0.22937500000000002 0.5019960078125 0.2225 0.5189620765625 0.220625 0.53293413125 0.230625 0.5628742515625 0.24125000000000002 0.5658682640625 0.250625 0.575848303125
1 0.238125 0.6377245515625 0.24500000000000002 0.62974051875 0.25375000000000003 0.6017964078125 0.25 0.578842315625 0.24312499999999998 0.5688622750000001 0.23562500000000003 0.564870259375 0.2225 0.5698602796875 0.21125 0.5968063875 0.21125 0.611776446875 0.21749999999999997 0.6347305390625 0.22875 0.6407185625 0.238125 0.6377245515625
1 0.275 0.6566866265625 0.27999999999999997 0.6526946109375 0.286875 0.6397205593749999 0.29125 0.618762475 0.29125 0.6027944109375001 0.2875 0.593812375 0.280625 0.5888223546875 0.26687500000000003 0.5908183625000001 0.256875 0.5998003984375 0.25125000000000003 0.6217564875 0.250625 0.62974051875 0.255 0.6457085828125 0.26749999999999996 0.6556886234375 0.275 0.6566866265625
1 0.265625 0.5908183625000001 0.28312499999999996 0.5888223546875 0.284375 0.58582834375 0.2875 0.564870259375 0.28500000000000003 0.5419161671875 0.27749999999999997 0.5349301390625001 0.271875 0.5349301390625001 0.268125 0.5409181640625 0.268125 0.5528942109375 0.255 0.589820359375 0.258125 0.5998003984375 0.265625 0.5908183625000001
1 0.335625 0.664670659375 0.340625 0.643712575 0.340625 0.628742515625 0.33375 0.60778443125 0.321875 0.60778443125 0.31 0.622754490625 0.31 0.6606786421875 0.31437499999999996 0.6666666671875 0.320625 0.668662675 0.335625 0.664670659375
1 0.383125 0.5808383234375001 0.395625 0.5588822359375001 0.395625 0.5499002 0.385625 0.539920159375 0.346875 0.5379241515625 0.339375 0.5499002 0.338125 0.55788423125 0.34500000000000003 0.5778443109375 0.361875 0.5848303390625 0.383125 0.5808383234375001
1 0.374375 0.5379241515625 0.38125 0.531936128125 0.38625 0.509980040625 0.37374999999999997 0.4940119765625 0.369375 0.482035928125 0.35875 0.4760479046875 0.346875 0.4760479046875 0.34187500000000004 0.479041915625 0.33875 0.48602794375 0.338125 0.49700598749999997 0.340625 0.509980040625 0.35562499999999997 0.53293413125 0.374375 0.5379241515625
1 0.425 0.5089820359375 0.42874999999999996 0.509980040625 0.4425 0.49201596875 0.45437500000000003 0.4840319359375 0.45562500000000006 0.46307385156249997 0.448125 0.4441117765625 0.434375 0.43912175624999994 0.41937499999999994 0.45209580781250003 0.425625 0.4690618765625 0.42625 0.4780439125 0.418125 0.5009980046875 0.425 0.5089820359375
1 0.5225 0.531936128125 0.525625 0.525948103125 0.515 0.49900199531249995 0.50625 0.49201596875 0.495625 0.49201596875 0.485 0.49700598749999997 0.47874999999999995 0.50798403125 0.480625 0.53293413125 0.49812500000000004 0.5489021953125001 0.510625 0.5339321359375 0.5225 0.531936128125
1 0.56375 0.5489021953125001 0.5725 0.542914171875 0.58875 0.542914171875 0.591875 0.5309381234375 0.591875 0.517964071875 0.5875 0.50798403125 0.5818749999999999 0.5019960078125 0.5725 0.49900199531249995 0.5675 0.49900199531249995 0.5587500000000001 0.506986028125 0.5575 0.5119760484375 0.561875 0.5269461078125001 0.561875 0.5449101796875 0.56375 0.5489021953125001
1 0.6325000000000001 0.41816367187500003 0.6375 0.41417165625 0.639375 0.40518962031249994 0.63875 0.3792415171875 0.63375 0.36327345312500003 0.62375 0.3582834328125 0.6168750000000001 0.360279440625 0.6118750000000001 0.3652694609375 0.6056250000000001 0.3802395203125 0.604375 0.399201596875 0.6068749999999999 0.40518962031249994 0.6212500000000001 0.407185628125 0.6325000000000001 0.41816367187500003
1 0.58375 0.281437125 0.583125 0.2534930140625 0.571875 0.2395209578125 0.563125 0.23752494999999998 0.55375 0.24251497031249997 0.545 0.25848303437500003 0.545625 0.283433134375 0.5599999999999999 0.30139720625 0.5756249999999999 0.29540918125000004 0.58375 0.281437125
1 0.2475 0.49900199531249995 0.2525 0.5049900203125001 0.258125 0.5219560875 0.26187499999999997 0.5229540921875 0.26437499999999997 0.5189620765625 0.265625 0.51397205625 0.2625 0.49700598749999997 0.26437499999999997 0.47704590781249995 0.253125 0.44910179687499996 0.23500000000000001 0.43912175624999994 0.226875 0.446107784375 0.22125 0.45908183593749996 0.22125 0.48902195624999995 0.22749999999999998 0.503992015625 0.24 0.4980039921875 0.2475 0.49900199531249995
1 0.296875 0.40818363281250003 0.31124999999999997 0.40818363281250003 0.319375 0.3822355296875 0.316875 0.366267465625 0.313125 0.3612774453125 0.30625 0.3592814375 0.294375 0.36227544843750004 0.28250000000000003 0.3782435125 0.280625 0.38522954062500003 0.281875 0.40518962031249994 0.28625 0.4121756484375 0.29 0.413173653125 0.296875 0.40818363281250003
1 0.27937500000000004 0.3213572859375 0.284375 0.3103792421875 0.28375 0.29540918125000004 0.268125 0.27045908125 0.255625 0.2674650703125 0.2475 0.2714570859375 0.241875 0.281437125 0.24375 0.3033932140625 0.2575 0.31936127812500004 0.27375 0.3253493015625 0.27937500000000004 0.3213572859375
1 0.67375 0.33033932187500004 0.6793750000000001 0.3153692609375 0.6799999999999999 0.299401196875 0.67875 0.29540918125000004 0.673125 0.29241517031250003 0.65 0.2974051890625 0.639375 0.305389221875 0.6331249999999999 0.31936127812500004 0.6325000000000001 0.32335329375 0.6431250000000001 0.3433133734375 0.6587500000000001 0.34530938125 0.67375 0.33033932187500004
1 0.82125 0.407185628125 0.8275 0.40518962031249994 0.83375 0.3982035921875 0.8400000000000001 0.3802395203125 0.840625 0.366267465625 0.83625 0.3572854296875 0.8256249999999999 0.34830339375 0.813125 0.3473053890625 0.805625 0.356287425 0.8012499999999999 0.3722554890625 0.8006249999999999 0.3792415171875 0.811875 0.4041916171875 0.81375 0.407185628125 0.82125 0.407185628125
1 0.7825 0.43712574843749996 0.7887500000000001 0.4281437125 0.788125 0.41417165625 0.781875 0.4001996015625 0.765 0.391217565625 0.75 0.391217565625 0.745625 0.39620758437500003 0.744375 0.41516966093749996 0.7581249999999999 0.4411177640625 0.77125 0.435129740625 0.7825 0.43712574843749996
1 0.72875 0.482035928125 0.7318749999999999 0.4720558875 0.7325 0.45209580781250003 0.7306250000000001 0.43712574843749996 0.7268749999999999 0.42914171718749994 0.70625 0.42914171718749994 0.7006249999999999 0.43313373281249995 0.6956249999999999 0.4441117765625 0.696875 0.4620758484375 0.713125 0.48902195624999995 0.723125 0.48702594843749997 0.72875 0.482035928125
1 0.6725 0.468063871875 0.671875 0.4580838328125 0.665625 0.4451097796875 0.65125 0.435129740625 0.63625 0.43313373281249995 0.623125 0.44211576875 0.624375 0.457085828125 0.65625 0.48103792343749996 0.665 0.482035928125 0.6725 0.468063871875
1 0.41500000000000004 0.6497005984374999 0.43187499999999995 0.65169660625 0.44125 0.6377245515625 0.44125 0.618762475 0.43499999999999994 0.6047904187500001 0.429375 0.600798403125 0.42062499999999997 0.5958083828125 0.40812499999999996 0.5958083828125 0.39187500000000003 0.6057884234375 0.39 0.608782434375 0.39 0.6307385234375 0.40374999999999994 0.6526946109375 0.41500000000000004 0.6497005984374999
1 0.46875 0.55788423125 0.478125 0.5369261484375001 0.47874999999999995 0.5229540921875 0.47625 0.5149700593750001 0.46687500000000004 0.5159680640625 0.43 0.545908184375 0.43 0.5558882234375 0.43624999999999997 0.567864271875 0.45 0.5718562875 0.46875 0.55788423125
1 0.47562499999999996 0.51397205625 0.478125 0.49900199531249995 0.47375 0.490019959375 0.46875 0.48702594843749997 0.45499999999999996 0.48702594843749997 0.44125 0.49500997968749993 0.43125 0.5089820359375 0.43062500000000004 0.531936128125 0.43562500000000004 0.5369261484375001 0.46375 0.5169660671874999 0.47562499999999996 0.51397205625
1 0.4725 0.48502994062499993 0.47750000000000004 0.4800399203125 0.484375 0.45908183593749996 0.48312499999999997 0.4451097796875 0.479375 0.435129740625 0.464375 0.42914171718749994 0.45 0.438123753125 0.448125 0.44311377187499995 0.45499999999999996 0.456087825 0.456875 0.4840319359375 0.4725 0.48502994062499993
1 0.566875 0.45908183593749996 0.565625 0.446107784375 0.5625 0.4401197609375 0.553125 0.43313373281249995 0.533125 0.432135728125 0.52625 0.43712574843749996 0.5225 0.4441117765625 0.521875 0.45908183593749996 0.5287499999999999 0.468063871875 0.56125 0.47105788437499996 0.566875 0.45908183593749996
1 0.55 0.32934131718750004 0.555625 0.32035928125 0.56375 0.31736526875000004 0.56375 0.3113772453125 0.5599999999999999 0.3043912171875 0.5387500000000001 0.281437125 0.528125 0.27944111718750003 0.5225 0.28443113750000004 0.52 0.29241517031250003 0.521875 0.3153692609375 0.528125 0.3263473046875 0.54 0.33033932187500004 0.55 0.32934131718750004
1 0.08499999999999999 0.3433133734375 0.08937500000000001 0.335329340625 0.09 0.31736526875000004 0.08687500000000001 0.30638722500000004 0.0775 0.29840319375 0.0675 0.299401196875 0.050624999999999996 0.31736526875000004 0.050624999999999996 0.331337325 0.061875 0.3473053890625 0.06875 0.35229540937500003 0.08499999999999999 0.3433133734375
1 0.134375 0.39221556875 0.14250000000000002 0.3802395203125 0.144375 0.3572854296875 0.13999999999999999 0.35129740468750004 0.113125 0.33732535 0.1075 0.34031936093750004 0.10375000000000001 0.3473053890625 0.10375000000000001 0.366267465625 0.114375 0.39221556875 0.118125 0.39520958125 0.134375 0.39221556875
1 0.16875 0.34231536875 0.174375 0.3343313375 0.176875 0.3213572859375 0.174375 0.31337325312500003 0.161875 0.3033932140625 0.135625 0.30638722500000004 0.1275 0.31936127812500004 0.12687500000000002 0.335329340625 0.12875 0.34131736562500004 0.146875 0.35229540937500003 0.16875 0.34231536875
1 0.203125 0.4940119765625 0.21187499999999998 0.49500997968749993 0.22000000000000003 0.48902195624999995 0.21875 0.47305389218749994 0.2225 0.4481037921875 0.220625 0.43912175624999994 0.21125 0.42015968125 0.20375000000000001 0.4161676640625 0.198125 0.41716566874999994 0.18875 0.42914171718749994 0.18562499999999998 0.438123753125 0.18562499999999998 0.460079840625 0.18937500000000002 0.4700598796875 0.20125 0.48602794375 0.203125 0.4940119765625
1 0.19875 0.371257484375 0.21187499999999998 0.36227544843750004 0.21437499999999998 0.3473053890625 0.21437499999999998 0.34131736562500004 0.210625 0.335329340625 0.200625 0.3263473046875 0.18937500000000002 0.327345309375 0.178125 0.34031936093750004 0.175625 0.34830339375 0.1775 0.3802395203125 0.18875 0.391217565625 0.19875 0.371257484375
1 0.29625 0.360279440625 0.31375000000000003 0.3582834328125 0.31062500000000004 0.34131736562500004 0.30062500000000003 0.3283433140625 0.27937500000000004 0.3253493015625 0.275 0.3343313375 0.275 0.3582834328125 0.281875 0.37425149687500003 0.28625 0.37325349375 0.29625 0.360279440625
1 0.33125 0.12574850312500002 0.335625 0.12075848281249998 0.33875 0.11077844375000001 0.33187500000000003 0.08882235468750001 0.3175 0.078842315625 0.304375 0.07984031875 0.29312499999999997 0.09680638750000001 0.29375 0.11177644687499999 0.31 0.12574850312500002 0.32 0.12175648750000001 0.33125 0.12574850312500002
1 0.379375 0.67664670625 0.3825 0.6716566859374999 0.381875 0.6536926140625 0.375 0.6377245515625 0.368125 0.6317365265625 0.35562499999999997 0.62974051875 0.34875 0.633732534375 0.343125 0.6397205593749999 0.339375 0.6536926140625 0.339375 0.668662675 0.34625 0.675648703125 0.370625 0.67964071875 0.379375 0.67664670625
1 0.171875 0.7514970062499999 0.18062499999999998 0.7245508984375 0.196875 0.7145708578125001 0.1925 0.69860279375 0.18625 0.694610778125 0.175 0.6956087828124999 0.1575 0.6806387218750001 0.14750000000000002 0.67964071875 0.141875 0.6956087828124999 0.14125000000000001 0.7145708578125001 0.146875 0.733532934375 0.164375 0.7504990015625 0.171875 0.7514970062499999
1 0.26375000000000004 0.8253493015625001 0.27 0.827345309375 0.26937500000000003 0.81736526875 0.27875 0.7864271453125 0.273125 0.7734530937499999 0.265 0.7684630734375 0.25125000000000003 0.7684630734375 0.244375 0.7724550890625 0.23937499999999998 0.7854291421874999 0.23937499999999998 0.8053892218750001 0.24874999999999997 0.82335329375 0.255 0.8283433140625001 0.26375000000000004 0.8253493015625001