1 0.7773316968749999 0.862114778125 0.7737116390625001 0.9076839078125 0.799892353125 0.9486659515625 0.8160285406250001 0.9508455843749999 0.834419984375 0.9196287875 0.8346197515625 0.8470112609375 0.824000996875 0.8354665906250001 0.7958812546875 0.8339149890625001 0.7773316968749999 0.862114778125
1 0.8935722546875 0.71080875 0.9025682109375 0.7678178796874999 0.9342663578125 0.7994348859375 0.9571266640625 0.7770597687499999 0.9570684328124999 0.7377339968750001 0.9391929843750001 0.70236728125 0.912279928125 0.6856259703124999 0.8935722546875 0.71080875
1 0.8779937140625 0.5664110703125 0.874057428125 0.6059461859375 0.8914585328125 0.6322618796875 0.9115892375 0.6342321671875 0.9341333140625 0.6058230375 0.9337588531250001 0.5604632484375001 0.9206684968750001 0.5399722265625 0.90069590625 0.5410189453124999 0.8779937140625 0.5664110703125
1 0.8024140984375 0.57642261875 0.8011075296874999 0.6279210921875 0.8176181781249999 0.6754605109375 0.8480514078124999 0.6829414546875 0.8555661000000001 0.6734717453125 0.8621321046875 0.6458999890625 0.857763125 0.6007495453125 0.8297432671875 0.56288918125 0.8117679359375 0.563831228125 0.8024140984375 0.57642261875
1 0.7403826046875001 0.5010159046875 0.7364463171875 0.5405510203125 0.7580000546875 0.5696743765625001 0.7902724296875 0.5740336421875 0.810819246875 0.5457291828125 0.8084475281250001 0.5004740671875 0.78936539375 0.4802970609375 0.7612456515625 0.47874545937499996 0.7403826046875001 0.5010159046875
1 0.7965970171875 0.6947139499999999 0.7832486624999999 0.7075146828125 0.7793123750000001 0.7470497968750001 0.7978202828125001 0.7944845453125 0.8124335546875001 0.805819871875 0.834245290625 0.8016514734375001 0.8431247828125 0.7800090609375 0.83986260625 0.7559776703125001 0.8276627046874999 0.7142629234375 0.8147304625 0.6967889078125 0.7965970171875 0.6947139499999999
1 0.9202855453125001 0.8001675890625 0.907411534375 0.8220193453125001 0.906521078125 0.843243071875 0.932227446875 0.8751740937499999 0.9560364421875001 0.8709010218750001 0.9724306265625 0.8397889 0.9722142796875 0.79744611875 0.955445634375 0.78319845625 0.9444107687500001 0.8019285343749999 0.9202855453125001 0.8001675890625
1 0.6453298140625 0.330530353125 0.6492244484375 0.36662977343750003 0.6723011015625 0.386597434375 0.689960203125 0.3796213734375 0.7072448453125 0.3272855234375 0.705189353125 0.288064425 0.6825870453125 0.2771477859375 0.6570970218750001 0.2875595421875 0.6453298140625 0.330530353125
1 0.50965773125 0.22570474375 0.5178631140625 0.2676288359375 0.546299084375 0.2752144515625 0.5631676140625 0.25315335 0.5687849296875 0.2074795484375 0.564574065625 0.1653461140625 0.5410230687500001 0.13632742656250002 0.5180046484374999 0.1556855375 0.50965773125 0.22570474375
1 0.448358578125 0.126057296875 0.45887745 0.17391073125 0.4854742765625 0.18461802656249998 0.5068116671875 0.17139860625 0.5230477375 0.137269475 0.5216247046875 0.11011640468749999 0.5022263421875001 0.083905384375 0.46659190781250004 0.09182349375 0.448358578125 0.126057296875
1 0.5752344703125 0.1012562484375 0.5633091484375 0.1412100515625 0.5793454515625001 0.179698446875 0.593958725 0.19103377500000002 0.6219203515625 0.1895683671875 0.639263225 0.176558290625 0.6416765953125 0.14617887031250001 0.628270009375 0.1196538328125 0.596888090625 0.09407084375 0.5752344703125 0.1012562484375
1 0.5428953734374999 0.3631263609375 0.5404820031249999 0.39350578125 0.5663464874999999 0.4284538109375 0.592152740625 0.42407606875 0.6088631546875 0.3989979609375 0.6068076640625 0.3597768609375 0.59587268125 0.34219817343750003 0.5619192765625 0.3439775953125 0.5428953734374999 0.3631263609375
1 0.5163232171875001 0.8878948281250001 0.5272582 0.9054735140625001 0.5707817875 0.9334454796875 0.5841301421875 0.9206447453125 0.575924759375 0.8787206546874999 0.53344974375 0.8325419703125 0.5150583 0.8637587671875 0.5163232171875001 0.8878948281250001
1 0.5832813375 0.8662339375 0.58102608125 0.8996303640625 0.5944326671875 0.926155403125 0.6168768609375 0.9340550343749999 0.6417344265625 0.9115752453124999 0.6379979062500001 0.878492834375 0.6249075484375 0.8580018125000001 0.6024633546875 0.8501021796874999 0.5832813375 0.8662339375
1 0.5333001203125 0.5239698140625 0.5315192078125001 0.5664172656249999 0.5446095640624999 0.5869082875 0.566737528125 0.5887739046875 0.590488290625 0.5451750625 0.58659365625 0.5090756421875 0.5755005578125 0.4884799484375 0.5536888234374999 0.492648346875 0.5333001203125 0.5239698140625
1 0.5060126031250001 0.4618687171875 0.5360297203125 0.49962440937499997 0.5440187562500001 0.499205721875 0.5750262140625 0.479428925 0.5751260968749999 0.4431201609375 0.528814678125 0.400167828125 0.511788034375 0.419211921875 0.5060126031250001 0.4618687171875
1 0.49579338125000005 0.305088990625 0.49553538281250004 0.338380746875 0.5092581984375 0.37093979843749997 0.5360131406249999 0.384664103125 0.54257914375 0.3570923453125 0.55776664375 0.3411699328125 0.55681795625 0.3230678859375 0.5389425078125 0.28770116875 0.5125037953125 0.28001088125 0.49579338125000005 0.305088990625
1 0.5585988687500001 0.2806204359375 0.5565017265625001 0.317033871875 0.5694339687500001 0.3345078859375 0.602022571875 0.344901165625 0.617210071875 0.3289787515625 0.6209882437500001 0.2864266296875 0.597911590625 0.2664589671875 0.5717891078124999 0.26480269375 0.5585988687500001 0.2806204359375
1 0.6221698578125 0.46183176093749995 0.6403615359375 0.50323249375 0.6663259046875 0.501871759375 0.6811971734375 0.479915328125 0.6822457453124999 0.46170861093750004 0.6714688765625 0.4471469328125 0.675563278125 0.41062882500000003 0.651854165625 0.37859313125 0.6223696249999999 0.3892142328125 0.6221698578125 0.46183176093749995
1 0.6516293296875 0.6418055015624999 0.6532104765625 0.671975578125 0.670927809375 0.7043252859375 0.68906125625 0.706400246875 0.7209591703125 0.665399725 0.7193780234375 0.6352296484375 0.70429040625 0.6148432984375 0.67417340625 0.6133963687499999 0.6516293296875 0.6418055015624999
1 0.606682709375 0.5866804671875 0.6073734 0.6380742671874999 0.6261393046875 0.652217259375 0.642117378125 0.651379884375 0.6598763625 0.6080950578125 0.6556654984375 0.565961621875 0.63642525 0.5427676078125 0.616927003125 0.55286535 0.606682709375 0.5866804671875
1 0.7075275125 0.8294695296875 0.6994385921874999 0.8661969812500001 0.7050142578124999 0.8961577140625 0.7202599890625 0.919561071875 0.7615699703125001 0.9052949312499999 0.7669292890625 0.892912884375 0.7636671125000001 0.8688814953125 0.7539388140625001 0.8361130984375 0.736695825 0.8128144125000001 0.7075275125 0.8294695296875
1 0.733666575 0.9460861093749999 0.7349314921875 0.9702221718749999 0.7437111015625 0.9848885203125001 0.8056261328125001 0.9816436921875 0.8028383015625 0.9666633265625 0.7698752359375 0.9109102578125 0.7405488078125 0.9245483671875 0.733666575 0.9460861093749999
1 0.6806730890625 0.1259833859375 0.6955027078125 0.1796614921875 0.7156334125 0.18163178124999999 0.732818171875 0.1656046953125 0.7333341671875 0.0990211828125 0.7136195734374999 0.06677614531250001 0.6882876640625 0.0802049109375 0.6806730890625 0.1259833859375
1 0.7165800265625 0 0.7142936843750001 0.0032096421875000003 0.7101992828125 0.03972775 0.7307044484375 0.087057825 0.7548296718749999 0.08881876875 0.76618076875 0.07612270625 0.7646995046875 0.0096438671875 0.7575622296875 0 0.7165800265625 0
1 0.75777561875 0.10681614375 0.758882421875 0.127935196875 0.7830658765625 0.1690219125 0.8111856187500001 0.17057351406250001 0.831574321875 0.13925204687499998 0.8296769453125 0.10304795468750001 0.8107529265625001 0.0858879546875 0.76849425625 0.08205205 0.75777561875 0.10681614375
1 0.8133575734375 0.28844615625 0.8309167921875 0.31777885625 0.8615081375000001 0.32827680937500003 0.8818968406250001 0.2969553421875 0.880157578125 0.2637682578125 0.8312746734375001 0.2481783375 0.8139318 0.2611884140625 0.8133575734375 0.28844615625
1 0.8661351140625 0.3401354953125 0.875763528125 0.4092126578125 0.8882214265625 0.4176356484375 0.913869565625 0.410240896875 0.924588203125 0.3854768046875 0.922374596875 0.3432386984375 0.90281811875 0.3140106671875 0.8768537515625001 0.315371403125 0.8661351140625 0.3401354953125
1 0.8795582812499999 0.48162084062500005 0.885292059375 0.51459858125 0.906371453125 0.534670915625 0.9241886703125 0.5307118609375 0.9387437109375 0.5027214156250001 0.9345328468749999 0.46058798124999994 0.9214424890625 0.44009695937500004 0.8899606875 0.45082273281249996 0.8795582812499999 0.48162084062500005
1 0.9060054828125 0.18375598124999998 0.90406645625 0.2231864234375 0.9262526515625 0.2643778125 0.9466995859375 0.27238211562500003 0.9672464046875 0.2440776546875 0.9631936546875 0.2049612265625 0.94763169375 0.1755238546875 0.9208767531250001 0.16179955 0.9060054828125 0.18375598124999998
1 0.8982578640625001 0.0359226046875 0.91029965 0.0746203453125 0.9336925328125 0.100622021875 0.9568690671875 0.084280921875 0.9635931859375001 0.059726171875 0.9604891249999999 0.038711790625 0.9264774890625 0.0011654421875 0.9146520499999999 0.00481048125 0.8982578640625001 0.0359226046875
1 0.8751395609375001 0.09158947656250001 0.8732005328125 0.1310199203125 0.9007460484375001 0.1598292625 0.9285495593749999 0.1553468484375 0.9340669937499999 0.145981809375 0.9277007546875 0.10093603749999999 0.9106158796875 0.080654359375 0.8824961375000001 0.079102759375 0.8751395609375001 0.09158947656250001
1 0.7133365046875 0.29066274375 0.7100326765625 0.342265890625 0.7638587890624999 0.3757485125 0.7860866359375 0.34130536562499997 0.7826663453125 0.31425696875 0.765265240625 0.2879412734375 0.7288402328125 0.2807743453125 0.7133365046875 0.29066274375
1 0.7239969109375 0.2265728796875 0.7303631484374999 0.2716186515625 0.7709407890625 0.28159324375 0.781343196875 0.250795134375 0.7769742171875 0.2056446921875 0.763883859375 0.18515367031250002 0.7363965765625 0.1956701 0.7239969109375 0.2265728796875
1 0.7309123046875 0.43495575156250005 0.7329677953125 0.4741768515625 0.741431175 0.4828091875 0.7850546453125 0.4744723890625 0.8016069453125001 0.44637727343750006 0.7985028828125 0.4253628921875 0.777265375 0.40227355 0.74762271875 0.40987764374999996 0.7309123046875 0.43495575156250005
1 0.8028136312499999 0.4311875640625 0.7993516890625 0.4797737015625 0.8244256 0.49963669218750006 0.85175476875 0.48610325468750004 0.8655192359375 0.4430277734375 0.8624151734375 0.4220133921875 0.843016809375 0.39580236874999997 0.8136903828125 0.40944047812499995 0.8028136312499999 0.4311875640625
1 0.8183420296874999 0.9567749265625001 0.8154543140625 0.978103325 0.8835192375 0.9775614875 0.8827286640625 0.9624764499999999 0.8585452078125 0.9213897328125 0.8425671359375 0.9222271078125001 0.8183420296874999 0.9567749265625001
1 0.844606046875 0.8464879015625 0.8603261218749999 0.8789422828125 0.88755540625 0.9017176093750001 0.8995389609375 0.9010895765625 0.9162493749999999 0.87601146875 0.9014197562499999 0.8223333609375001 0.8602096578125 0.8002907390624999 0.847335646875 0.822142496875 0.844606046875 0.8464879015625
1 0.9908556328125 0.3124221125 0.982866596875 0.3128408 0.9484970796875001 0.34489497187499996 0.94456079375 0.3844300859375 0.9533404031250001 0.3990964359375 0.9957571875 0.4059493484375 0.9908556328125 0.3124221125
1 1 0.6055630937500001 0.9969388015625 0.58135448125 0.9883173062499999 0.5697051375 0.9701838609375001 0.567630178125 0.9511599578125001 0.5867789421875 0.9444358390625001 0.6113336921875 0.9464913296875 0.6505547921875 0.9554290546875001 0.66823815 0.9838650250000001 0.675823765625 0.9992106390625001 0.662918359375 1 0.6581727578125001 1 0.6055630937500001
2 0.24635234375 0.3605157578125 0.23747285156250003 0.382158171875 0.24415531875 0.43323795781249996 0.2527768140625 0.4448873 0.27690203750000003 0.44664824531249997 0.30607035 0.429993128125 0.3236712203125 0.38369129375 0.317937440625 0.3507135546875 0.30532142812499996 0.3392735546875 0.2791989453125 0.33761728125 0.24635234375 0.3605157578125
2 0.1345143265625 0.060822235937500004 0.1335239875 0.11835472656249998 0.1538710390625 0.16266779375 0.1839880390625 0.164114721875 0.189505471875 0.154749684375 0.19806873593750002 0.1270732546875 0.19306729843749998 0.06985478125 0.1652055546875 0.035011425 0.1455491921875 0.042092159375 0.1345143265625 0.060822235937500004
2 0.126966071875 0.5664419390625001 0.1176704671875 0.6183590999999999 0.1291380265625 0.68431458125 0.1597293703125 0.69481253125 0.1769141296875 0.678785446875 0.18332201875 0.6481966828125 0.177688121875 0.578910178125 0.158289759375 0.5526991578125 0.13831716875 0.5537458765625 0.126966071875 0.5664419390625001
2 0.186301528125 0.17004406562500002 0.18930570625 0.2273672109375 0.21469584687499998 0.25326421875 0.23235495 0.24628815468749998 0.2430735875 0.22152406249999998 0.242382896875 0.1701302609375 0.2186737859375 0.138094565625 0.19885930937500002 0.14215829375 0.186301528125 0.17004406562500002
2 0.279165784375 0.10769666874999999 0.272441665625 0.13225141875 0.2851159109375 0.1830171875 0.316972171875 0.2176512015625 0.3479796296875 0.1978744046875 0.34760516875 0.15251461875 0.33819309999999997 0.1257802375 0.30649495312499997 0.09416323125 0.279165784375 0.10769666874999999
2 0.33548816875 0.685601403125 0.3516825875 0.7271068078125 0.389788625 0.72813505 0.4098610984375 0.6907795671875 0.406124578125 0.6576971546875 0.3824154671875 0.6256614609375 0.356292984375 0.6240051890625 0.33548816875 0.685601403125
2 0.36173560625 0.4603540703125 0.3528561125 0.48199648437500003 0.3572250921875 0.527146928125 0.3938664453125 0.576656634375 0.4119998921875 0.5787315953125 0.42151184375 0.5691572125000001 0.4283940765625 0.547619471875 0.424341328125 0.50850304375 0.40846313749999996 0.47303165468749997 0.377239334375 0.4504656734375 0.36173560625 0.4603540703125
2 0.19260104375 0.48131921406249994 0.18188240625000002 0.5060833062500001 0.1877743 0.5420780546875 0.20916992343750002 0.5681844046875 0.23177223125 0.5791010453125 0.2614148890625 0.57149695 0.27029438125 0.5498545375 0.266874090625 0.522806140625 0.24931487031250002 0.49347343906249996 0.22040455625000002 0.47683679999999995 0.19260104375 0.48131921406249994
2 0.23360288593749998 0.8815345140625 0.2264044234375 0.8970382390625 0.23524226406249998 0.9510303609375 0.265733725 0.9978370765625 0.293695353125 0.9963716703125 0.3088828515625 0.9804492578125 0.31408405625 0.9650502031249999 0.3101894203125 0.9289507828125 0.28984236874999997 0.884637715625 0.270760234375 0.8644607093750001 0.23360288593749998 0.8815345140625
2 0.0869877296875 0.3386147625 0.0712260046875 0.3817949171875 0.0731233796875 0.417999009375 0.0903663703125 0.44129769531249996 0.11265244999999999 0.4461803203125 0.13855858593749998 0.40549381249999994 0.13697743906249998 0.3753237375 0.12572622656250002 0.3517110359375 0.10496306250000001 0.337672715625 0.0869877296875 0.3386147625
2 0.12972901875 1 0.13328216875 0.9926773921875001 0.1275483890625 0.9596996531249999 0.091697609375 0.9252749828125 0.0680467296875 0.9325650624999999 0.05916723593749999 0.9542074749999999 0.0690536484375 0.9899928796875 0.0764597609375 1 0.12972901875 1
2 0.33791003124999996 0.34966683593750003 0.32309699375 0.4109490359375 0.3243619109375 0.43508509687499997 0.3374522671875 0.45557611875 0.3632585203125 0.45119837656249995 0.37812979062499996 0.42924194687500006 0.39005511406250004 0.38928814375 0.3860023640625 0.3501717171875 0.36707834375 0.3330117171875 0.3491030125 0.333953765625 0.33791003124999996 0.34966683593750003
2 0.3853699046875 0.33810368749999997 0.4061913 0.3914677765625 0.4258476625 0.38438704375 0.44912408125000003 0.331737178125 0.45122122343750004 0.2953237421875 0.4447551015625 0.28658673437500004 0.4140056421875 0.273071775 0.3896224203125 0.3046025875 0.3853699046875 0.33810368749999997
2 0.32377959375 0.041827381250000004 0.333408009375 0.11090454218750001 0.36415746875 0.12441950156249999 0.3793449671875 0.1084970875 0.3914284046875 0.0715602921875 0.3855365109375 0.0355655453125 0.36997455 0.0061281718749999995 0.3321847421875 0.011133946875 0.32377959375 0.041827381250000004
2 0.21874859687499998 0.2923806453125 0.212498821875 0.3259864171875 0.22837701250000003 0.3614578046875 0.23852142187499997 0.363951453125 0.2790408296875 0.334600275 0.2731489359375 0.2986055265625 0.2580613203125 0.2782191765625 0.2319388375 0.2765629046875 0.21874859687499998 0.2923806453125
2 0.19194351406250001 0.659846025 0.20103935312500001 0.6805463921875 0.223483546875 0.688446025 0.242349334375 0.6662802515624999 0.24118430000000002 0.6058354265625 0.2125902140625 0.595232803125 0.19540545625 0.6112598874999999 0.19194351406250001 0.659846025
2 0.2961337953125 0.7753974078125 0.2849408140625 0.791110478125 0.29650825625 0.8207571953125001 0.2778005828125 0.845939975 0.2784330421875 0.8580080062500001 0.3018259234375 0.884009684375 0.33777658593750004 0.8821255906250001 0.358007175 0.847787115625 0.355951684375 0.8085660156250001 0.3448585859375 0.7879703218749999 0.3262507953125 0.7768443375 0.2961337953125 0.7753974078125
2 0.28387566249999996 0.6943568890625 0.2799393765625 0.7338920046874999 0.301651228125 0.7660323703125 0.3340817171875 0.7734086421875 0.3506340171875 0.745313525 0.3407476046875 0.709528121875 0.3236627296875 0.68924644375 0.299379390625 0.6844684921875 0.28387566249999996 0.6943568890625
2 0.015918628125 0.2818334546875 0.0070391359375000006 0.3034758671875 0.0170836625 0.3422782796875 0.04846558125 0.36786127031250004 0.0773176640625 0.3451721390625 0.077891890625 0.317914396875 0.0626461609375 0.2945110390625 0.0420411109375 0.283489728125 0.015918628125 0.2818334546875
2 0.0132804203125 0.57542524375 0.022692489062499998 0.6021596265625 0.039461134375 0.6164072890625001 0.0654255015625 0.6150465546875 0.086604778125 0.598810125 0.09700718593749999 0.5680120171875 0.09590038281249999 0.5468929625000001 0.08296814062499999 0.5294189484375 0.05300925468749999 0.530989028125 0.0161681359375 0.554096846875 0.0132804203125 0.57542524375
2 0.101034865625 0.7977232859375001 0.09909583749999999 0.8371537312499999 0.116338828125 0.8604524171874999 0.14246130937499998 0.8621086874999999 0.1614852125 0.8429599234375 0.163424240625 0.8035294796875 0.1435515328125 0.768267434375 0.1195844234375 0.7695234984375 0.101034865625 0.7977232859375001
2 0.062121675 0.6666497 0.064177165625 0.7058708 0.07558649218749999 0.732500509375 0.10218331875 0.7432078062499999 0.11337630000000001 0.7274947359375 0.12178144843750001 0.6968012984375 0.1146246375 0.636670490625 0.09491004374999999 0.6044254515625 0.0698943640625 0.6238882343750001 0.062121675 0.6666497
2 0.180509115625 0.8238111578125 0.1682675640625 0.8577309468750001 0.17589871875000002 0.9269127796875001 0.20034017187500003 0.9347077390624999 0.2156857859375 0.9218023328125 0.2257719640625 0.884970209375 0.2241908171875 0.8548001328125 0.208312628125 0.8193287453125 0.1920183265625 0.814132103125 0.180509115625 0.8238111578125
2 0.45325973125 0.9456551390625 0.45468276406249997 0.9728082078125 0.47192575468750003 0.99610689375 0.49804823593750003 0.9977631656250001 0.5169140249999999 0.97559739375 0.5185368218749999 0.9301329359375 0.4994546875 0.9099559296875 0.46981203125000004 0.9175600218750001 0.45325973125 0.9456551390625
2 0.35326373437499997 0.757276884375 0.37040684218750003 0.816884334375 0.4027374484375 0.8605693703125 0.41256562812500003 0.8570290046875 0.42712066875000004 0.829038559375 0.40887075937499995 0.74831205625 0.398093890625 0.7337503765625 0.36014596875 0.7357391437499999 0.35326373437499997 0.757276884375
2 0.278125303125 0.5464188437499999 0.27881599375 0.59781264375 0.3142506609375 0.6625120625 0.3305449625 0.6677087015625001 0.3492526359375 0.642525921875 0.34504177187499996 0.6003924875 0.31328539218749996 0.529449709375 0.2931546875 0.5274794203125001 0.278125303125 0.5464188437499999
2 0.32207349375 0.23856091093749998 0.3228640671875 0.25364595 0.34841232187500004 0.2825599640625 0.3818913828125 0.2717295171875 0.4099528921875 0.23395534687500003 0.4097365453125 0.19161256875 0.3894477265625 0.186625271875 0.35844026875 0.20640206874999997 0.32207349375 0.23856091093749998
2 0.27350681718750003 0.22900500781250002 0.26646646875 0.247525740625 0.268521959375 0.286746840625 0.2903919265625 0.3219042140625 0.302691709375 0.32731019687499996 0.3323343671875 0.31970610312500003 0.3339571640625 0.27424164375000004 0.3100899390625 0.23918894218750003 0.28932677500000004 0.22515062343749997 0.27350681718750003 0.22900500781250002
2 0.229275959375 0.03467893125 0.228385503125 0.05590265625 0.241633975 0.0794106859375 0.258086390625 0.087624334375 0.3121705 0.08781520000000001 0.31873650468750003 0.06024344375 0.3113216953125 0.033404390625 0.286247784375 0.0135414 0.2522943796875 0.0153208234375 0.229275959375 0.03467893125
2 0.08616399687500001 0.09360911093749999 0.1245862625 0.1006713671875 0.14155467500000002 0.042301503125 0.13261695 0.024618143749999998 0.0763774671875 0.02151494375 0.0750708984375 0.0730134171875 0.08616399687500001 0.09360911093749999
2 0.1454242390625 0.268995765625 0.1746507828125 0.2916664203125 0.20045703593750003 0.28728867812500003 0.20965275781249998 0.2716802796875 0.2022379484375 0.244841225 0.152722584375 0.217183275 0.139216115625 0.2269670015625 0.1454242390625 0.268995765625
2 0.1868587734375 0.753896621875 0.1976938734375 0.8077840734375 0.21766646406249998 0.8067373546875001 0.22870133125 0.7880072765625 0.23495110624999999 0.7544015046875 0.2287429828125 0.7123727421875 0.21612696874999998 0.7009327421875 0.1964706078125 0.7080134765625 0.1868587734375 0.753896621875
2 0.4780841359375 0.6932547359375001 0.4743059640625 0.7358068609374999 0.4871383234375 0.7895896375 0.504065084375 0.8068543078125 0.5198850421875 0.8029999265625 0.5289226499999999 0.7843745203125 0.5265509296875 0.7391194046875 0.5097240515625 0.685545971875 0.48712174375000006 0.67462933125 0.4780841359375 0.6932547359375001
2 0.4674488015625 0.566749759375 0.4896349984375 0.607941146875 0.5092913593749999 0.6008604125 0.5236882859375 0.569852959375 0.5216327953125 0.5306318609375 0.5077518640625 0.4950558015625 0.47931589375000005 0.48747018593749997 0.4664418828125 0.5093219421875 0.4674488015625 0.566749759375