1 0.042727273437500005 0.8800000000000001 0.0672727265625 0.8718181812499999 0.0863636359375 0.8527272734375 0.0954545453125 0.8327272734375001 0.0954545453125 0.8136363640625 0.08181818125 0.7927272734375 0.0663636359375 0.7863636359374999 0.046363635937499995 0.7836363640624999 0.0363636359375 0.7872727265624999 0.0236363640625 0.800909090625 0.009090909375000001 0.8309090906250001 0.0072727265625 0.8536363640625 0.015454545312500002 0.8681818187499999 0.024545454687500003 0.8772727265625001 0.042727273437500005 0.8800000000000001
1 0.069090909375 0.77181818125 0.10181818125 0.7727272734375 0.1263636359375 0.7654545453125 0.14181818125 0.7563636359375 0.15181818125 0.74 0.1445454546875 0.71 0.130909090625 0.699090909375 0.1127272734375 0.6927272734375001 0.10181818125 0.690909090625 0.09 0.7027272734375 0.080909090625 0.7063636359375 0.06 0.70818181875 0.05 0.7054545453125 0.03818181875 0.719090909375 0.037272726562500004 0.7363636359375 0.0445454546875 0.7572727265625 0.0527272734375 0.7654545453125 0.069090909375 0.77181818125
1 0.18181818125 0.7536363640625 0.2045454546875 0.7454545453125 0.2136363640625 0.7354545453125 0.2163636359375 0.7263636359375 0.2136363640625 0.6890909093750001 0.2054545453125 0.66818181875 0.1927272734375 0.6590909093749999 0.1745454546875 0.6590909093749999 0.16181818125 0.6672727265625 0.149090909375 0.6827272734375 0.1463636359375 0.709090909375 0.1554545453125 0.739090909375 0.1672727265625 0.749090909375 0.18181818125 0.7536363640625
1 0.2127272734375 0.8054545453124999 0.24454545468750002 0.8054545453124999 0.2627272734375 0.7936363640625 0.27181818125 0.7763636359375 0.270909090625 0.7545454546875 0.259090909375 0.7354545453125 0.24727272656250002 0.7254545453125 0.2263636359375 0.7172727265625001 0.2172727265625 0.71818181875 0.2154545453125 0.7345454546875 0.2 0.75 0.1854545453125 0.7545454546875 0.169090909375 0.7527272734375 0.1672727265625 0.7672727265625 0.1745454546875 0.77818181875 0.18818181875 0.7927272734375 0.2127272734375 0.8054545453124999
1 0.29818181875 0.700909090625 0.3054545453125 0.700909090625 0.3254545453125 0.690909090625 0.3327272734375 0.67181818125 0.32909090937499996 0.6472727265625 0.319090909375 0.6327272734375 0.29636363593750004 0.6127272734375 0.279090909375 0.60818181875 0.25818181875 0.610909090625 0.250909090625 0.619090909375 0.24454545468750002 0.6354545453125 0.24363636406250003 0.6599999999999999 0.2636363640625 0.6827272734375 0.27818181875 0.6927272734375001 0.29818181875 0.700909090625
1 0.2054545453125 0.9054545453125 0.21000000000000002 0.9081818187499999 0.23181818125000003 0.9063636359375 0.25818181875 0.8972727265625 0.2572727265625 0.889090909375 0.1954545453125 0.8281818187500001 0.1836363640625 0.8263636359375001 0.1754545453125 0.8354545453125001 0.1745454546875 0.860909090625 0.17818181875 0.8709090906249999 0.19 0.890909090625 0.2054545453125 0.9054545453125
1 0.23181818125000003 0.8554545453125 0.239090909375 0.8690909093749999 0.25818181875 0.889090909375 0.26181818125 0.89 0.27818181875 0.8763636359375001 0.290909090625 0.8727272734374999 0.28818181875 0.8572727265625 0.2754545453125 0.8363636359375001 0.25 0.8136363640625 0.2372727265625 0.80818181875 0.22000000000000003 0.8072727265624999 0.20818181875000003 0.8127272734375 0.2027272734375 0.820909090625 0.20181818125 0.8318181812500001 0.2236363640625 0.85181818125 0.2272727265625 0.850909090625 0.23181818125000003 0.8554545453125
1 0.2927272734375 0.9809090906250001 0.3045454546875 0.9809090906250001 0.3163636359375 0.9745454546874999 0.3254545453125 0.96 0.32999999999999996 0.9390909093750001 0.3272727265625 0.9054545453125 0.3163636359375 0.8836363640625 0.3045454546875 0.8745454546874999 0.28363636406250003 0.8754545453125001 0.2654545453125 0.889090909375 0.2572727265625 0.9118181812499999 0.2572727265625 0.9454545453125001 0.27 0.970909090625 0.28272727343750004 0.9790909093750001 0.2927272734375 0.9809090906250001
1 0.32999999999999996 0.94818181875 0.32181818125 0.9727272734374999 0.33909090937499997 0.9781818187500001 0.360909090625 0.9636363640625 0.380909090625 0.94181818125 0.38818181875 0.929090909375 0.39 0.9072727265625 0.3836363640625 0.8936363640625 0.3654545453125 0.8763636359375001 0.34181818124999996 0.8727272734374999 0.319090909375 0.8800000000000001 0.31818181874999996 0.8845454546875 0.3272727265625 0.900909090625 0.33090909062499996 0.92818181875 0.32999999999999996 0.94818181875
1 0.43636363593749994 0.8054545453124999 0.45818181874999997 0.79 0.48 0.7636363640625 0.4854545453125 0.74818181875 0.4854545453125 0.7327272734375 0.48181818125 0.7236363640625 0.4736363640625 0.7163636359375001 0.46090909062499996 0.7136363640625001 0.45181818125 0.7145454546875001 0.43272727343749995 0.7236363640625 0.4027272734375 0.75 0.3863636359375 0.7827272734374999 0.3854545453125 0.8045454546874999 0.39272727343749997 0.8127272734375 0.42181818125000003 0.8127272734375 0.43636363593749994 0.8054545453124999
1 0.37181818125 0.8245454546875 0.380909090625 0.8099999999999999 0.3854545453125 0.7854545453124999 0.3845454546875 0.77 0.3727272734375 0.7463636359375 0.3636363640625 0.7427272734375 0.3545454546875 0.7436363640625 0.3272727265625 0.8036363640624999 0.32818181874999997 0.8109090906249999 0.350909090625 0.8154545453125 0.3654545453125 0.8290909093750001 0.37181818125 0.8245454546875
1 0.33181818125 0.8727272734374999 0.3554545453125 0.8709090906249999 0.3672727265625 0.85181818125 0.3636363640625 0.8272727265625001 0.35181818125 0.8154545453125 0.3272727265625 0.809090909375 0.3136363640625 0.80818181875 0.30181818125 0.8136363640625 0.2927272734375 0.8227272734375 0.2863636359375 0.8381818187500001 0.2863636359375 0.849090909375 0.29454545468750004 0.8681818187499999 0.3154545453125 0.8790909093750001 0.33181818125 0.8727272734374999
1 0.3945454546875 0.9109090906249999 0.409090909375 0.9136363640624999 0.42090909062500004 0.9090909093749999 0.43636363593749994 0.8945454546875 0.44181818125000005 0.8763636359375001 0.44090909062500006 0.8636363640625 0.4263636359375 0.8290909093750001 0.41 0.8163636359374999 0.39272727343749997 0.8163636359374999 0.379090909375 0.82 0.369090909375 0.8318181812500001 0.369090909375 0.84818181875 0.36181818125 0.8727272734374999 0.38181818125 0.889090909375 0.3945454546875 0.9109090906249999
1 0.4227272734375 0.9736363640624999 0.4227272734375 0.95818181875 0.41909090937500004 0.94181818125 0.40818181875 0.9172727265624999 0.39181818125 0.9154545453124999 0.3863636359375 0.9354545453125 0.35 0.9745454546874999 0.35 0.9845454546875001 0.3645454546875 0.999090909375 0.41363636406250004 0.999090909375 0.4227272734375 0.9736363640624999
1 0.23818181875 0.969090909375 0.2563636359375 0.96181818125 0.26 0.9572727265625 0.2563636359375 0.9463636359375001 0.25818181875 0.9036363640625 0.2554545453125 0.90181818125 0.240909090625 0.9072727265625 0.20818181875000003 0.9109090906249999 0.1963636359375 0.9163636359374999 0.19 0.9254545453125 0.189090909375 0.9445454546875001 0.2027272734375 0.9636363640625 0.20909090937500002 0.9672727265625 0.23818181875 0.969090909375
1 0.05818181875 0.96818181875 0.0763636359375 0.970909090625 0.08 0.950909090625 0.10818181874999999 0.9345454546875 0.1072727265625 0.9072727265625 0.09909090937500001 0.8718181812499999 0.090909090625 0.86 0.0845454546875 0.85818181875 0.0654545453125 0.8745454546874999 0.0345454546875 0.8845454546875 0.0345454546875 0.9145454546874999 0.040909090625 0.9272727265625 0.0454545453125 0.9536363640625 0.05818181875 0.96818181875
1 0.179090909375 0.999090909375 0.1872727265625 0.990909090625 0.1963636359375 0.98818181875 0.200909090625 0.9790909093750001 0.2 0.9636363640625 0.1854545453125 0.9463636359375001 0.1572727265625 0.9372727265625 0.11636363593750002 0.9345454546875 0.10454545468750001 0.9381818187500001 0.080909090625 0.9527272734375 0.08 0.97181818125 0.0827272734375 0.9800000000000001 0.10454545468750001 0.999090909375 0.179090909375 0.999090909375
1 0.1463636359375 0.6790909093749999 0.1736363640625 0.6572727265625 0.1927272734375 0.6254545453125 0.1945454546875 0.6154545453125 0.1754545453125 0.5909090906250001 0.150909090625 0.5881818187500001 0.1372727265625 0.5945454546875 0.1236363640625 0.6063636359375 0.11090909062500001 0.63181818125 0.11000000000000001 0.649090909375 0.1236363640625 0.670909090625 0.13363636406249998 0.6772727265625 0.1463636359375 0.6790909093749999
1 0.1545454546875 0.5636363640625001 0.16818181875 0.5599999999999999 0.1872727265625 0.5445454546875 0.1954545453125 0.529090909375 0.19818181875000002 0.5145454546875 0.19181818125 0.4963636359375 0.179090909375 0.4872727265625 0.16454545468749998 0.48 0.1463636359375 0.47818181875 0.1227272734375 0.4872727265625 0.1127272734375 0.49818181875 0.10363636406250001 0.520909090625 0.10545454531250001 0.54181818125 0.11636363593750002 0.5563636359374999 0.13 0.5627272734375001 0.1545454546875 0.5636363640625001
1 0.269090909375 0.5445454546875 0.279090909375 0.5572727265624999 0.29454545468750004 0.5536363640624999 0.309090909375 0.539090909375 0.3127272734375 0.53 0.31181818125 0.5027272734375 0.29818181875 0.47818181875 0.28818181875 0.47000000000000003 0.27272727343750003 0.4645454546875 0.259090909375 0.4663636359375 0.2354545453125 0.47818181875 0.22909090937499998 0.49181818125000004 0.22999999999999998 0.51181818125 0.2363636359375 0.5272727265625 0.2545454546875 0.540909090625 0.269090909375 0.5445454546875
1 0.2236363640625 0.6163636359375 0.24363636406250003 0.610909090625 0.25818181875 0.6 0.2736363640625 0.5745454546875 0.2763636359375 0.5572727265624999 0.27181818125 0.5472727265625 0.2663636359375 0.5436363640625 0.2545454546875 0.54181818125 0.23818181875 0.530909090625 0.22090909062500003 0.530909090625 0.1972727265625 0.54181818125 0.1854545453125 0.5563636359374999 0.18181818125 0.5663636359375 0.18181818125 0.5909090906250001 0.189090909375 0.60181818125 0.20181818125 0.61181818125 0.2236363640625 0.6163636359375
1 0.35181818125 0.6627272734375 0.3736363640625 0.650909090625 0.3827272734375 0.63181818125 0.3845454546875 0.6127272734375 0.38 0.599090909375 0.369090909375 0.5836363640625 0.3527272734375 0.5763636359375 0.3327272734375 0.5763636359375 0.320909090625 0.5827272734375 0.31 0.5963636359375 0.31 0.6227272734375 0.32818181874999997 0.64181818125 0.3345454546875 0.6599999999999999 0.35181818125 0.6627272734375
1 0.320909090625 0.580909090625 0.33999999999999997 0.5745454546875 0.3536363640625 0.5754545453125 0.370909090625 0.5827272734375 0.37818181875 0.579090909375 0.38181818125 0.5745454546875 0.38 0.5527272734374999 0.3663636359375 0.539090909375 0.350909090625 0.5163636359375 0.3227272734375 0.5054545453125 0.3136363640625 0.5063636359375 0.31181818125 0.5354545453124999 0.29454545468750004 0.5554545453124999 0.299090909375 0.5645454546875001 0.320909090625 0.580909090625
1 0.3763636359375 0.650909090625 0.3963636359375 0.6527272734375 0.41454545468750004 0.6618181812499999 0.41818181875000004 0.6599999999999999 0.4272727265625 0.650909090625 0.43181818125 0.6372727265625 0.44181818125000005 0.6272727265625 0.44181818125000005 0.6045454546875 0.42818181875 0.5909090906250001 0.40636363593749997 0.579090909375 0.39272727343749997 0.5772727265625 0.3745454546875 0.5836363640625 0.3736363640625 0.5872727265625 0.3854545453125 0.6127272734375 0.3845454546875 0.62818181875 0.3763636359375 0.650909090625
1 0.3254545453125 0.759090909375 0.3472727265625 0.7527272734375 0.3554545453125 0.74181818125 0.3745454546875 0.7436363640625 0.3836363640625 0.7327272734375 0.3863636359375 0.7127272734375001 0.37 0.6954545453125001 0.3363636359375 0.69181818125 0.3 0.7054545453125 0.290909090625 0.7127272734375001 0.28181818125 0.7263636359375 0.28181818125 0.7345454546875 0.3036363640625 0.7445454546875 0.3172727265625 0.759090909375 0.3254545453125 0.759090909375
1 0 0.6 0.0172727265625 0.5963636359375 0.0336363640625 0.58181818125 0.042727273437500005 0.5672727265625 0.049090909375000005 0.54181818125 0.049090909375000005 0.5227272734375 0.0436363640625 0.50818181875 0.0227272734375 0.4936363640625 0.0045454546875000005 0.4945454546875 0 0.4963636359375 0 0.6
1 0.042727273437500005 0.5945454546875 0.07272727343749999 0.6027272734375 0.0963636359375 0.5972727265625 0.11636363593750002 0.5845454546875 0.11818181875 0.5627272734375001 0.1072727265625 0.54818181875 0.09909090937500001 0.5272727265625 0.080909090625 0.520909090625 0.060909090624999995 0.520909090625 0.050909090625 0.5254545453125 0.046363635937499995 0.559090909375 0.0354545453125 0.580909090625 0.0354545453125 0.5872727265625 0.042727273437500005 0.5945454546875
1 0.0472727265625 0.7027272734375 0.07181818125 0.7063636359375 0.089090909375 0.70181818125 0.0972727265625 0.69181818125 0.100909090625 0.670909090625 0.0963636359375 0.6572727265625 0.08424272656250001 0.6415154546874999 0.0663636359375 0.6272727265625 0.049090909375000005 0.6245454546875 0.0363636359375 0.62818181875 0.0227272734375 0.63818181875 0.0136363640625 0.65181818125 0.0127272734375 0.6645454546875 0.019090909375 0.6790909093749999 0.0336363640625 0.6954545453125001 0.0472727265625 0.7027272734375
1 0.46818181875000003 0.95 0.45272727343749997 0.949090909375 0.4445454546875 0.9536363640625 0.43272727343749995 0.9754545453125001 0.43272727343749995 0.999090909375 0.4863636359375 0.999090909375 0.47727272656249997 0.96 0.46818181875000003 0.95
2 0.47818181875 0.9263636359375 0.47727272656249997 0.93181818125 0.4827272734375 0.9436363640625001 0.49090909062500004 0.950909090625 0.5127272734375 0.9472727265625001 0.53818181875 0.9527272734375 0.5463636359375 0.949090909375 0.5545454546874999 0.9427272734375001 0.5627272734375001 0.9236363640624999 0.5609090906249999 0.890909090625 0.5527272734374999 0.8699999999999999 0.53181818125 0.8454545453125 0.5154545453125 0.8372727265625001 0.500909090625 0.8381818187500001 0.49000000000000005 0.8472727265625 0.49818181875 0.8699999999999999 0.49000000000000005 0.8827272734375 0.4872727265625 0.9081818187499999 0.47818181875 0.9263636359375
2 0.58181818125 0.80181818125 0.5972727265625 0.79181818125 0.6172727265625 0.7672727265625 0.6236363640625 0.7336363640625 0.630909090625 0.72 0.63 0.709090909375 0.6236363640625 0.6954545453125001 0.6163636359375 0.6881818187500001 0.5954545453125 0.6818181812499999 0.5836363640625 0.6818181812499999 0.5672727265625 0.6881818187500001 0.5427272734375 0.7145454546875001 0.5354545453124999 0.7463636359375 0.5372727265624999 0.7745454546875 0.549090909375 0.7954545453125 0.5636363640625001 0.8045454546874999 0.58181818125 0.80181818125
2 0.45272727343749997 0.6363636359375 0.47000000000000003 0.64 0.48181818125 0.63818181875 0.49818181875 0.630909090625 0.5136363640625 0.6163636359375 0.5227272734375 0.5881818187500001 0.520909090625 0.5609090906249999 0.509090909375 0.5336363640624999 0.4963636359375 0.52181818125 0.47727272656249997 0.51818181875 0.44818181875 0.529090909375 0.43181818125 0.54818181875 0.4263636359375 0.5645454546875001 0.4254545453125 0.5845454546875 0.4445454546875 0.6063636359375 0.4454545453125 0.629090909375 0.45272727343749997 0.6363636359375
2 0.549090909375 0.6972727265625001 0.5881818187500001 0.6763636359375 0.6072727265625 0.6581818187499999 0.62 0.63 0.620909090625 0.6072727265625 0.609090909375 0.5890909093750001 0.5845454546875 0.5727272734375 0.5554545453124999 0.5709090906250001 0.54181818125 0.5772727265625 0.53181818125 0.5863636359375 0.5245454546875 0.5972727265625 0.52 0.6136363640625 0.48818181875000005 0.6472727265625 0.49000000000000005 0.6672727265625 0.5045454546875 0.6900000000000001 0.5245454546875 0.69818181875 0.549090909375 0.6972727265625001
2 0.740909090625 0.720909090625 0.76 0.719090909375 0.7827272734374999 0.71 0.7945454546875 0.699090909375 0.8027272734374999 0.6781818187499999 0.8036363640624999 0.65 0.7963636359375 0.6363636359375 0.7827272734374999 0.6236363640625 0.7536363640625 0.6227272734375 0.7227272734375 0.640909090625 0.7154545453125001 0.6536363640625 0.71818181875 0.7036363640625 0.7227272734375 0.7136363640625001 0.73 0.71818181875 0.740909090625 0.720909090625
2 0.7027272734375 0.63181818125 0.7027272734375 0.6363636359375 0.7136363640625001 0.639090909375 0.7372727265625 0.63 0.7536363640625 0.61818181875 0.7554545453125 0.599090909375 0.7645454546875 0.5927272734375 0.77 0.580909090625 0.7654545453125 0.5654545453125001 0.7545454546875 0.550909090625 0.7227272734375 0.53181818125 0.7045454546875 0.53181818125 0.6818181812499999 0.539090909375 0.6672727265625 0.55181818125 0.6627272734375 0.5700000000000001 0.6618181812499999 0.5881818187500001 0.67 0.60818181875 0.6927272734375001 0.6272727265625 0.7027272734375 0.63181818125
2 0.64181818125 0.7163636359375001 0.670909090625 0.7063636359375 0.6818181812499999 0.7054545453125 0.709090909375 0.71181818125 0.7136363640625001 0.70818181875 0.7136363640625001 0.6809090906249999 0.690909090625 0.64181818125 0.6872727265624999 0.6263636359375 0.6636363640625 0.6054545453125 0.6536363640625 0.60818181875 0.6436363640625 0.61818181875 0.6327272734375 0.620909090625 0.6154545453125 0.6445454546875 0.6145454546875 0.6672727265625 0.6172727265625 0.6790909093749999 0.6372727265625 0.7154545453125001 0.64181818125 0.7163636359375001
2 0.6745454546875 0.789090909375 0.69181818125 0.7845454546874999 0.71181818125 0.7736363640625 0.72 0.75181818125 0.720909090625 0.730909090625 0.71 0.7145454546875001 0.6872727265624999 0.7072727265625 0.6745454546875 0.7072727265625 0.6463636359375 0.7154545453125001 0.6336363640625 0.7227272734375 0.6272727265625 0.729090909375 0.6236363640625 0.7427272734375 0.6245454546875 0.7654545453125 0.6327272734375 0.7763636359375 0.65181818125 0.7872727265624999 0.6745454546875 0.789090909375
2 0.48181818125 0.7654545453125 0.4872727265625 0.7963636359375 0.4927272734375 0.8045454546874999 0.5154545453125 0.8154545453125 0.5472727265625 0.8099999999999999 0.5536363640624999 0.800909090625 0.5372727265624999 0.78 0.5336363640624999 0.7654545453125 0.5336363640624999 0.75 0.540909090625 0.7136363640625001 0.530909090625 0.7045454546875 0.5127272734375 0.6963636359375001 0.499090909375 0.699090909375 0.49000000000000005 0.7063636359375 0.480909090625 0.7172727265625001 0.4872727265625 0.7336363640625 0.4863636359375 0.7527272734375 0.48181818125 0.7654545453125
2 0.5772727265625 0.9163636359374999 0.5772727265625 0.9218181812499999 0.580909090625 0.9245454546874999 0.6063636359375 0.9272727265625 0.6127272734375 0.9045454546875 0.629090909375 0.8818181812500001 0.6136363640625 0.8354545453125001 0.5963636359375 0.8263636359375001 0.580909090625 0.8254545453125001 0.5636363640625001 0.8318181812500001 0.54818181875 0.8472727265625 0.5463636359375 0.85818181875 0.5618181812499999 0.8854545453125 0.5672727265625 0.9136363640624999 0.5772727265625 0.9163636359374999
2 0.6609090906249999 0.89181818125 0.6954545453125001 0.8954545453125 0.71181818125 0.890909090625 0.7463636359375 0.86181818125 0.7445454546875 0.8454545453125 0.72818181875 0.8290909093750001 0.720909090625 0.8072727265624999 0.710909090625 0.799090909375 0.6863636359374999 0.7936363640625 0.6463636359375 0.7963636359375 0.6227272734375 0.8154545453125 0.61818181875 0.8263636359375001 0.6163636359375 0.8390909093750001 0.6272727265625 0.8718181812499999 0.6336363640625 0.8800000000000001 0.6609090906249999 0.89181818125
2 0.6454545453125 0.969090909375 0.6727272734375 0.96818181875 0.6872727265624999 0.9636363640625 0.700909090625 0.9536363640625 0.7127272734375001 0.8954545453125 0.6772727265625 0.8963636359375 0.6327272734375 0.8809090906250001 0.619090909375 0.8954545453125 0.610909090625 0.9127272734374999 0.61 0.92818181875 0.62 0.94818181875 0.6327272734375 0.9645454546875 0.6454545453125 0.969090909375
2 0.5527272734374999 0.9754545453125001 0.5563636359374999 0.999090909375 0.6045454546875 0.999090909375 0.6154545453125 0.989090909375 0.63181818125 0.9836363640625001 0.6336363640625 0.969090909375 0.619090909375 0.95 0.61 0.93 0.57818181875 0.9272727265625 0.5654545453125001 0.9327272734375001 0.5572727265624999 0.9454545453125001 0.5427272734375 0.9563636359375 0.5436363640625 0.9636363640625 0.5527272734374999 0.9754545453125001
2 0.7763636359375 0.990909090625 0.790909090625 0.9763636359375001 0.8 0.94181818125 0.8 0.930909090625 0.79 0.9154545453124999 0.7845454546874999 0.8763636359375001 0.77181818125 0.8672727265625 0.7427272734375 0.8681818187499999 0.73181818125 0.8745454546874999 0.7154545453125001 0.8963636359375 0.7054545453125 0.9372727265625 0.70818181875 0.97 0.719090909375 0.9836363640625001 0.7527272734375 0.999090909375 0.7763636359375 0.990909090625
2 0.8390909093750001 0.9363636359375 0.86 0.9227272734374999 0.8800000000000001 0.89181818125 0.8854545453125 0.8636363640625 0.8818181812500001 0.8400000000000001 0.8663636359375 0.820909090625 0.8445454546875 0.8127272734375 0.8318181812500001 0.8145454546875 0.8136363640625 0.8300000000000001 0.799090909375 0.849090909375 0.79 0.8727272734374999 0.79181818125 0.9145454546874999 0.7954545453125 0.9218181812499999 0.8136363640625 0.9363636359375 0.8390909093750001 0.9363636359375
2 0.74818181875 0.8445454546875 0.77181818125 0.86 0.789090909375 0.8636363640625 0.8118181812499999 0.8290909093750001 0.8418181812500001 0.8072727265624999 0.8109090906249999 0.76 0.8036363640624999 0.730909090625 0.790909090625 0.7227272734375 0.759090909375 0.72181818125 0.74181818125 0.729090909375 0.729090909375 0.7427272734375 0.7163636359375001 0.7736363640625 0.7145454546875001 0.7954545453125 0.72181818125 0.8036363640624999 0.73 0.8263636359375001 0.74818181875 0.8445454546875
2 0.8409090906250001 0.8 0.8636363640625 0.8172727265624999 0.8972727265625 0.8172727265624999 0.900909090625 0.8136363640625 0.90181818125 0.8054545453124999 0.8927272734375 0.7972727265625 0.8854545453125 0.7845454546874999 0.8790909093750001 0.7636363640625 0.8800000000000001 0.75181818125 0.8945454546875 0.7272727265625 0.8872727265625 0.7172727265625001 0.8627272734375 0.6972727265625001 0.8409090906250001 0.690909090625 0.8345454546875001 0.6963636359375001 0.8163636359374999 0.7027272734375 0.8072727265624999 0.719090909375 0.8063636359374999 0.7354545453125 0.8099999999999999 0.75181818125 0.8263636359375001 0.78181818125 0.8409090906250001 0.8
2 0.9809090906250001 0.8163636359374999 0.999090909375 0.8154545453125 0.999090909375 0.72181818125 0.950909090625 0.7145454546875001 0.9218181812499999 0.7163636359375001 0.8963636359375 0.72818181875 0.8809090906250001 0.7536363640625 0.8854545453125 0.78181818125 0.9045454546875 0.800909090625 0.92818181875 0.8109090906249999 0.9809090906250001 0.8163636359374999
2 0.9390909093750001 0.9563636359375 0.9563636359375 0.9545454546875 0.970909090625 0.9445454546875001 0.9809090906250001 0.9199999999999999 0.9809090906250001 0.9 0.9754545453125001 0.8836363640625 0.949090909375 0.8545454546875 0.9327272734375001 0.84818181875 0.9045454546875 0.85 0.89 0.8627272734375 0.8854545453125 0.8736363640624999 0.8854545453125 0.9109090906249999 0.8927272734375 0.92818181875 0.9063636359375 0.9427272734375001 0.9390909093750001 0.9563636359375
2 0.9136363640624999 0.96181818125 0.9063636359375 0.9463636359375001 0.8936363640625 0.9336363640625001 0.8845454546875 0.9272727265625 0.8718181812499999 0.9272727265625 0.8254545453125001 0.9436363640625001 0.8054545453124999 0.9645454546875 0.7954545453125 0.9845454546875001 0.7945454546875 0.999090909375 0.9072727265625 0.999090909375 0.9136363640624999 0.9872727265625001 0.9136363640624999 0.96181818125
2 0.9136363640624999 0.6263636359375 0.9245454546874999 0.6236363640625 0.9463636359375001 0.61 0.960909090625 0.5918181812500001 0.97 0.5572727265624999 0.9672727265625 0.5327272734374999 0.959090909375 0.52181818125 0.949090909375 0.5163636359375 0.9254545453125 0.50818181875 0.9136363640624999 0.50818181875 0.89 0.5227272734375 0.8727272734374999 0.550909090625 0.8681818187499999 0.5690909093750001 0.8681818187499999 0.5936363640625 0.8763636359375001 0.609090909375 0.8963636359375 0.6245454546875 0.9136363640624999 0.6263636359375
2 0.84818181875 0.6900000000000001 0.8800000000000001 0.7045454546875 0.8945454546875 0.7027272734375 0.9181818187499999 0.6863636359374999 0.9227272734374999 0.6799999999999999 0.9263636359375 0.6618181812499999 0.9245454546874999 0.6454545453125 0.9190909093749999 0.6327272734375 0.8954545453125 0.6263636359375 0.8845454546875 0.62 0.8727272734374999 0.609090909375 0.8654545453125 0.5927272734375 0.859090909375 0.5863636359375 0.8454545453125 0.5909090906250001 0.8309090906250001 0.609090909375 0.8281818187500001 0.63 0.8318181812500001 0.6636363640625 0.8381818187500001 0.6790909093749999 0.84818181875 0.6900000000000001
2 0.76 0.520909090625 0.779090909375 0.5263636359375 0.7972727265625 0.5245454546875 0.8154545453125 0.51818181875 0.81818181875 0.5154545453125 0.819090909375 0.49818181875 0.8300000000000001 0.4845454546875 0.8436363640625 0.4745454546875 0.8409090906250001 0.46363636406250003 0.8272727265625001 0.4463636359375 0.8145454546875 0.44000000000000006 0.79 0.43727272656249994 0.7672727265625 0.43818181875000006 0.7454545453125 0.4445454546875 0.730909090625 0.45363636406249996 0.720909090625 0.46818181875000003 0.720909090625 0.49090909062500004 0.7345454546875 0.510909090625 0.7454545453125 0.520909090625 0.76 0.520909090625
2 0.97 0.5327272734374999 0.999090909375 0.5327272734374999 0.999090909375 0.46090909062499996 0.9772727265625001 0.45818181874999997 0.9527272734375 0.4663636359375 0.940909090625 0.4727272734375 0.93 0.48909090937500005 0.930909090625 0.5072727265625 0.9336363640625001 0.51 0.9572727265625 0.519090909375 0.97 0.5327272734374999
2 0.540909090625 0.54818181875 0.5536363640624999 0.5472727265625 0.5654545453125001 0.540909090625 0.58 0.51818181875 0.5845454546875 0.4972727265625 0.58181818125 0.4672727265625 0.5663636359375 0.43909090937500006 0.5536363640624999 0.43272727343749995 0.5245454546875 0.43909090937500006 0.5136363640625 0.4472727265625 0.5036363640625 0.47181818125 0.5036363640625 0.50181818125 0.51818181875 0.5336363640624999 0.5254545453125 0.540909090625 0.540909090625 0.54818181875
2 0.77 0.5736363640625 0.77 0.5890909093750001 0.76 0.6054545453125 0.7627272734375 0.6172727265625 0.7836363640624999 0.62181818125 0.8 0.63818181875 0.8072727265624999 0.63818181875 0.82181818125 0.630909090625 0.8300000000000001 0.6036363640625 0.8300000000000001 0.5909090906250001 0.8136363640625 0.559090909375 0.7827272734374999 0.530909090625 0.76181818125 0.5236363640625 0.7436363640625 0.5236363640625 0.7336363640625 0.5272727265625 0.72818181875 0.5327272734374999 0.75181818125 0.5472727265625 0.7645454546875 0.5618181812499999 0.77 0.5736363640625
2 0.86181818125 0.5454545453125 0.8754545453125001 0.54181818125 0.8924245453124999 0.5193936359375 0.9154545453124999 0.5045454546875 0.9136363640624999 0.49090909062500004 0.9072727265625 0.4827272734375 0.9 0.47818181875 0.8772727265625001 0.4745454546875 0.8418181812500001 0.47818181875 0.8345454546875001 0.48181818125 0.820909090625 0.4972727265625 0.819090909375 0.51 0.8263636359375001 0.5263636359375 0.8400000000000001 0.53818181875 0.86181818125 0.5454545453125
3 0.0763636359375 0.1263636359375 0.1136363640625 0.12818181875 0.1327272734375 0.1227272734375 0.1463636359375 0.10909090937499999 0.1536363640625 0.0872727265625 0.15 0.06363636406249999 0.13999999999999999 0.054545454687499995 0.11545454531249999 0.042727273437500005 0.08818181875 0.03818181875 0.06818181875 0.040909090625 0.04818181875 0.04818181875 0.03818181875 0.06363636406249999 0.03818181875 0.08 0.046363635937499995 0.10454545468750001 0.0663636359375 0.1227272734375 0.0763636359375 0.1263636359375
3 0.1954545453125 0.1427272734375 0.2127272734375 0.139090909375 0.2236363640625 0.13 0.2372727265625 0.10818181874999999 0.239090909375 0.0845454546875 0.23090909062499998 0.06 0.2163636359375 0.04181818125 0.189090909375 0.0354545453125 0.1854545453125 0.0354545453125 0.16 0.059090909375 0.16 0.08818181875 0.169090909375 0.1245454546875 0.18 0.1354545453125 0.1954545453125 0.1427272734375
3 0.2136363640625 0.2627272734375 0.23090909062499998 0.2663636359375 0.26 0.25181818125 0.26818181874999997 0.22999999999999998 0.26818181874999997 0.21090909062500002 0.2563636359375 0.179090909375 0.24 0.1545454546875 0.21818181874999998 0.1454545453125 0.1936363640625 0.14727272656249998 0.1736363640625 0.16181818125 0.16545454531249998 0.17636363593749999 0.16545454531249998 0.1972727265625 0.1745454546875 0.2263636359375 0.199090909375 0.2554545453125 0.2136363640625 0.2627272734375
3 0.119090909375 0.3045454546875 0.130909090625 0.3045454546875 0.1563636359375 0.29 0.16363636406249998 0.27818181875 0.160909090625 0.2354545453125 0.15181818125 0.2027272734375 0.1363636359375 0.18181818125 0.1263636359375 0.17636363593749999 0.11454545468749999 0.17636363593749999 0.0954545453125 0.18181818125 0.080909090625 0.1927272734375 0.07272727343749999 0.21000000000000002 0.07272727343749999 0.24818181875 0.0827272734375 0.2754545453125 0.09818181875000001 0.29363636406250004 0.119090909375 0.3045454546875
3 0.3136363640625 0.4972727265625 0.3172727265625 0.4963636359375 0.3454545453125 0.480909090625 0.3536363640625 0.45999999999999996 0.3654545453125 0.4472727265625 0.3863636359375 0.43818181875000006 0.39 0.42818181875 0.389090909375 0.409090909375 0.370909090625 0.3827272734375 0.3363636359375 0.3854545453125 0.3172727265625 0.390909090625 0.30727272656250004 0.39818181875 0.2927272734375 0.41181818124999997 0.2745454546875 0.43818181875000006 0.27181818125 0.46090909062499996 0.29454545468750004 0.470909090625 0.31 0.4936363640625 0.3136363640625 0.4972727265625
3 0.3763636359375 0.5454545453125 0.39181818125 0.550909090625 0.41909090937500004 0.550909090625 0.429090909375 0.5472727265625 0.4427272734375 0.53 0.4454545453125 0.5045454546875 0.43909090937500006 0.48 0.42818181875 0.45999999999999996 0.41363636406250004 0.4463636359375 0.4 0.44181818125000005 0.38818181875 0.44181818125000005 0.37 0.4472727265625 0.3554545453125 0.45999999999999996 0.35 0.4754545453125 0.349090909375 0.4972727265625 0.3536363640625 0.5145454546875 0.3627272734375 0.530909090625 0.3763636359375 0.5454545453125
3 0.43181818125 0.4227272734375 0.4454545453125 0.41818181875000004 0.45727272656249995 0.40727272656249996 0.4654545453125 0.38181818125 0.4663636359375 0.34454545468750003 0.46090909062499996 0.32999999999999996 0.449090909375 0.31818181874999996 0.43181818125 0.31181818125 0.41181818124999997 0.3145454546875 0.39 0.32999999999999996 0.38 0.35 0.38181818125 0.3872727265625 0.39272727343749997 0.40636363593749997 0.4027272734375 0.41454545468750004 0.43181818125 0.4227272734375
3 0.410909090625 0.290909090625 0.43727272656249994 0.28454545468750003 0.44818181875 0.27818181875 0.45999999999999996 0.2636363640625 0.46909090937500003 0.24 0.46818181875000003 0.21000000000000002 0.45545454531249996 0.18181818125 0.43 0.1572727265625 0.4045454546875 0.1527272734375 0.3736363640625 0.16363636406249998 0.359090909375 0.1872727265625 0.3563636359375 0.2036363640625 0.35818181875 0.2372727265625 0.3754545453125 0.2672727265625 0.39818181875 0.28818181875 0.410909090625 0.290909090625
3 0.30727272656250004 0.1227272734375 0.319090909375 0.12818181875 0.34090909062499997 0.130909090625 0.3627272734375 0.13 0.370909090625 0.1227272734375 0.3745454546875 0.1136363640625 0.3736363640625 0.09818181875000001 0.3636363640625 0.06999999999999999 0.3454545453125 0.0363636359375 0.33818181875 0.029090909375 0.3236363640625 0.0227272734375 0.31181818125 0.0263636359375 0.29727272656250003 0.0254545453125 0.28545454531250003 0.03818181875 0.28090909062499997 0.04818181875 0.27999999999999997 0.069090909375 0.2863636359375 0.08818181875 0.29636363593750004 0.10909090937499999 0.30727272656250004 0.1227272734375
3 0.1436363640625 0.3854545453125 0.149090909375 0.39181818125 0.16999999999999998 0.40181818125 0.200909090625 0.40727272656249996 0.23363636406250002 0.4045454546875 0.2527272734375 0.3945454546875 0.269090909375 0.3763636359375 0.269090909375 0.3563636359375 0.260909090625 0.34181818124999996 0.2554545453125 0.33818181875 0.20636363593749998 0.33909090937499997 0.1827272734375 0.3354545453125 0.17818181875 0.33090909062499996 0.16363636406249998 0.33090909062499996 0.14727272656249998 0.3345454546875 0.139090909375 0.34181818124999996 0.1372727265625 0.3554545453125 0.14181818125 0.3627272734375 0.13999999999999999 0.3736363640625 0.1436363640625 0.3854545453125
3 0.0963636359375 0.46363636406250003 0.11181818125000001 0.46909090937500003 0.1372727265625 0.46090909062499996 0.16818181875 0.4663636359375 0.179090909375 0.45636363593749996 0.1836363640625 0.43454545468749994 0.17818181875 0.41909090937500004 0.1663636359375 0.40545454531249997 0.1427272734375 0.39181818125 0.1236363640625 0.3854545453125 0.09181818124999999 0.380909090625 0.0827272734375 0.3845454546875 0.06999999999999999 0.3963636359375 0.0627272734375 0.40818181875 0.0627272734375 0.4263636359375 0.070909090625 0.4436363640625 0.0845454546875 0.45727272656249995 0.0963636359375 0.46363636406250003
3 0.0445454546875 0.2127272734375 0.0627272734375 0.2227272734375 0.06818181875 0.22090909062500003 0.07818181874999999 0.1936363640625 0.0954545453125 0.18 0.1127272734375 0.1745454546875 0.1263636359375 0.1745454546875 0.1354545453125 0.17818181875 0.14727272656249998 0.190909090625 0.150909090625 0.190909090625 0.15818181874999998 0.18181818125 0.15818181874999998 0.16818181875 0.14818181875 0.1536363640625 0.130909090625 0.13999999999999999 0.10909090937499999 0.1327272734375 0.07818181874999999 0.129090909375 0.06363636406249999 0.130909090625 0.0436363640625 0.14181818125 0.0336363640625 0.1536363640625 0.03 0.16818181875 0.0345454546875 0.180909090625 0.0354545453125 0.2027272734375 0.0445454546875 0.2127272734375
3 0.2545454546875 0.3272727265625 0.2772727265625 0.309090909375 0.289090909375 0.29181818125 0.2927272734375 0.2663636359375 0.29 0.250909090625 0.2863636359375 0.24636363593750002 0.2772727265625 0.24636363593750002 0.2363636359375 0.2672727265625 0.190909090625 0.299090909375 0.1854545453125 0.30818181875 0.1854545453125 0.3245454546875 0.2036363640625 0.3363636359375 0.239090909375 0.3354545453125 0.2545454546875 0.3272727265625
3 0.3636363640625 0.3745454546875 0.3736363640625 0.3645454546875 0.37 0.350909090625 0.3563636359375 0.3372727265625 0.33181818125 0.3272727265625 0.3 0.32999999999999996 0.2863636359375 0.33909090937499997 0.2745454546875 0.35727272656250003 0.2763636359375 0.3827272734375 0.28545454531250003 0.3872727265625 0.31181818125 0.3854545453125 0.3636363640625 0.3745454546875
3 0.310909090625 0.24545454531250002 0.3372727265625 0.2354545453125 0.3527272734375 0.20818181875000003 0.3527272734375 0.179090909375 0.3454545453125 0.1427272734375 0.3372727265625 0.1327272734375 0.32818181874999997 0.13 0.29636363593750004 0.139090909375 0.28363636406250003 0.1545454546875 0.2745454546875 0.1754545453125 0.27181818125 0.190909090625 0.27181818125 0.2227272734375 0.27999999999999997 0.239090909375 0.29454545468750004 0.24454545468750002 0.310909090625 0.24545454531250002
3 0.0263636359375 0.35181818125 0.0445454546875 0.36 0.0754545453125 0.36181818125 0.0954545453125 0.3563636359375 0.11181818125000001 0.34454545468750003 0.11818181875 0.32818181874999997 0.11636363593750002 0.3136363640625 0.0845454546875 0.27999999999999997 0.0663636359375 0.2763636359375 0.03818181875 0.2763636359375 0.018181818750000002 0.279090909375 0.00818181875 0.28454545468750003 0 0.29181818125 0.0027272734375 0.32909090937499996 0.016363635937500003 0.3454545453125 0.0263636359375 0.35181818125
3 0.0536363640625 0.4454545453125 0.06181818125000001 0.43545454531249994 0.06181818125000001 0.4045454546875 0.0763636359375 0.38818181875 0.0745454546875 0.3745454546875 0.019090909375 0.35181818125 0.0018181812499999997 0.3554545453125 0 0.430909090625 0.00818181875 0.43181818125 0.0227272734375 0.450909090625 0.0536363640625 0.4454545453125
0 0.6581818187499999 0.3527272734375 0.6781818187499999 0.3563636359375 0.6936363640625001 0.3527272734375 0.7063636359375 0.34454545468750003 0.7054545453125 0.33818181875 0.71 0.33090909062499996 0.7163636359375001 0.29818181875 0.7163636359375001 0.27272727343750003 0.71181818125 0.250909090625 0.699090909375 0.23272727343750002 0.6781818187499999 0.22909090937499998 0.66818181875 0.23818181875 0.64 0.24454545468750002 0.6254545453125 0.2563636359375 0.620909090625 0.2654545453125 0.6227272734375 0.30181818125 0.6363636359375 0.3345454546875 0.6454545453125 0.3454545453125 0.6581818187499999 0.3527272734375
0 0.7663636359375 0.3272727265625 0.78181818125 0.32909090937499996 0.7972727265625 0.3236363640625 0.8054545453124999 0.3163636359375 0.8154545453125 0.29727272656250003 0.81818181875 0.2645454546875 0.8145454546875 0.24545454531250002 0.8045454546874999 0.23272727343750002 0.79 0.23181818125000003 0.770909090625 0.2372727265625 0.7554545453125 0.25181818125 0.7445454546875 0.2554545453125 0.7363636359375 0.2627272734375 0.7336363640625 0.28181818125 0.7372727265625 0.3027272734375 0.75 0.32 0.7663636359375 0.3272727265625
0 0.5890909093750001 0.239090909375 0.62 0.24272727343749997 0.64 0.2272727265625 0.6463636359375 0.21181818125000001 0.6445454546875 0.190909090625 0.6372727265625 0.1754545453125 0.6227272734375 0.16181818125 0.5700000000000001 0.1327272734375 0.549090909375 0.1363636359375 0.539090909375 0.1445454546875 0.5345454546874999 0.1536363640625 0.5336363640624999 0.169090909375 0.5427272734375 0.1927272734375 0.5545454546874999 0.20818181875000003 0.5890909093750001 0.239090909375
0 0.579090909375 0 0.5772727265625 0.0045454546875000005 0.5763636359375 0.020909090625 0.58181818125 0.042727273437500005 0.5918181812500001 0.06818181875 0.6036363640625 0.0863636359375 0.6272727265625 0.10545454531250001 0.6581818187499999 0.10909090937499999 0.67181818125 0.0936363640625 0.6736363640625 0.0672727265625 0.6654545453125 0.02181818125 0.650909090625 0 0.579090909375 0
0 0.4254545453125 0.1272727265625 0.45181818125 0.1263636359375 0.479090909375 0.09818181875000001 0.480909090625 0.0845454546875 0.47818181875 0.0763636359375 0.46363636406250003 0.0563636359375 0.4427272734375 0.040909090625 0.42000000000000004 0.030909090625000003 0.40636363593749997 0.03 0.3845454546875 0.0354545453125 0.3727272734375 0.050909090625 0.36818181875 0.06363636406249999 0.370909090625 0.08545454531249999 0.37818181875 0.09818181875000001 0.390909090625 0.11000000000000001 0.4254545453125 0.1272727265625
0 0.8754545453125001 0.2863636359375 0.8972727265625 0.29 0.9145454546874999 0.28454545468750003 0.9254545453125 0.27818181875 0.9427272734375001 0.25818181875 0.9454545453125001 0.23090909062499998 0.9436363640625001 0.2054545453125 0.9336363640625001 0.1854545453125 0.9172727265624999 0.17181818124999998 0.8972727265625 0.1663636359375 0.8790909093750001 0.16818181875 0.8627272734375 0.1745454546875 0.849090909375 0.189090909375 0.8418181812500001 0.2136363640625 0.8409090906250001 0.24181818124999999 0.8436363640625 0.2554545453125 0.8572727265625 0.27272727343750003 0.8754545453125001 0.2863636359375
0 0.86 0.3663636359375 0.8863636359375 0.3536363640625 0.8963636359375 0.34363636406250003 0.9 0.3345454546875 0.889090909375 0.300909090625 0.8663636359375 0.28363636406250003 0.8527272734375 0.279090909375 0.8345454546875001 0.28181818125 0.8309090906250001 0.28545454531250003 0.80818181875 0.3336363640625 0.809090909375 0.3427272734375 0.8227272734375 0.35727272656250003 0.84818181875 0.3672727265625 0.86 0.3663636359375
0 0.7527272734375 0.24181818124999999 0.769090909375 0.22090909062500003 0.7727272734375 0.179090909375 0.769090909375 0.13999999999999999 0.759090909375 0.119090909375 0.74181818125 0.11090909062500001 0.73181818125 0.1127272734375 0.72181818125 0.119090909375 0.70818181875 0.13818181875 0.699090909375 0.16999999999999998 0.699090909375 0.199090909375 0.709090909375 0.2263636359375 0.7336363640625 0.24454545468750002 0.7527272734375 0.24181818124999999
0 0.949090909375 0.07181818125 0.9672727265625 0.0672727265625 0.9727272734374999 0.0627272734375 0.9772727265625001 0.06363636406249999 0.9836363640625001 0.0572727265625 0.9954545453125 0.0536363640625 0.999090909375 0.0445454546875 0.999090909375 0.0145454546875 0.9790909093750001 0.0072727265625 0.9354545453125 0.00818181875 0.8963636359375 0.02 0.8809090906250001 0.0354545453125 0.8809090906250001 0.04818181875 0.89181818125 0.060909090624999995 0.9245454546874999 0.070909090625 0.949090909375 0.07181818125
0 0.9163636359374999 0.40636363593749997 0.9218181812499999 0.410909090625 0.9354545453125 0.40636363593749997 0.96181818125 0.40727272656249996 0.9736363640624999 0.4027272734375 0.9845454546875001 0.39 0.9854545453125001 0.38181818125 0.990909090625 0.38 0.98818181875 0.3763636359375 0.9927272734375 0.360909090625 0.9827272734375001 0.3345454546875 0.9572727265625 0.3236363640625 0.9400000000000001 0.32181818125 0.9099999999999999 0.32818181874999997 0.8936363640625 0.3527272734375 0.8681818187499999 0.3654545453125 0.8681818187499999 0.3763636359375 0.8827272734375 0.3936363640625 0.8954545453125 0.4027272734375 0.9163636359374999 0.40636363593749997
0 0.8690909093749999 0.41272727343750004 0.8754545453125001 0.40727272656249996 0.8772727265625001 0.3972727265625 0.8709090906249999 0.3845454546875 0.859090909375 0.3727272734375 0.8245454546875 0.36181818125 0.8072727265624999 0.36181818125 0.78181818125 0.38818181875 0.77181818125 0.40727272656249996 0.7636363640625 0.41363636406250004 0.7636363640625 0.42090909062500004 0.78181818125 0.43272727343749995 0.8127272734375 0.43545454531249994 0.8690909093749999 0.41272727343750004
0 0.71181818125 0.49090909062500004 0.719090909375 0.48818181875000005 0.72 0.4663636359375 0.7245454546875 0.45818181874999997 0.73818181875 0.4472727265625 0.7654545453125 0.43545454531249994 0.7563636359375 0.41181818124999997 0.74818181875 0.40181818125 0.73818181875 0.3963636359375 0.719090909375 0.39818181875 0.7054545453125 0.4036363640625 0.6900000000000001 0.4036363640625 0.670909090625 0.3972727265625 0.6654545453125 0.40181818125 0.6599999999999999 0.41818181875000004 0.6590909093749999 0.43 0.66818181875 0.45454545468749996 0.6872727265624999 0.47727272656249997 0.71181818125 0.49090909062500004
0 0.6472727265625 0.53818181875 0.6845454546874999 0.5127272734375 0.6863636359374999 0.4945454546875 0.6781818187499999 0.4736363640625 0.6618181812499999 0.4472727265625 0.650909090625 0.43727272656249994 0.6263636359375 0.429090909375 0.60818181875 0.4272727265625 0.5945454546875 0.43909090937500006 0.5845454546875 0.45363636406249996 0.5863636359375 0.48 0.5963636359375 0.50818181875 0.62 0.53181818125 0.6472727265625 0.53818181875
0 0.5245454546875 0.29454545468750004 0.5436363640625 0.29636363593750004 0.5572727265624999 0.29 0.5700000000000001 0.2545454546875 0.5700000000000001 0.240909090625 0.5599999999999999 0.2163636359375 0.540909090625 0.1927272734375 0.530909090625 0.160909090625 0.520909090625 0.1563636359375 0.5036363640625 0.160909090625 0.48818181875000005 0.1754545453125 0.47818181875 0.1936363640625 0.47727272656249997 0.2372727265625 0.4936363640625 0.2763636359375 0.50818181875 0.289090909375 0.5245454546875 0.29454545468750004
0 0.89818181875 0.1236363640625 0.9145454546874999 0.11545454531249999 0.9372727265625 0.11090909062500001 0.9472727265625001 0.10363636406250001 0.9463636359375001 0.08545454531249999 0.9381818187500001 0.0772727265625 0.8818181812500001 0.06181818125000001 0.8363636359375001 0.055454545312500006 0.8245454546875 0.055454545312500006 0.8172727265624999 0.06363636406249999 0.8154545453125 0.0763636359375 0.8263636359375001 0.10181818125 0.85181818125 0.11454545468749999 0.89818181875 0.1236363640625
0 0.8109090906249999 0.1627272734375 0.850909090625 0.16 0.8727272734374999 0.1345454546875 0.8690909093749999 0.1227272734375 0.8454545453125 0.11636363593750002 0.820909090625 0.10181818125 0.7863636359374999 0.100909090625 0.7763636359375 0.10454545468750001 0.77 0.11181818125000001 0.769090909375 0.1254545453125 0.7772727265625 0.1445454546875 0.79818181875 0.15818181874999998 0.8109090906249999 0.1627272734375
0 0.5963636359375 0.42181818125000003 0.6227272734375 0.4254545453125 0.639090909375 0.4236363640625 0.6581818187499999 0.41272727343750004 0.6599999999999999 0.3863636359375 0.6563636359375 0.370909090625 0.64818181875 0.359090909375 0.63 0.34818181875 0.6245454546875 0.35 0.620909090625 0.359090909375 0.6127272734375 0.36 0.6072727265625 0.369090909375 0.5972727265625 0.3754545453125 0.580909090625 0.3754545453125 0.5709090906250001 0.36818181875 0.5536363640624999 0.33909090937499997 0.5427272734375 0.3454545453125 0.5345454546874999 0.36181818125 0.5336363640624999 0.3763636359375 0.5445454546875 0.3945454546875 0.5709090906250001 0.410909090625 0.5963636359375 0.42181818125000003
0 0.55181818125 0.1254545453125 0.5627272734375001 0.1254545453125 0.5772727265625 0.11545454531249999 0.5772727265625 0.09 0.5672727265625 0.0772727265625 0.5545454546874999 0.06818181875 0.539090909375 0.06363636406249999 0.5254545453125 0.0663636359375 0.51 0.06363636406249999 0.500909090625 0.06818181875 0.4927272734375 0.07818181874999999 0.4945454546875 0.10818181874999999 0.509090909375 0.1227272734375 0.539090909375 0.13 0.55181818125 0.1254545453125
0 0.5 0.500909090625 0.5027272734375 0.46909090937500003 0.5136363640625 0.4454545453125 0.5427272734375 0.43181818125 0.5554545453124999 0.43181818125 0.5627272734375001 0.43545454531249994 0.5654545453125001 0.43545454531249994 0.5654545453125001 0.43181818125 0.5554545453124999 0.40727272656249996 0.5454545453125 0.39818181875 0.520909090625 0.39 0.50818181875 0.389090909375 0.4954545453125 0.3954545453125 0.48 0.410909090625 0.46909090937500003 0.429090909375 0.4645454546875 0.4445454546875 0.46272727343750003 0.47000000000000003 0.46909090937500003 0.4845454546875 0.480909090625 0.4954545453125 0.5 0.500909090625
0 0.989090909375 0.28363636406250003 0.999090909375 0.27818181875 0.999090909375 0.1827272734375 0.98818181875 0.180909090625 0.9736363640624999 0.1872727265625 0.9554545453125 0.2036363640625 0.950909090625 0.2154545453125 0.95181818125 0.27818181875 0.95818181875 0.28272727343750004 0.9736363640624999 0.28454545468750003 0.989090909375 0.28363636406250003