1 0.1315104171875 0.55859375 0.1354166671875 0.55078125 0.1360677078125 0.54296875 0.1334635421875 0.525390625 0.12890625 0.517578125 0.1236979171875 0.5146484375 0.1171875 0.5185546875 0.1145833328125 0.525390625 0.1139322921875 0.5380859375 0.1178385421875 0.5517578125 0.1223958328125 0.556640625 0.1315104171875 0.55859375
1 0.185546875 0.482421875 0.1848958328125 0.46875 0.1783854171875 0.4599609375 0.1673177078125 0.46484375 0.1640625 0.4775390625 0.1640625 0.4912109375 0.171875 0.4990234375 0.1803385421875 0.4970703125 0.185546875 0.482421875
1 0.1653645828125 0.5126953125 0.1634114578125 0.498046875 0.1595052078125 0.4912109375 0.1477864578125 0.484375 0.1393229171875 0.4873046875 0.13671875 0.49609375 0.1477864578125 0.515625 0.158203125 0.5205078125 0.1653645828125 0.5126953125
1 0.111328125 0.50390625 0.109375 0.48828125 0.09830729218749999 0.4853515625 0.09309895781250001 0.494140625 0.09244791718749999 0.509765625 0.09505208281250001 0.517578125 0.10546875 0.517578125 0.111328125 0.50390625
1 0.20703125 0.5634765625 0.208984375 0.560546875 0.208984375 0.552734375 0.20377604218749998 0.5322265625 0.1959635421875 0.5224609375 0.1927083328125 0.5224609375 0.189453125 0.5283203125 0.1875 0.546875 0.1927083328125 0.5625 0.1959635421875 0.5673828125 0.20703125 0.5634765625
1 0.158203125 0.556640625 0.15625 0.5400390625 0.1497395828125 0.53515625 0.1419270828125 0.5390625 0.1380208328125 0.546875 0.1373697921875 0.5673828125 0.1438802078125 0.578125 0.1510416671875 0.576171875 0.158203125 0.556640625
1 0.1608072921875 0.623046875 0.1666666671875 0.6162109375 0.1653645828125 0.599609375 0.16015625 0.5908203125 0.1516927078125 0.5869140625 0.1510416671875 0.5859375 0.1412760421875 0.595703125 0.1419270828125 0.6142578125 0.1490885421875 0.6220703125 0.1608072921875 0.623046875
1 0.23697916718749998 0.5458984375 0.2421875 0.53125 0.23958333281250002 0.51171875 0.22981770781250002 0.5048828125 0.22265625 0.515625 0.22200520781250002 0.529296875 0.22591145781250002 0.541015625 0.23046875 0.5458984375 0.23697916718749998 0.5458984375
1 0.23249283906249998 0.472806640625 0.23935937499999999 0.48817773437499995 0.24411979218750002 0.48900097656249997 0.24933854218749998 0.4855703125 0.25080338593749996 0.4804921875 0.25007096406249996 0.47143359374999994 0.24411979218750002 0.46072851562499995 0.239267578125 0.4589443359375 0.23469010468749998 0.4608662109375 0.23230989531250001 0.46553222656250004 0.23249283906249998 0.472806640625
1 0.1861979171875 0.4658203125 0.189453125 0.4658203125 0.1901041671875 0.466796875 0.1998697921875 0.466796875 0.20052083281250002 0.4658203125 0.203125 0.4658203125 0.20377604218749998 0.46484375 0.20572916718749998 0.46484375 0.20638020781250002 0.4638671875 0.208984375 0.4638671875 0.21223958281250002 0.4599609375 0.21223958281250002 0.453125 0.2109375 0.451171875 0.208984375 0.4501953125 0.20768229218749998 0.4482421875 0.205078125 0.4462890625 0.20182291718749998 0.4453125 0.1966145828125 0.44140625 0.1907552078125 0.44140625 0.1901041671875 0.4423828125 0.1868489578125 0.4423828125 0.1848958328125 0.4453125 0.1848958328125 0.447265625 0.18359375 0.451171875 0.18359375 0.4609375 0.1861979171875 0.4658203125
1 0.1686197921875 0.462890625 0.1705729171875 0.4609375 0.1725260421875 0.4609375 0.1731770828125 0.4599609375 0.1790364578125 0.4599609375 0.181640625 0.45703125 0.1822916671875 0.453125 0.1829427078125 0.4521484375 0.1829427078125 0.44921875 0.1848958328125 0.4453125 0.1848958328125 0.4443359375 0.1861979171875 0.4423828125 0.1881510421875 0.4423828125 0.1861979171875 0.44140625 0.1829427078125 0.4375 0.1783854171875 0.4375 0.177734375 0.4365234375 0.17578125 0.4365234375 0.1751302078125 0.435546875 0.1731770828125 0.4375 0.1705729171875 0.4384765625 0.1653645828125 0.4453125 0.1647135421875 0.4453125 0.1640625 0.44921875 0.1634114578125 0.4501953125 0.1634114578125 0.4580078125 0.1627604171875 0.4599609375 0.1653645828125 0.462890625 0.1686197921875 0.462890625
1 0.1901041671875 0.4287109375 0.1927083328125 0.416015625 0.1881510421875 0.400390625 0.1790364578125 0.3994140625 0.171875 0.4111328125 0.171875 0.419921875 0.17578125 0.4306640625 0.1861979171875 0.4326171875 0.1901041671875 0.4287109375
1 0.1796875 0.5615234375 0.18359375 0.544921875 0.181640625 0.5322265625 0.173828125 0.529296875 0.1647135421875 0.537109375 0.1634114578125 0.552734375 0.1666666671875 0.5615234375 0.1712239578125 0.5654296875 0.1796875 0.5615234375
1 0.1061197921875 0.4423828125 0.09895833281250001 0.4375 0.09114583281250001 0.4404296875 0.08268229218749999 0.455078125 0.08268229218749999 0.4658203125 0.08854166718749999 0.470703125 0.103515625 0.4599609375 0.1061197921875 0.4423828125
1 0.09765625 0.587890625 0.09700520781250001 0.576171875 0.09440104218749999 0.5703125 0.08268229218749999 0.5625 0.07552083281250001 0.56640625 0.07356770781250001 0.5771484375 0.08333333281250001 0.5927734375 0.08984375 0.5966796875 0.09765625 0.587890625
1 0.1946614578125 0.5859375 0.1953125 0.5751953125 0.19140625 0.56640625 0.181640625 0.5625 0.1686197921875 0.5703125 0.1686197921875 0.580078125 0.1790364578125 0.5908203125 0.189453125 0.591796875 0.1946614578125 0.5859375
1 0.134765625 0.48828125 0.1302083328125 0.474609375 0.1276041671875 0.47265625 0.1184895828125 0.474609375 0.1100260421875 0.484375 0.1126302078125 0.5048828125 0.1197916671875 0.50390625 0.1315104171875 0.49609375 0.134765625 0.48828125
1 0.1588541671875 0.4619140625 0.150390625 0.45703125 0.1419270828125 0.46484375 0.146484375 0.4833984375 0.1614583328125 0.4892578125 0.1634114578125 0.4716796875 0.1588541671875 0.4619140625
1 0.126953125 0.4521484375 0.1321614578125 0.4462890625 0.1302083328125 0.431640625 0.123046875 0.4228515625 0.1126302078125 0.421875 0.1080729171875 0.4306640625 0.107421875 0.439453125 0.1106770828125 0.44921875 0.115234375 0.4541015625 0.126953125 0.4521484375
1 0.265625 0.6884765625 0.267578125 0.681640625 0.2662760421875 0.6748046875 0.255859375 0.666015625 0.24348958281250002 0.6669921875 0.236328125 0.6748046875 0.236328125 0.6904296875 0.24609375 0.697265625 0.2604166671875 0.6943359375 0.265625 0.6884765625
1 0.2877604171875 0.7890625 0.2884114578125 0.77734375 0.2825520828125 0.765625 0.2760416671875 0.7607421875 0.2701822921875 0.7607421875 0.263671875 0.7685546875 0.2623697921875 0.779296875 0.2708333328125 0.7919921875 0.2819010421875 0.7958984375 0.2877604171875 0.7890625
1 0.1705729171875 0.4267578125 0.1692708328125 0.41796875 0.1634114578125 0.4130859375 0.1510416671875 0.412109375 0.146484375 0.41796875 0.1477864578125 0.4248046875 0.154296875 0.4326171875 0.1640625 0.431640625 0.1705729171875 0.4267578125
1 0.1497395828125 0.44921875 0.1529947921875 0.4453125 0.1549479171875 0.435546875 0.1471354171875 0.4248046875 0.1354166671875 0.4248046875 0.1328125 0.4287109375 0.1354166671875 0.4443359375 0.1399739578125 0.4482421875 0.1497395828125 0.44921875
1 0.1861979171875 0.3720703125 0.185546875 0.36328125 0.1809895828125 0.3583984375 0.1647135421875 0.3564453125 0.1595052078125 0.359375 0.1575520828125 0.365234375 0.1653645828125 0.376953125 0.1822916671875 0.376953125 0.1861979171875 0.3720703125
1 0.1653645828125 0.3828125 0.1640625 0.376953125 0.1555989578125 0.365234375 0.14453125 0.3740234375 0.1432291671875 0.3818359375 0.1490885421875 0.392578125 0.1608072921875 0.390625 0.1653645828125 0.3828125
1 0.146484375 0.3935546875 0.140625 0.380859375 0.1315104171875 0.3798828125 0.1276041671875 0.3837890625 0.126953125 0.390625 0.1321614578125 0.3994140625 0.1438802078125 0.3984375 0.146484375 0.3935546875
1 0.21354166718749998 0.498046875 0.21354166718749998 0.490234375 0.20768229218749998 0.48046875 0.1985677078125 0.478515625 0.193359375 0.484375 0.1927083328125 0.494140625 0.1985677078125 0.50390625 0.20963541718749998 0.50390625 0.21354166718749998 0.498046875
1 0.1380208328125 0.5244140625 0.14453125 0.5166015625 0.1399739578125 0.50390625 0.1328125 0.498046875 0.125 0.5 0.1223958328125 0.50390625 0.1223958328125 0.513671875 0.1282552078125 0.5166015625 0.1334635421875 0.5244140625 0.1380208328125 0.5244140625
1 0.081435546875 0.5422255859375 0.0887434890625 0.544380859375 0.0946139328125 0.5418662109375 0.09940625 0.5345029296875 0.0978489578125 0.5260615234375 0.090541015625 0.5215722656249999 0.0811959640625 0.5186982421875 0.0753255203125 0.5223085937499999 0.0730494796875 0.528935546875 0.0755651046875 0.535580078125 0.081435546875 0.5422255859375
1 0.05338541718749999 0.4873046875 0.05338541718749999 0.49609375 0.056640625 0.50390625 0.06380208281250001 0.50390625 0.064453125 0.5029296875 0.064453125 0.5009765625 0.06575520781250001 0.4970703125 0.06901041718749999 0.490234375 0.06901041718749999 0.4814453125 0.068359375 0.48046875 0.06901041718749999 0.478515625 0.06901041718749999 0.474609375 0.06770833281250001 0.47265625 0.06640625 0.47265625 0.064453125 0.470703125 0.05989583281250001 0.470703125 0.056640625 0.474609375 0.05533854218749999 0.478515625 0.05533854218749999 0.48046875 0.0546875 0.4814453125 0.0546875 0.4833984375 0.05338541718749999 0.4873046875
1 0.1334635421875 0.5859375 0.130859375 0.5771484375 0.126953125 0.57421875 0.1119791671875 0.576171875 0.109375 0.5791015625 0.1087239578125 0.591796875 0.1204427078125 0.599609375 0.1263020828125 0.599609375 0.1334635421875 0.5859375
1 0.12890625 0.5712890625 0.1282552078125 0.560546875 0.119140625 0.5546875 0.115234375 0.5537109375 0.1080729171875 0.55859375 0.1067708328125 0.564453125 0.111328125 0.5751953125 0.1263020828125 0.5751953125 0.12890625 0.5712890625
2 0.3528645828125 0.525390625 0.3509114578125 0.5146484375 0.3450520828125 0.5068359375 0.3372395828125 0.5087890625 0.33203125 0.521484375 0.33203125 0.5322265625 0.341796875 0.5390625 0.34765625 0.5361328125 0.3528645828125 0.525390625
2 0.3860677078125 0.5048828125 0.3834635421875 0.490234375 0.3795572921875 0.4873046875 0.3723958328125 0.48828125 0.3606770828125 0.5009765625 0.3626302078125 0.517578125 0.3665364578125 0.5205078125 0.376953125 0.51953125 0.3860677078125 0.5048828125
2 0.4029947921875 0.50390625 0.40625 0.4873046875 0.4016927078125 0.4716796875 0.3951822921875 0.470703125 0.38671875 0.4814453125 0.3854166671875 0.4912109375 0.3893229171875 0.5068359375 0.3971354171875 0.5087890625 0.4029947921875 0.50390625
2 0.419921875 0.5146484375 0.4147135421875 0.505859375 0.404296875 0.5048828125 0.3951822921875 0.513671875 0.3958333328125 0.5322265625 0.4088541671875 0.537109375 0.41796875 0.53125 0.419921875 0.5146484375
2 0.369140625 0.5791015625 0.373046875 0.5712890625 0.3697916671875 0.5517578125 0.3645833328125 0.544921875 0.3541666671875 0.55078125 0.3522135421875 0.564453125 0.35546875 0.5732421875 0.3619791671875 0.5810546875 0.369140625 0.5791015625
2 0.3404947921875 0.5615234375 0.34375 0.556640625 0.3430989578125 0.54296875 0.3313802078125 0.53125 0.3235677078125 0.5361328125 0.3209635421875 0.5419921875 0.3203125 0.5498046875 0.322265625 0.5556640625 0.3313802078125 0.5634765625 0.3404947921875 0.5615234375
2 0.4205729171875 0.4873046875 0.4270833328125 0.4736328125 0.42578125 0.458984375 0.4192708328125 0.4521484375 0.4095052078125 0.4580078125 0.40625 0.4658203125 0.4049479171875 0.478515625 0.40625 0.484375 0.4114583328125 0.490234375 0.4205729171875 0.4873046875
2 0.41796875 0.44921875 0.41796875 0.4365234375 0.41015625 0.423828125 0.4055989578125 0.4228515625 0.396484375 0.4287109375 0.3958333328125 0.4423828125 0.4016927078125 0.4541015625 0.408203125 0.4560546875 0.41796875 0.44921875
2 0.3430989578125 0.4990234375 0.3470052078125 0.4931640625 0.3463541671875 0.4736328125 0.34375 0.4677734375 0.3346354171875 0.458984375 0.326171875 0.4677734375 0.32421875 0.48046875 0.3294270828125 0.4951171875 0.3365885421875 0.5 0.3430989578125 0.4990234375
2 0.326171875 0.4970703125 0.3268229171875 0.4921875 0.3216145828125 0.47265625 0.3170572921875 0.46875 0.3092447921875 0.46875 0.3053385421875 0.4736328125 0.3053385421875 0.4912109375 0.3138020828125 0.50390625 0.3170572921875 0.5048828125 0.326171875 0.4970703125
2 0.3131510421875 0.505859375 0.3046875 0.4931640625 0.294921875 0.494140625 0.2903645828125 0.5009765625 0.2923177078125 0.5166015625 0.2994791671875 0.5283203125 0.3125 0.51953125 0.3131510421875 0.505859375
2 0.3951822921875 0.5810546875 0.3958333328125 0.56640625 0.3880208328125 0.5556640625 0.3802083328125 0.552734375 0.3743489578125 0.556640625 0.3743489578125 0.57421875 0.3802083328125 0.583984375 0.38671875 0.5888671875 0.3951822921875 0.5810546875
2 0.4088541671875 0.5498046875 0.4088541671875 0.5439453125 0.3977864578125 0.533203125 0.390625 0.5341796875 0.3854166671875 0.5419921875 0.3854166671875 0.5517578125 0.3938802078125 0.560546875 0.404296875 0.5615234375 0.4088541671875 0.5498046875
2 0.3835807296875 0.47230078124999997 0.3918483078125 0.47057128906249995 0.3958860671875 0.46221289062500004 0.394732421875 0.4524130859375 0.38992512968750004 0.4434775390625 0.3810807296875 0.437712890625 0.3710826828125 0.44529980468749997 0.37089062500000003 0.45702441406250005 0.37608203125 0.46740136718749997 0.3835807296875 0.47230078124999997
2 0.3503177078125 0.49391894531249997 0.35973893281249997 0.497666015625 0.36916015625 0.49045996093750005 0.3720442703125 0.47921874999999997 0.36877539062500003 0.4679775390625 0.3618541671875 0.46509472656249995 0.35041406249999996 0.469814453125 0.34724153593749996 0.4754716796875 0.34743359375 0.4858486328125 0.3503177078125 0.49391894531249997
2 0.3600260421875 0.4560546875 0.3600260421875 0.4453125 0.3528645828125 0.4365234375 0.341796875 0.4345703125 0.3346354171875 0.4404296875 0.3346354171875 0.45703125 0.345703125 0.4677734375 0.3561197921875 0.4638671875 0.3600260421875 0.4560546875
2 0.4733072921875 0.5498046875 0.4759114578125 0.5390625 0.4700520828125 0.52734375 0.4563802078125 0.5234375 0.4524739578125 0.5302734375 0.451171875 0.541015625 0.4576822921875 0.5517578125 0.4680989578125 0.5556640625 0.4733072921875 0.5498046875
2 0.40395963593750006 0.6116240234375 0.41192382812500006 0.6142197265625 0.41988802031250005 0.6105859375 0.421619140625 0.6053955078125 0.42058072968750004 0.5931962890625 0.4136555984375 0.5841123046875001 0.40499869843749997 0.5835927734374999 0.398419921875 0.590552734375 0.397900390625 0.592158203125 0.3977272140625 0.6035781250000001 0.40395963593750006 0.6116240234375
2 0.38671875 0.41796875 0.38671875 0.419921875 0.3880208328125 0.4228515625 0.392578125 0.4267578125 0.3971354171875 0.4267578125 0.3990885421875 0.4248046875 0.400390625 0.4248046875 0.40234375 0.4228515625 0.4036458328125 0.4228515625 0.404296875 0.421875 0.4069010421875 0.4208984375 0.4069010421875 0.419921875 0.408203125 0.41796875 0.408203125 0.41015625 0.4075520828125 0.4091796875 0.4075520828125 0.4072265625 0.40625 0.4052734375 0.4055989578125 0.40234375 0.40234375 0.396484375 0.4010416671875 0.396484375 0.3984375 0.39453125 0.3932291671875 0.39453125 0.392578125 0.3955078125 0.3899739578125 0.396484375 0.3873697921875 0.400390625 0.38671875 0.400390625 0.3854166671875 0.404296875 0.384765625 0.4091796875 0.3854166671875 0.41015625 0.3854166671875 0.4150390625 0.38671875 0.41796875
2 0.4361979171875 0.4951171875 0.4329427078125 0.4873046875 0.427734375 0.484375 0.4134114578125 0.494140625 0.4127604171875 0.5029296875 0.4212239578125 0.5107421875 0.4342447921875 0.5048828125 0.4361979171875 0.4951171875
2 0.314453125 0.443359375 0.3170572921875 0.4248046875 0.3138020828125 0.4208984375 0.3098958328125 0.421875 0.2994791671875 0.4345703125 0.298828125 0.439453125 0.3014322921875 0.4462890625 0.3111979171875 0.447265625 0.314453125 0.443359375
2 0.36328125 0.806640625 0.3626302078125 0.798828125 0.3561197921875 0.7900390625 0.3483072921875 0.791015625 0.3404947921875 0.796875 0.3359375 0.8046875 0.3365885421875 0.8203125 0.34375 0.826171875 0.35546875 0.8212890625 0.36328125 0.806640625
2 0.3893229171875 0.7646484375 0.390625 0.7470703125 0.384765625 0.73828125 0.3723958328125 0.736328125 0.3658854171875 0.744140625 0.365234375 0.7548828125 0.3717447921875 0.7666015625 0.3841145828125 0.76953125 0.3893229171875 0.7646484375
2 0.4752604171875 0.7666015625 0.4772135421875 0.748046875 0.47265625 0.7353515625 0.466796875 0.7333984375 0.4557291671875 0.7431640625 0.455078125 0.759765625 0.458984375 0.7705078125 0.4674479171875 0.7724609375 0.4752604171875 0.7666015625
2 0.4537760421875 0.7099609375 0.4544270828125 0.6943359375 0.44921875 0.68359375 0.4381510421875 0.6845703125 0.4322916671875 0.6962890625 0.4322916671875 0.7109375 0.4388020828125 0.720703125 0.4459635421875 0.7216796875 0.4537760421875 0.7099609375
2 0.4720052078125 0.6708984375 0.4739583328125 0.6572265625 0.4680989578125 0.646484375 0.462890625 0.6455078125 0.4563802078125 0.6484375 0.44921875 0.6591796875 0.4485677078125 0.6728515625 0.4524739578125 0.6796875 0.4596354171875 0.6826171875 0.4720052078125 0.6708984375
2 0.5123697921875 0.6591796875 0.513671875 0.6435546875 0.5091145828125 0.63671875 0.4967447921875 0.6337890625 0.490234375 0.6396484375 0.4889322921875 0.6533203125 0.498046875 0.6650390625 0.5065104171875 0.666015625 0.5123697921875 0.6591796875
2 0.3079427078125 0.7001953125 0.3111979171875 0.689453125 0.30859375 0.6748046875 0.3033854171875 0.669921875 0.2981770828125 0.669921875 0.2916666671875 0.67578125 0.2890625 0.681640625 0.2903645828125 0.7001953125 0.2962239578125 0.70703125 0.3079427078125 0.7001953125
2 0.4986979171875 0.6787109375 0.4973958328125 0.6689453125 0.4908854171875 0.6630859375 0.484375 0.6669921875 0.4791666671875 0.6748046875 0.4778645828125 0.6826171875 0.4830729171875 0.6943359375 0.4889322921875 0.693359375 0.4986979171875 0.6787109375
2 0.3138020828125 0.73828125 0.3229166671875 0.7265625 0.3216145828125 0.712890625 0.3157552078125 0.7060546875 0.3033854171875 0.703125 0.298828125 0.7060546875 0.2955729171875 0.712890625 0.2936197921875 0.7197265625 0.294921875 0.7265625 0.3072916671875 0.73828125 0.3138020828125 0.73828125
2 0.4440104171875 0.7978515625 0.4505208328125 0.7822265625 0.4505208328125 0.7685546875 0.4440104171875 0.7587890625 0.435546875 0.759765625 0.427734375 0.775390625 0.4283854171875 0.7919921875 0.4348958328125 0.80078125 0.4388020828125 0.8017578125 0.4440104171875 0.7978515625
2 0.3697916671875 0.7158203125 0.3697916671875 0.7060546875 0.3639322921875 0.6982421875 0.3528645828125 0.6982421875 0.3463541671875 0.703125 0.34375 0.708984375 0.34375 0.7236328125 0.3522135421875 0.732421875 0.3619791671875 0.7275390625 0.3697916671875 0.7158203125
3 0.6341145828125 0.767578125 0.646484375 0.7548828125 0.6497395828125 0.7412109375 0.6432291671875 0.7255859375 0.6315104171875 0.724609375 0.6263020828125 0.7294921875 0.6204427078125 0.7431640625 0.619140625 0.7548828125 0.6217447921875 0.7626953125 0.626953125 0.767578125 0.6341145828125 0.767578125
3 0.6022135421875 0.7353515625 0.6022135421875 0.7138671875 0.5944010421875 0.697265625 0.5846354171875 0.6962890625 0.5807291671875 0.69921875 0.578125 0.7060546875 0.578125 0.720703125 0.5833333328125 0.7392578125 0.5924479171875 0.7421875 0.6022135421875 0.7353515625
3 0.6575520828125 0.8154296875 0.6627604171875 0.802734375 0.6595052078125 0.779296875 0.650390625 0.7734375 0.6393229171875 0.7802734375 0.6380208328125 0.7998046875 0.640625 0.80859375 0.6477864578125 0.81640625 0.6575520828125 0.8154296875
3 0.6295572921875 0.8046875 0.6341145828125 0.798828125 0.6354166671875 0.783203125 0.630859375 0.775390625 0.6184895828125 0.7705078125 0.61328125 0.7724609375 0.6106770828125 0.779296875 0.6106770828125 0.7939453125 0.6165364578125 0.8037109375 0.623046875 0.806640625 0.6295572921875 0.8046875
3 0.6516927078125 0.611328125 0.6529947921875 0.5986328125 0.6497395828125 0.587890625 0.6438802078125 0.5791015625 0.6341145828125 0.5771484375 0.6263020828125 0.587890625 0.6263020828125 0.5986328125 0.6321614578125 0.6162109375 0.640625 0.619140625 0.6516927078125 0.611328125
3 0.6490885421875 0.564453125 0.6484375 0.5498046875 0.6419270828125 0.5380859375 0.6354166671875 0.541015625 0.62890625 0.5556640625 0.6295572921875 0.578125 0.64453125 0.5771484375 0.6471354171875 0.5732421875 0.6490885421875 0.564453125
3 0.6608072921875 0.5556640625 0.66796875 0.537109375 0.6666666671875 0.51953125 0.6575520828125 0.513671875 0.6490885421875 0.5283203125 0.6484375 0.5439453125 0.6510416671875 0.552734375 0.6575520828125 0.5576171875 0.6608072921875 0.5556640625
3 0.6204427078125 0.490234375 0.6217447921875 0.4755859375 0.6171875 0.466796875 0.609375 0.4658203125 0.6002604171875 0.474609375 0.59765625 0.4912109375 0.60546875 0.5029296875 0.6126302078125 0.501953125 0.6204427078125 0.490234375
3 0.6380208328125 0.5185546875 0.6432291671875 0.5087890625 0.6399739578125 0.48828125 0.6328125 0.482421875 0.6282552078125 0.4853515625 0.625 0.4921875 0.6243489578125 0.5087890625 0.6263020828125 0.5166015625 0.6328125 0.5205078125 0.6380208328125 0.5185546875
3 0.6608072921875 0.50390625 0.6595052078125 0.484375 0.654296875 0.4765625 0.6477864578125 0.4775390625 0.6432291671875 0.482421875 0.6419270828125 0.4912109375 0.6451822921875 0.5087890625 0.654296875 0.513671875 0.6608072921875 0.50390625
3 0.603515625 0.5595703125 0.6080729171875 0.54296875 0.6061197921875 0.5263671875 0.6022135421875 0.521484375 0.5944010421875 0.5224609375 0.58984375 0.53125 0.5885416671875 0.546875 0.5904947921875 0.5537109375 0.59765625 0.5595703125 0.603515625 0.5595703125
3 0.5846354171875 0.5390625 0.5885416671875 0.529296875 0.5852864578125 0.509765625 0.576171875 0.50390625 0.568359375 0.51171875 0.5670572921875 0.51953125 0.5696614578125 0.5302734375 0.5735677078125 0.53515625 0.5846354171875 0.5390625
3 0.5677083328125 0.5302734375 0.5657552078125 0.5166015625 0.5618489578125 0.5107421875 0.5462239578125 0.509765625 0.5416666671875 0.515625 0.5416666671875 0.53125 0.546875 0.5380859375 0.5611979171875 0.5380859375 0.5677083328125 0.5302734375
3 0.6100260421875 0.421875 0.609375 0.412109375 0.59765625 0.4013671875 0.591796875 0.400390625 0.5859375 0.4072265625 0.5852864578125 0.4208984375 0.591796875 0.431640625 0.6028645828125 0.43359375 0.6100260421875 0.421875
3 0.66796875 0.46484375 0.673828125 0.4501953125 0.6725260421875 0.439453125 0.6686197921875 0.4306640625 0.6640625 0.4267578125 0.6529947921875 0.42578125 0.6497395828125 0.43359375 0.6497395828125 0.4501953125 0.6555989578125 0.462890625 0.66015625 0.4658203125 0.66796875 0.46484375
3 0.6822916671875 0.5146484375 0.6868489578125 0.505859375 0.6868489578125 0.4990234375 0.6790364578125 0.4794921875 0.6731770828125 0.478515625 0.6640625 0.484375 0.6640625 0.5009765625 0.666015625 0.5068359375 0.6731770828125 0.515625 0.6822916671875 0.5146484375
3 0.5501302078125 0.57421875 0.5611979171875 0.5712890625 0.56640625 0.55859375 0.5651041671875 0.5498046875 0.5592447921875 0.5439453125 0.546875 0.5439453125 0.5384114578125 0.548828125 0.5358072921875 0.5546875 0.5390625 0.5634765625 0.5455729171875 0.572265625 0.5501302078125 0.57421875
3 0.6888020828125 0.552734375 0.6888020828125 0.5380859375 0.685546875 0.5302734375 0.6783854171875 0.5283203125 0.6692708328125 0.537109375 0.6705729171875 0.556640625 0.6803385421875 0.560546875 0.6868489578125 0.55859375 0.6888020828125 0.552734375
3 0.7115885421875 0.7041015625 0.7141927078125 0.6953125 0.7135416671875 0.6875 0.7057291671875 0.6787109375 0.6966145828125 0.6787109375 0.685546875 0.6884765625 0.685546875 0.7021484375 0.693359375 0.7109375 0.7057291671875 0.7099609375 0.7115885421875 0.7041015625
3 0.7389322921875 0.751953125 0.7389322921875 0.744140625 0.7337239578125 0.7314453125 0.716796875 0.734375 0.7076822921875 0.7431640625 0.7083333328125 0.7587890625 0.7161458328125 0.7666015625 0.7298177078125 0.763671875 0.7389322921875 0.751953125
3 0.5924479171875 0.7919921875 0.5963541671875 0.7861328125 0.595703125 0.7724609375 0.587890625 0.759765625 0.5774739578125 0.7578125 0.5729166671875 0.7626953125 0.5729166671875 0.7744140625 0.5794270828125 0.7861328125 0.587890625 0.79296875 0.5924479171875 0.7919921875
3 0.6126302078125 0.5908203125 0.609375 0.59765625 0.60546875 0.619140625 0.6263020828125 0.619140625 0.6223958328125 0.5908203125 0.6126302078125 0.5908203125
3 0.689453125 0.443359375 0.697265625 0.4306640625 0.6966145828125 0.4208984375 0.689453125 0.4140625 0.6796875 0.4130859375 0.6705729171875 0.421875 0.669921875 0.4287109375 0.6744791671875 0.439453125 0.6848958328125 0.4453125 0.689453125 0.443359375
3 0.6119791671875 0.3603515625 0.6067708328125 0.3505859375 0.5983072921875 0.3515625 0.5930989578125 0.3623046875 0.5924479171875 0.37890625 0.5983072921875 0.3857421875 0.6139322921875 0.376953125 0.6119791671875 0.3603515625
3 0.5891927078125 0.3662109375 0.5846354171875 0.3623046875 0.5807291671875 0.36328125 0.57421875 0.373046875 0.572265625 0.380859375 0.572265625 0.3974609375 0.5846354171875 0.3984375 0.58984375 0.3916015625 0.5891927078125 0.3662109375
3 0.5885416671875 0.58203125 0.5970052078125 0.572265625 0.5963541671875 0.56640625 0.5911458328125 0.560546875 0.5703125 0.5615234375 0.568359375 0.5703125 0.5696614578125 0.5751953125 0.57421875 0.5791015625 0.5885416671875 0.58203125
3 0.5755208328125 0.740234375 0.5755208328125 0.7236328125 0.5729166671875 0.712890625 0.5631510421875 0.7109375 0.55859375 0.72265625 0.5579427078125 0.7373046875 0.560546875 0.7431640625 0.5709635421875 0.7470703125 0.5755208328125 0.740234375
3 0.6171875 0.5869140625 0.62109375 0.580078125 0.6217447921875 0.5673828125 0.619140625 0.5498046875 0.6158854171875 0.54296875 0.611328125 0.5419921875 0.6067708328125 0.55078125 0.6048177078125 0.5595703125 0.6061197921875 0.57421875 0.6119791671875 0.587890625 0.6171875 0.5869140625
3 0.716796875 0.4892578125 0.7174479171875 0.48046875 0.712890625 0.4716796875 0.703125 0.4716796875 0.6985677078125 0.478515625 0.697265625 0.4921875 0.7018229171875 0.498046875 0.70703125 0.5 0.716796875 0.4892578125
3 0.658203125 0.4111328125 0.66015625 0.40234375 0.6588541671875 0.3759765625 0.6516927078125 0.3671875 0.6471354171875 0.3681640625 0.6438802078125 0.375 0.6438802078125 0.404296875 0.6477864578125 0.4150390625 0.654296875 0.4150390625 0.658203125 0.4111328125
3 0.5377604171875 0.4658203125 0.5403645828125 0.455078125 0.5403645828125 0.443359375 0.5377604171875 0.43359375 0.5305989578125 0.4345703125 0.5240885421875 0.44921875 0.5240885421875 0.4638671875 0.5260416671875 0.46875 0.533203125 0.4697265625 0.5377604171875 0.4658203125
3 0.5377604171875 0.5439453125 0.541015625 0.5361328125 0.5377604171875 0.517578125 0.5325520828125 0.5078125 0.5266927078125 0.50390625 0.5240885421875 0.505859375 0.5227864578125 0.5185546875 0.525390625 0.533203125 0.5319010421875 0.5439453125 0.5377604171875 0.5439453125
0 0.6796875 0.7265625 0.6796875 0.716796875 0.6705729171875 0.7060546875 0.658203125 0.7041015625 0.65234375 0.7099609375 0.65234375 0.724609375 0.66015625 0.736328125 0.671875 0.7373046875 0.6796875 0.7265625
0 0.7669270828125 0.81640625 0.7701822921875 0.8076171875 0.7682291671875 0.7919921875 0.7630208328125 0.787109375 0.751953125 0.7880859375 0.7467447921875 0.7919921875 0.7434895828125 0.80078125 0.744140625 0.8115234375 0.748046875 0.8173828125 0.7545572921875 0.8203125 0.7669270828125 0.81640625
0 0.74609375 0.703125 0.7486979171875 0.6962890625 0.74609375 0.68359375 0.73828125 0.677734375 0.73046875 0.6787109375 0.7233072921875 0.6884765625 0.7233072921875 0.69921875 0.7317708328125 0.708984375 0.7395833328125 0.7080078125 0.74609375 0.703125
0 0.7799479171875 0.6923828125 0.779296875 0.67578125 0.76953125 0.662109375 0.7604166671875 0.66015625 0.7545572921875 0.6689453125 0.755859375 0.681640625 0.765625 0.6962890625 0.775390625 0.6982421875 0.7799479171875 0.6923828125
0 0.759765625 0.744140625 0.7630208328125 0.7333984375 0.7591145828125 0.7216796875 0.7493489578125 0.7158203125 0.7389322921875 0.7197265625 0.7369791671875 0.732421875 0.7408854171875 0.7421875 0.751953125 0.7490234375 0.759765625 0.744140625
0 0.869140625 0.568359375 0.8697916671874999 0.5595703125 0.8671875 0.548828125 0.8587239578125001 0.5419921875 0.8528645828125001 0.544921875 0.8483072921874999 0.552734375 0.8483072921874999 0.5751953125 0.8522135421874999 0.5810546875 0.8626302078125001 0.58203125 0.869140625 0.568359375
0 0.83984375 0.4912109375 0.83984375 0.48046875 0.8346354171874999 0.4677734375 0.8235677078125001 0.4677734375 0.814453125 0.4775390625 0.8151041671874999 0.4912109375 0.82421875 0.501953125 0.8274739578125001 0.5029296875 0.83984375 0.4912109375
0 0.861328125 0.4970703125 0.8658854171874999 0.48046875 0.8658854171874999 0.4736328125 0.8619791671874999 0.466796875 0.8528645828125001 0.4599609375 0.8411458328125001 0.46484375 0.83984375 0.4765625 0.8424479171874999 0.4912109375 0.8515625 0.5009765625 0.861328125 0.4970703125
0 0.8489583328125001 0.5322265625 0.8515625 0.513671875 0.849609375 0.5029296875 0.8450520828125001 0.49609375 0.837890625 0.494140625 0.8326822921874999 0.498046875 0.8294270828125001 0.5048828125 0.8287760421874999 0.5234375 0.83203125 0.5341796875 0.8411458328125001 0.537109375 0.8489583328125001 0.5322265625
0 0.8697916671874999 0.462890625 0.8743489578125001 0.44921875 0.8736979171874999 0.435546875 0.86328125 0.4248046875 0.8541666671874999 0.4248046875 0.8489583328125001 0.4306640625 0.8483072921874999 0.4453125 0.8515625 0.453125 0.859375 0.4619140625 0.8697916671874999 0.462890625
0 0.845703125 0.5771484375 0.8470052078125001 0.5498046875 0.8411458328125001 0.5458984375 0.833984375 0.5458984375 0.828125 0.548828125 0.8255208328125001 0.5546875 0.8248697921874999 0.564453125 0.8307291671874999 0.580078125 0.8391927078125001 0.5810546875 0.845703125 0.5771484375
0 0.8450520828125001 0.60546875 0.8424479171874999 0.58984375 0.8372395828125001 0.583984375 0.8274739578125001 0.5830078125 0.82421875 0.5908203125 0.82421875 0.609375 0.8274739578125001 0.6181640625 0.8430989578125001 0.6220703125 0.8450520828125001 0.60546875
0 0.865234375 0.62109375 0.8697916671874999 0.6064453125 0.8665364578125001 0.5927734375 0.8541666671874999 0.583984375 0.8483072921874999 0.583984375 0.845703125 0.587890625 0.8450520828125001 0.6015625 0.8502604171874999 0.6201171875 0.85546875 0.623046875 0.865234375 0.62109375
0 0.9361516921874999 0.49860253906249996 0.935857421875 0.485365234375 0.9335032546875001 0.4760986328125 0.9258502609375 0.46815625 0.9165045578125 0.467560546875 0.9126048171875001 0.47742285156250003 0.9164309890625001 0.49154296875 0.9255559890624999 0.50125 0.9361516921874999 0.49860253906249996
0 0.8203125 0.4638671875 0.8216145828125001 0.4521484375 0.8138020828125001 0.4375 0.80859375 0.43359375 0.8001302078125001 0.43359375 0.7962239578125 0.4423828125 0.796875 0.4521484375 0.8059895828125001 0.46484375 0.8157552078125001 0.466796875 0.8203125 0.4638671875
0 0.83984375 0.3916015625 0.8385416671874999 0.3759765625 0.8307291671874999 0.36328125 0.8216145828125001 0.3642578125 0.8131510421874999 0.3720703125 0.8131510421874999 0.3837890625 0.8216145828125001 0.3994140625 0.833984375 0.3994140625 0.83984375 0.3916015625
0 0.8203125 0.9482421875 0.822265625 0.9248046875 0.8125 0.90625 0.8040364578125001 0.904296875 0.794921875 0.91796875 0.7955729171875 0.931640625 0.8040364578125001 0.947265625 0.8131510421874999 0.9521484375 0.8203125 0.9482421875
0 0.8138020828125001 0.8828125 0.8131510421874999 0.8681640625 0.802734375 0.8583984375 0.7942708328125 0.861328125 0.7890625 0.8720703125 0.7884114578125 0.888671875 0.7962239578125 0.8974609375 0.8098958328125001 0.890625 0.8138020828125001 0.8828125
0 0.8352864578125001 0.9091796875 0.8424479171874999 0.9033203125 0.84375 0.8876953125 0.8385416671874999 0.8759765625 0.8294270828125001 0.8681640625 0.8170572921874999 0.8701171875 0.8157552078125001 0.888671875 0.82421875 0.904296875 0.828125 0.908203125 0.8352864578125001 0.9091796875
0 0.9016927078125001 0.9462890625 0.9095052078125001 0.9384765625 0.9088541671874999 0.9248046875 0.8997395828125001 0.9169921875 0.8893229171874999 0.916015625 0.8821614578125001 0.92578125 0.8828125 0.9365234375 0.88671875 0.9423828125 0.8938802078125001 0.9462890625 0.9016927078125001 0.9462890625
0 0.8274739578125001 0.8623046875 0.8274739578125001 0.8515625 0.8177083328125001 0.8369140625 0.806640625 0.8330078125 0.8014322921874999 0.837890625 0.8001302078125001 0.8486328125 0.8040364578125001 0.857421875 0.81640625 0.8662109375 0.8274739578125001 0.8623046875
0 0.8815104171874999 0.7958984375 0.8828125 0.7900390625 0.8815104171874999 0.783203125 0.876953125 0.7763671875 0.865234375 0.7783203125 0.8580729171874999 0.787109375 0.857421875 0.80078125 0.865234375 0.80859375 0.8736979171874999 0.806640625 0.8815104171874999 0.7958984375
0 0.943359375 0.7041015625 0.9485677078125001 0.6962890625 0.9466145828125001 0.68359375 0.9388020828125001 0.673828125 0.9303385421874999 0.673828125 0.9270833328125001 0.681640625 0.9270833328125001 0.6923828125 0.9303385421874999 0.703125 0.9348958328125001 0.7080078125 0.943359375 0.7041015625
0 0.8430989578125001 0.80859375 0.84375 0.7998046875 0.837890625 0.78515625 0.8313802078125001 0.783203125 0.82421875 0.791015625 0.8203125 0.7998046875 0.826171875 0.8115234375 0.8346354171874999 0.81640625 0.8430989578125001 0.80859375
0 0.7486979171875 0.6396484375 0.7473958328125 0.6259765625 0.7389322921875 0.619140625 0.7278645828125 0.6220703125 0.7200520828125 0.6318359375 0.7194010421875 0.6455078125 0.7265625 0.654296875 0.740234375 0.6513671875 0.7486979171875 0.6396484375
0 0.9049479171874999 0.4990234375 0.9088541671874999 0.4814453125 0.9049479171874999 0.470703125 0.8984375 0.46484375 0.890625 0.462890625 0.884765625 0.4658203125 0.8815104171874999 0.474609375 0.8821614578125001 0.490234375 0.8893229171874999 0.5 0.9010416671874999 0.5029296875 0.9049479171874999 0.4990234375
0 0.8841145828125001 0.3994140625 0.880859375 0.3984375 0.8723958328125001 0.40234375 0.865234375 0.4130859375 0.865234375 0.423828125 0.8763020828125001 0.4345703125 0.888671875 0.4189453125 0.8841145828125001 0.3994140625
0 0.826171875 0.529296875 0.8274739578125001 0.5185546875 0.8255208328125001 0.509765625 0.81640625 0.4951171875 0.8098958328125001 0.4931640625 0.8033854171874999 0.5009765625 0.8033854171874999 0.513671875 0.80859375 0.5234375 0.8190104171874999 0.53125 0.826171875 0.529296875
0 0.6223958328125 0.12109375 0.6204427078125 0.1083984375 0.61328125 0.1015625 0.6022135421875 0.1044921875 0.5950520828125 0.115234375 0.5950520828125 0.1259765625 0.6022135421875 0.1357421875 0.6145833328125 0.1318359375 0.6223958328125 0.12109375
0 0.6653645828125 0.130859375 0.6686197921875 0.1259765625 0.6673177078125 0.1123046875 0.6614583328125 0.10546875 0.650390625 0.1044921875 0.6438802078125 0.1123046875 0.6432291671875 0.1240234375 0.650390625 0.1328125 0.658203125 0.1337890625 0.6653645828125 0.130859375
0 0.7727864578125 0.462890625 0.7805989578125 0.4453125 0.78125 0.4287109375 0.779296875 0.4248046875 0.7721354171875 0.423828125 0.7623697921875 0.4287109375 0.7578125 0.4375 0.7552083328125 0.4462890625 0.7565104171875 0.4560546875 0.7649739578125 0.46484375 0.7727864578125 0.462890625
0 0.8717447921874999 0.3798828125 0.8697916671874999 0.3681640625 0.8626302078125001 0.3603515625 0.8522135421874999 0.3583984375 0.8444010421874999 0.3662109375 0.8444010421874999 0.376953125 0.859375 0.3896484375 0.8665364578125001 0.3876953125 0.8717447921874999 0.3798828125
2 0.3359375 0.7646484375 0.3385416671875 0.748046875 0.3326822921875 0.732421875 0.3235677078125 0.7294921875 0.3157552078125 0.7373046875 0.31640625 0.7548828125 0.3209635421875 0.763671875 0.3274739578125 0.7685546875 0.3359375 0.7646484375
2 0.5104166671875 0.7626953125 0.5084635421875 0.7509765625 0.4993489578125 0.7412109375 0.490234375 0.7392578125 0.482421875 0.7470703125 0.4830729171875 0.7626953125 0.4908854171875 0.7724609375 0.501953125 0.7744140625 0.5104166671875 0.7626953125
2 0.5091145828125 0.7021484375 0.5078125 0.689453125 0.5026041671875 0.681640625 0.4947916671875 0.6845703125 0.4876302078125 0.69921875 0.4869791671875 0.712890625 0.494140625 0.7216796875 0.5032552078125 0.7197265625 0.5091145828125 0.7021484375
2 0.4778645828125 0.7158203125 0.4798177078125 0.7021484375 0.4772135421875 0.68359375 0.4700520828125 0.6767578125 0.4641927078125 0.6806640625 0.4583333328125 0.6923828125 0.458984375 0.7158203125 0.466796875 0.72265625 0.4739583328125 0.7216796875 0.4778645828125 0.7158203125
2 0.390625 0.3935546875 0.3912760421875 0.3759765625 0.3860677078125 0.369140625 0.3802083328125 0.37109375 0.375 0.3818359375 0.3736979171875 0.3935546875 0.3763020828125 0.4033203125 0.3821614578125 0.404296875 0.390625 0.3935546875
1 0.107421875 0.4658203125 0.099609375 0.462890625 0.08528645781250001 0.474609375 0.0859375 0.4833984375 0.09309895781250001 0.4892578125 0.1048177078125 0.4814453125 0.107421875 0.4658203125
1 0.189453125 0.3994140625 0.1927083328125 0.396484375 0.19140625 0.3828125 0.1875 0.37890625 0.171875 0.3798828125 0.1666666671875 0.390625 0.166015625 0.3935546875 0.1751302078125 0.4013671875 0.1809895828125 0.3974609375 0.189453125 0.3994140625
1 0.21354166718749998 0.4453125 0.212890625 0.4267578125 0.20963541718749998 0.4267578125 0.203125 0.4169921875 0.1946614578125 0.421875 0.1940104171875 0.431640625 0.19921875 0.4423828125 0.20963541718749998 0.4482421875 0.21354166718749998 0.4453125
3 0.642578125 0.42578125 0.6419270828125 0.41796875 0.6341145828125 0.408203125 0.6256510421875 0.41015625 0.6256510421875 0.4375 0.6295572921875 0.44140625 0.638671875 0.4384765625 0.642578125 0.42578125
3 0.6236979171875 0.3974609375 0.623046875 0.388671875 0.6171875 0.380859375 0.6041666671875 0.384765625 0.59765625 0.392578125 0.5970052078125 0.400390625 0.611328125 0.4111328125 0.6204427078125 0.4072265625 0.6236979171875 0.3974609375
3 0.5559895828125 0.6923828125 0.5579427078125 0.6806640625 0.5520833328125 0.6669921875 0.5436197921875 0.6650390625 0.5325520828125 0.68359375 0.5325520828125 0.693359375 0.5358072921875 0.69921875 0.5475260421875 0.703125 0.5559895828125 0.6923828125
3 0.6087239578125 0.5947265625 0.6067708328125 0.5771484375 0.6028645828125 0.5732421875 0.5963541671875 0.576171875 0.5904947921875 0.59375 0.5911458328125 0.6103515625 0.5970052078125 0.615234375 0.6028645828125 0.615234375 0.6087239578125 0.5947265625
3 0.5618489578125 0.4609375 0.564453125 0.451171875 0.556640625 0.4443359375 0.5462239578125 0.44921875 0.5416666671875 0.4560546875 0.541015625 0.46484375 0.54296875 0.46875 0.55078125 0.46875 0.5618489578125 0.4609375
0 0.77734375 0.529296875 0.7825520828125 0.515625 0.7819010421875 0.5048828125 0.7734375 0.498046875 0.7610677078125 0.5009765625 0.75390625 0.509765625 0.7532552078125 0.5205078125 0.755859375 0.52734375 0.7649739578125 0.533203125 0.77734375 0.529296875
0 0.740234375 0.263671875 0.740234375 0.2548828125 0.7317708328125 0.2421875 0.7200520828125 0.2431640625 0.716796875 0.25 0.7174479171875 0.2607421875 0.7239583328125 0.2685546875 0.734375 0.271484375 0.740234375 0.263671875
0 0.6477864578125 0.171875 0.658203125 0.1591796875 0.6575520828125 0.1474609375 0.65234375 0.1396484375 0.6471354171875 0.1357421875 0.6380208328125 0.1396484375 0.6328125 0.15234375 0.6328125 0.1591796875 0.6380208328125 0.16796875 0.6477864578125 0.171875
0 0.7076822921875 0.26953125 0.70703125 0.2587890625 0.6979166671875 0.24609375 0.6920572921875 0.2421875 0.6861979171875 0.2509765625 0.6861979171875 0.2626953125 0.6927083328125 0.2744140625 0.7005208328125 0.27734375 0.7076822921875 0.26953125
0 0.7141927078125 0.2470703125 0.7154947921875 0.232421875 0.7115885421875 0.2236328125 0.6985677078125 0.2177734375 0.6940104171875 0.224609375 0.693359375 0.240234375 0.6959635421875 0.244140625 0.7076822921875 0.251953125 0.7141927078125 0.2470703125
0 0.8033854171874999 0.5380859375 0.8053385421874999 0.525390625 0.7981770828125 0.5087890625 0.7903645828125 0.5 0.7845052078125 0.505859375 0.7845052078125 0.51953125 0.7877604171875 0.53125 0.794921875 0.5380859375 0.8033854171874999 0.5380859375
0 0.8977864578125001 0.509765625 0.8938802078125001 0.50390625 0.88671875 0.5029296875 0.875 0.515625 0.8736979171874999 0.5283203125 0.8873697921874999 0.537109375 0.8977864578125001 0.51953125 0.8977864578125001 0.509765625
0 0.8684895828125001 0.525390625 0.87109375 0.517578125 0.8704427078125001 0.5087890625 0.8639322921874999 0.5029296875 0.8561197921874999 0.50390625 0.8522135421874999 0.5068359375 0.8548177078125001 0.5263671875 0.859375 0.5302734375 0.8684895828125001 0.525390625
0 0.91015625 0.5302734375 0.908203125 0.525390625 0.904296875 0.5224609375 0.8971354171874999 0.5234375 0.8893229171874999 0.546875 0.8899739578125001 0.564453125 0.904296875 0.560546875 0.9095052078125001 0.5439453125 0.91015625 0.5302734375
0 0.8072916671874999 0.30859375 0.8079427078125001 0.294921875 0.8001302078125001 0.28515625 0.7903645828125 0.28515625 0.7838541671875 0.294921875 0.7845052078125 0.3046875 0.7923177078125 0.3125 0.8001302078125001 0.3134765625 0.8072916671874999 0.30859375