1 0.950617378125 0.16562524218750002 0.951845628125 0.17403438124999998 0.959862246875 0.1802958546875 0.9815864484375 0.1797654171875 0.9902572671875 0.17354401875 0.989904821875 0.164346303125 0.9802238203125 0.157997603125 0.9584560062499999 0.15936023125 0.950617378125 0.16562524218750002
1 0.9677951796875 0.20407695625 0.9776506359375 0.2070968890625 0.987240871875 0.1992547234375 0.9884655828125 0.191808615625 0.98395218125 0.18239283125 0.9598186343749999 0.18112804531249999 0.9593388875000001 0.19028214999999998 0.9677951796875 0.20407695625
1 0.989791675 0.2461191140625 0.988694265625 0.23521340156249998 0.9814662234375 0.22982773281250002 0.97231211875 0.22934798750000002 0.9582120203125 0.2436296171875 0.9571617609375 0.24774696093749998 0.9625509687499999 0.2563741671875 0.9593129687499999 0.270390578125 0.9634303109375001 0.2714408359375 0.9745104781249999 0.26701466093750004 0.986070390625 0.25343438125 0.989791675 0.2461191140625
1 0.9820002000000001 0.26740718124999996 0.9770942781249999 0.26548111875 0.9616787015625 0.2730179921875 0.9592292796875 0.287910209375 0.9645748718749999 0.2973696046875 0.9778463203125 0.2988996109375 0.9830575343750001 0.29500033281250004 0.9867352046875 0.28851725625 0.9872585656249999 0.278530959375 0.9820002000000001 0.26740718124999996
1 0.9167509890625001 0.3182286171875 0.90199315 0.32913786875 0.8986243109375 0.3456508546875 0.9057215125000001 0.3535330953125 0.914043425 0.353969228125 0.9279690734375 0.3430163625 0.9335291937499999 0.33245955625 0.9346666765625 0.32667783125 0.9316432062500001 0.3206780375 0.9167509890625001 0.3182286171875
1 0.92178775 0.3176581046875 0.9301096624999999 0.3180942375 0.9442533750000001 0.3029804171875 0.944075384375 0.290453934375 0.9309783906250001 0.28559516406249996 0.9167910625 0.30154117812500003 0.9161368624999999 0.314024046875 0.92178775 0.3176581046875
1 0.9271191875 0.26369651250000004 0.9301862734374999 0.2688641140625 0.9407866921875 0.2735920421875 0.9524809843750001 0.2733704375 0.9611081890625 0.26798123125 0.9626381953125 0.2547097828125 0.9505914578124999 0.245733671875 0.9354811749999999 0.24744520625000002 0.9271191875 0.26369651250000004
1 0.872820453125 0.12149318437500001 0.87037103125 0.1363854015625 0.8782568124999999 0.145143446875 0.8856156937499999 0.1480325390625 0.9014237890624999 0.1330059453125 0.9014638625 0.11631850625 0.8934472437500001 0.110057034375 0.8843367531249999 0.108745096875 0.872820453125 0.12149318437500001
1 0.9360776062499999 0.1723735375 0.9290240171875 0.16365910625 0.9199135281249999 0.1623471671875 0.9114207000000001 0.181095046875 0.9140952656250001 0.1937523703125 0.919528084375 0.20154738437500003 0.9244340062499999 0.203473446875 0.9319237265625 0.2038659671875 0.9380979734375 0.1975137296875 0.9394535234375001 0.18757104687499998 0.9360776062499999 0.1723735375
1 0.8846526609375 0.1504855 0.8804480921875 0.1510996265625 0.87414300625 0.15994843593750002 0.8738377140625 0.1657737765625 0.889827340625 0.1791289109375 0.9072161296875001 0.181709171875 0.9124709578125 0.17697770468750001 0.9137828953125 0.1678672140625 0.904319959375 0.157357559375 0.8846526609375 0.1504855
1 0.8424820515624999 0.38192898125 0.8409520484374999 0.3952004265625 0.8481364765625001 0.40141828593750006 0.8615823765625 0.399619525 0.870602103125 0.386740596875 0.8728334578125001 0.3760093375 0.8664812218750001 0.3698350921875 0.854041965625 0.3683487015625 0.8424820515624999 0.38192898125
1 0.8648675296875 0.40062617031250003 0.8530423984375 0.4033443484375 0.8456870546875 0.4163105015625 0.8491501984375001 0.4298436296875 0.8538816671875 0.4350984578125 0.861327775 0.43632316718749997 0.8717938171874999 0.42769242343749997 0.8733674328125 0.4135887859375 0.8704311890625 0.4059246109375 0.8648675296875 0.40062617031250003
1 0.8383434781249999 0.2857472359375 0.8291457609374999 0.2860996828125 0.8222265500000001 0.2907439234375 0.8214851234375 0.30489117499999996 0.8314749593749999 0.3212697828125 0.8395351921875 0.3266990625 0.8547763140625 0.3224909546875 0.8573565765625 0.3051021640625 0.8479808671875 0.2929281265625 0.8383434781249999 0.2857472359375
1 0.8653625796875 0.26379789374999996 0.8664163765625 0.2755357984375 0.874476609375 0.280965078125 0.8870467046874999 0.2799548953125 0.9034253109374999 0.26996506249999996 0.903992284375 0.25914657343749997 0.894398509375 0.25113349375 0.8817411859375 0.253808059375 0.8653625796875 0.26379789374999996
1 0.9201999781250001 0.268340753125 0.9004053781250001 0.2798205171875 0.89734183125 0.2905081640625 0.8994458859375 0.298128725 0.9067611546875 0.301850009375 0.916921903125 0.2990446046875 0.92922678125 0.2871723203125 0.9297065265625 0.27801821718749997 0.9235287421875 0.2685152078125 0.9201999781250001 0.268340753125
1 0.8726377734374999 0.2842066171875 0.8637925015624999 0.29375677968749997 0.8636616609375001 0.296253353125 0.87588285 0.3019007 0.8837250171875001 0.3114909375 0.8879295875000001 0.3108768125 0.8941474453125 0.3036923828125 0.8955902234374999 0.2920853203125 0.8885366343750001 0.28337088593750004 0.8726377734374999 0.2842066171875
1 0.8590244984375 0.3210446390625 0.871071234375 0.33002075 0.8806614703125 0.322178584375 0.8804834781249999 0.3096521015625 0.87426208125 0.3009812828125 0.8637925015624999 0.29375677968749997 0.8583632203124999 0.30181701250000004 0.8590244984375 0.3210446390625
1 0.8603482 0.168404728125 0.855663884375 0.17817295625000001 0.8614491484375 0.1951656890625 0.8752911078125001 0.201732453125 0.88264645 0.1887663 0.8831698093749999 0.1787800046875 0.8785691812499999 0.17102860312499998 0.8705525625 0.16476713125 0.8603482 0.168404728125
1 0.9062967125 0.1833299421875 0.8946896484375 0.1818871640625 0.8835222546875 0.187977721875 0.8769118765625 0.20265187031249998 0.885586234375 0.212285721875 0.8997334859375 0.2130271484375 0.9119075234375 0.2036514390625 0.913132234375 0.19620533125 0.910283215625 0.1868767734375 0.9062967125 0.1833299421875
1 0.8429994859375001 0.14913702812500002 0.84409689375 0.16004274062499999 0.8538215093750001 0.165559246875 0.8706397890625001 0.1631027484375 0.8769884875 0.15342174687500001 0.87738100625 0.145932025 0.86783084375 0.1370867515625 0.858633128125 0.13743919843750002 0.8429994859375001 0.14913702812500002
1 0.8308325249999999 0.19022323125 0.8444128031250001 0.2017831453125 0.856368775 0.196568390625 0.8585565171875 0.18666932187500002 0.85417395625 0.174756965625 0.842915796875 0.1666566578125 0.8305236921875 0.18019332187499998 0.8308325249999999 0.19022323125
1 0.7512250734375 0.2761746921875 0.7534163546875 0.282130871875 0.7591108531249999 0.2849327390625 0.7725131390625 0.28396616875 0.785868275 0.2679765421875 0.784727253125 0.2579030203125 0.7683887203124999 0.251205415625 0.756389134375 0.25725236093750004 0.7512250734375 0.2761746921875
1 0.7741846 0.315763890625 0.7929760921875 0.3234245265625 0.800244209375 0.31212275625 0.8024755656250001 0.3013914953125 0.7972171984374999 0.290267715625 0.7914790859374999 0.28829803906249996 0.7796539546875 0.29101621875 0.7741846 0.315763890625
1 0.78789571875 0.3248272296875 0.7738793078125 0.3215892296875 0.76617151875 0.3253576671875 0.7635912578124999 0.3427464578125 0.76731608125 0.3512864359375 0.7846176453125 0.35553107968750003 0.7965736140625 0.350316328125 0.7977983265625 0.34287021875 0.7926708 0.32924986562499997 0.78789571875 0.3248272296875
1 0.71636734375 0.304389046875 0.7129112765625 0.322566415625 0.730910653125 0.313496 0.7309507281250001 0.2968085609375 0.7228468828125 0.2922114703125 0.7186423125 0.292825596875 0.714219675 0.297600678125 0.71636734375 0.304389046875
1 0.692176028125 0.24053546250000002 0.698484653125 0.24754189843750002 0.711011134375 0.2473639078125 0.721259109375 0.2428941203125 0.7292285781250001 0.23413253437499998 0.7304969015625 0.22585423593749998 0.711661796875 0.219025790625 0.6962462203124999 0.22656266406249997 0.692176028125 0.24053546250000002
1 0.710782453125 0.20395912031250002 0.7096449687499999 0.209740846875 0.7149905609375 0.21920024374999997 0.73132909375 0.2258978484375 0.7414898421875 0.22309244218750002 0.7421876546874999 0.20977738281249997 0.728607375 0.1982174703125 0.7195404984375 0.19607334062499998 0.710782453125 0.20395912031250002
1 0.6741448046875 0.10690865000000001 0.6726148000000001 0.1201800984375 0.68435624375 0.13498154843750002 0.6917587390625 0.13703844999999998 0.7048085796875 0.12687416406250002 0.705331940625 0.11688786874999998 0.6959126171875 0.10554602187499999 0.682728396875 0.10235163437499999 0.6741448046875 0.10690865000000001
1 0.6378949875 0.177608371875 0.65550184375 0.176027678125 0.6591359031249999 0.1703767921875 0.6605350671875 0.1596019203125 0.652518446875 0.15334044687499998 0.639116159375 0.1543070171875 0.6318916578125 0.164776596875 0.6378949875 0.177608371875
1 0.7126319046875 0.248283325 0.6926593140625 0.24723660625 0.6887199609375 0.25871283125 0.6933205890624999 0.2664642328125 0.7119376296875 0.277453634375 0.7203903828125 0.2753931921875 0.725645209375 0.27066172499999996 0.726343021875 0.2573466640625 0.721567940625 0.252924028125 0.7126319046875 0.248283325
1 0.781470409375 0.3837383578125 0.7803329265625 0.3895200828125 0.7921179828125 0.4034893421875 0.8037250453125001 0.40493212031250003 0.812395865625 0.39871072343749997 0.8145399937500001 0.3896438453125 0.804157640625 0.38075495937500003 0.7858494328125001 0.3797954671875 0.781470409375 0.3837383578125
1 0.8162479906250001 0.38889888125 0.812352253125 0.39954291406250003 0.8053022015625 0.406683728125 0.80740625625 0.41430429062499996 0.8121813375 0.4187269265625 0.8196274453125 0.4199516375 0.8282982640625001 0.41373024062499997 0.8304860078124999 0.403831171875 0.8270228625 0.39029804375 0.8162479906250001 0.38889888125
1 0.8460960296875 0.090051446875 0.84548544375 0.101702125 0.858146303125 0.11488280625 0.869622528125 0.11882215781250001 0.8773739296875 0.11422152968749999 0.8793436046875 0.10848341718750001 0.8677330015625 0.0911853921875 0.8587533515624999 0.08737688125000001 0.8460960296875 0.090051446875
1 0.742224190625 0.1772346953125 0.7423585687500001 0.19059336875 0.7512073796875 0.19689845625 0.7604050984375 0.196546009375 0.77494486875 0.18979771406249998 0.777176225 0.1790664546875 0.7700354093749999 0.17201640468749999 0.7492306281250001 0.170926071875 0.742224190625 0.1772346953125
1 0.7522835578125 0.11267268281250001 0.7345022484375 0.1175821421875 0.7300359984375 0.123189415625 0.7295126390625 0.1331757109375 0.743310984375 0.140574665625 0.754303925 0.13781287343749998 0.76560215625 0.1292257421875 0.7652497125 0.1200280265625 0.7597296671875 0.11389739375 0.7522835578125 0.11267268281250001
1 0.7786920734375 0.102374015625 0.76949435625 0.10272646249999999 0.7633201109375001 0.1090786984375 0.7729575 0.1162595890625 0.77961503125 0.11660849531249999 0.7965641484375 0.11165542343749998 0.8027383953125 0.105303184375 0.8039631046875 0.0978570765625 0.7966042234375 0.09496798281249999 0.7786920734375 0.102374015625
1 0.69329228125 0.13962225156250002 0.696315753125 0.1456220421875 0.7059531421874999 0.1528029328125 0.72010039375 0.153544359375 0.7278954093750001 0.148111540625 0.729908696875 0.1415412359375 0.7235128468750001 0.1361991828125 0.7019194875 0.1342330453125 0.69329228125 0.13962225156250002
1 0.7704420828125 0.22794767343750003 0.7690429187500001 0.238722546875 0.77346909375 0.24980271250000002 0.7890190484375 0.25562451249999996 0.795981871875 0.25014808125 0.7982132281250001 0.239416821875 0.7892300390625 0.2197530625 0.781696703125 0.2201927328125 0.7704420828125 0.22794767343750003
1 0.7937835140625 0.21248140625 0.7930420875 0.22662865937499999 0.8031191484375 0.2413428828125 0.8146826 0.2436178515625 0.8224776140625 0.2381850328125 0.82339349375 0.220709015625 0.8173029375 0.209541621875 0.8058267109375 0.205602271875 0.7937835140625 0.21248140625
1 0.7946840890625 0.32267956249999996 0.795650659375 0.3360818484375 0.805244434375 0.3440949296875 0.8214049749999999 0.338266053125 0.8276664468750001 0.33024943281249997 0.8274884546875001 0.31772295 0.8164483625000001 0.30546168749999997 0.8046232328125 0.308179865625 0.7946840890625 0.32267956249999996
2 0.6636481546875 0.3708877390625 0.6703528375000001 0.3862597015625 0.6776244921875 0.390813178125 0.691684515625 0.39321898593750004 0.7073617718749999 0.380688965625 0.706395203125 0.36728667812500004 0.694261240625 0.3599749484375 0.6766107703124999 0.362387834375 0.6636481546875 0.3708877390625
2 0.6619260046875 0.3082117125 0.6456310843749999 0.300681915625 0.6335878875 0.3075610515625 0.6328900734375 0.32087611250000003 0.642923521875 0.33642252968749997 0.658560703125 0.34057994687500004 0.670691128125 0.332036428125 0.6727044156249999 0.325466125 0.6706003609375 0.31784556406250003 0.6619260046875 0.3082117125
2 0.6929386859375 0.321519696875 0.6866772140624999 0.329536315625 0.6859794015625 0.3428513765625 0.6902747359375 0.3564281171875 0.70345895625 0.359622503125 0.70945875 0.35659903125 0.713180034375 0.3492837625 0.7126932109374999 0.326727371875 0.7062973609375 0.32138531718749996 0.6929386859375 0.321519696875
2 0.7332763875 0.3161234140625 0.7197868734374999 0.318754365625 0.71440120625 0.3259824078125 0.721501946875 0.3497198953125 0.728686375 0.3559377546875 0.736176096875 0.35633027500000003 0.74559188125 0.3518168734375 0.7499709046875 0.34787398281250004 0.74764524375 0.3285591296875 0.7332763875 0.3161234140625
2 0.7117667156249999 0.29663764531250003 0.703793709375 0.2895439828125 0.687237109375 0.28700733437500003 0.6801870609375 0.29414815 0.6790059625 0.3007620671875 0.6819422078125 0.30842624218750003 0.6939017187500001 0.3190667359375 0.7079617421875 0.32147254375 0.714266828125 0.312623734375 0.7154915390625 0.305177625 0.7117667156249999 0.29663764531250003
2 0.659975171875 0.2021309015625 0.6399153546874999 0.20274856406250003 0.6310264671875 0.21313091874999998 0.6274395609375001 0.233804859375 0.6344495359375 0.24335148437499998 0.6502175593749999 0.24501232812499998 0.665411528125 0.2257811625 0.6670287609375001 0.2108453328125 0.6640052875 0.2048455421875 0.659975171875 0.2021309015625
2 0.5817126546875 0.2305739375 0.5625286421875 0.2304030234375 0.5564852375 0.23425868749999998 0.54917350625 0.24639265 0.5493515 0.2589191328125 0.556579540625 0.2643048 0.5691060234374999 0.26412680625 0.5769010375 0.2586939875 0.5833805765625 0.24651641249999998 0.5846489 0.23823811250000002 0.5817126546875 0.2305739375
2 0.5851651828125 0.196541321875 0.5702729671875 0.1940919 0.552273590625 0.20316231562499998 0.5477201140625 0.2104339703125 0.5470223015625 0.22374903124999998 0.55753549375 0.23014134375 0.57601815625 0.22777207187499998 0.582937365625 0.22312782968749997 0.5884974859375001 0.21257102187500002 0.5889772328125 0.20341691874999998 0.5851651828125 0.196541321875
2 0.6204437421875 0.287679228125 0.6052462328125 0.29105514375 0.6006491421875 0.299158990625 0.6001693968749999 0.30831309375 0.606830465625 0.32451724843749996 0.6207596515625 0.3294196296875 0.6286855046875 0.3214902375 0.6303027359375 0.3065544078125 0.626839590625 0.29302128125000004 0.6204437421875 0.287679228125
2 0.7388683546875 0.44826383437499995 0.7406235031249999 0.46254192656250004 0.7504353453125 0.46639405 0.763924859375 0.46376309843749997 0.7760116703125 0.456051771875 0.7773236078125 0.44694128125 0.7695686671875 0.43568666250000004 0.75778715 0.43757265 0.7388683546875 0.44826383437499995
2 0.727690346875 0.4067886484375 0.72427789375 0.4241338265625 0.73089535 0.44117017187499996 0.739086421875 0.444102878125 0.7527067765625 0.4389753515625 0.7549381312500001 0.4282440921875 0.750028671875 0.41046278125 0.7395590921874999 0.403238278125 0.727690346875 0.4067886484375
2 0.72173770625 0.4248351765625 0.7145968921875 0.41778512812499996 0.7011946046875 0.41875169687499997 0.6976913859375 0.42190600937499995 0.69541641875 0.43346945937500003 0.701070840625 0.45295876562500004 0.7091310749999999 0.458388046875 0.7176274406250001 0.455495415625 0.7230131078124999 0.4482673734375 0.724412271875 0.4374925 0.72173770625 0.4248351765625
2 0.7119152484375 0.373417309375 0.7079758984375 0.3848935359375 0.7167810953125 0.39203081093750003 0.7344315640625 0.389617925 0.7464747625 0.382738790625 0.7446760015625 0.36929289062500004 0.740645884375 0.36657825 0.72444173125 0.37323931875 0.7119152484375 0.373417309375
2 0.69146645 0.3973799421875 0.690328965625 0.40316166718749996 0.697120875 0.41686924843749995 0.7062749796875 0.4173489953125 0.715734375 0.41200340156250004 0.71796573125 0.40127214218749996 0.7142409078124999 0.3927321625 0.7070564796875 0.386514303125 0.69146645 0.3973799421875
2 0.6044399609375 0.21090310156249997 0.5952457812499999 0.22711079375 0.5967828625 0.245549840625 0.609091278125 0.24953280625000002 0.62205389375 0.24103290156249998 0.6248557609375001 0.235338403125 0.6235367468749999 0.21273839843750003 0.6120605218749999 0.208799046875 0.6044399609375 0.21090310156249997
2 0.578881328125 0.30052161875 0.564559625 0.3031089578125 0.5612780125 0.3179575609375 0.5651336734375 0.32400096562499997 0.5789320203125 0.331399921875 0.5922470796875 0.332097734375 0.59999848125 0.32749710625 0.601397646875 0.31672223437499997 0.596971471875 0.30564206718750003 0.578881328125 0.30052161875
2 0.731956221875 0.4846185703125 0.7252550796875 0.4851018546875 0.719694959375 0.4956586640625 0.722543978125 0.50498721875 0.738446378125 0.5200067374999999 0.7484326734375 0.520530096875 0.7519795046875 0.51654359375 0.752590090625 0.5048929171875 0.7408922609374999 0.48925927343750003 0.731956221875 0.4846185703125
2 0.6787431328125 0.4968503765625 0.6693709625 0.5005315875 0.6674484390625001 0.5212927546875 0.6629385765625 0.52773221875 0.6668378515625 0.5329434328125 0.6858037984375 0.5372753046875001 0.6986355750000001 0.5312719734375 0.70091054375 0.5197085218749999 0.6878972375 0.497330121875 0.6787431328125 0.4968503765625
2 0.6720526062500001 0.544899403125 0.6761734875000001 0.5618049093749999 0.6825257234375 0.5679791546875 0.7018405765625 0.5656534953125 0.7096792046875 0.559388484375 0.7119541734375 0.547825034375 0.70406839375 0.5390669875 0.681599228125 0.537889428125 0.6720526062500001 0.544899403125
2 0.672844721875 0.56163045625 0.6694251921875 0.5472651374999999 0.6605327671875 0.54179224375 0.6513786625 0.541312496875 0.645378871875 0.5443359703125 0.64227525 0.5717110562500001 0.646701425 0.582791221875 0.6515201187499999 0.586381665625 0.6598856453125 0.5859856078125001 0.665053246875 0.5829185234375001 0.6705697546875 0.5731939078125 0.672844721875 0.56163045625
2 0.6004299265624999 0.49441510937500005 0.5862390609375 0.4945058734375 0.5797595234374999 0.5066834499999999 0.5872963953125 0.5220990265625 0.5992559046875 0.5327395218750001 0.604249053125 0.5330012015625 0.6086280765625001 0.5290583109375 0.615721740625 0.5210853046875 0.6139229796875 0.5076394046875 0.6004299265624999 0.49441510937500005
2 0.5789273328125 0.5066398375000001 0.57253148125 0.5012977828125 0.56486730625 0.504234028125 0.5557603546875 0.5187773375 0.5557202796875 0.5354647781249999 0.5629047078125 0.5416826359375 0.5728037765625 0.543870378125 0.5805987921875 0.5384375593749999 0.58519588125 0.5303337124999999 0.586376978125 0.523719796875 0.5789273328125 0.5066398375000001
2 0.6477669875000001 0.45099970625 0.6304654234375 0.4467550625 0.6235898265625 0.45056711250000003 0.6192579546875 0.4695330578125 0.62631154375 0.4782474921875 0.6319624296875 0.48188154843750003 0.6386635734375 0.48139826562500004 0.6455827843749999 0.47675402343749995 0.650179871875 0.46865017656249996 0.651448196875 0.46037187656249995 0.6477669875000001 0.45099970625
2 0.46600860781250003 0.2887648703125 0.46544163593750004 0.2995833578125 0.4741596078125 0.3083850171875 0.5024541109375 0.30986786875 0.51383956875 0.29961635468750003 0.5128293875 0.287046259375 0.49977600468750005 0.28135530000000003 0.47813903281250003 0.280221353125 0.46600860781250003 0.2887648703125
2 0.49249727343750005 0.24509132656250002 0.4734476390625 0.25827908593750004 0.4695519015625 0.2689231203125 0.47664910312500003 0.27680536093749997 0.48663539843750003 0.2773287203125 0.4960511828125 0.27281531875 0.5023562671875 0.263966509375 0.5038426578124999 0.251527253125 0.4983226125 0.24539662031249998 0.49249727343750005 0.24509132656250002
2 0.40754776875000004 0.3374386390625 0.396245996875 0.330170521875 0.3801726828125 0.3343350171875 0.375750046875 0.3391100984375 0.375444753125 0.3449354390625 0.382022134375 0.378659221875 0.389995140625 0.3857528859375 0.39744125 0.386977596875 0.4097025125 0.3759375046875 0.411101678125 0.36516263125 0.40754776875000004 0.3374386390625
2 0.6079927203125 0.42972225625 0.5994055890625 0.41842402187500005 0.586090528125 0.41772620937499993 0.5814934390625 0.42583005625 0.5832485859375 0.440108146875 0.5903021749999999 0.44882258124999996 0.606113809375 0.449651234375 0.6104928328125 0.44570834374999996 0.6110161921875 0.43572204843750006 0.6079927203125 0.42972225625
2 0.67189814375 0.2453140828125 0.6573147609375 0.25289456875 0.6558283687500001 0.265333825 0.660955896875 0.278954178125 0.669979159375 0.2819304984375 0.6783883 0.28070225 0.6836431265625 0.27597078124999996 0.686179775 0.2594141828125 0.683156303125 0.25341439062500004 0.67189814375 0.2453140828125
2 0.6373527859375 0.29941359218749997 0.64738269375 0.2991047609375 0.657147384375 0.2879338296875 0.6593787390625 0.2772025703125 0.6532009546875 0.267699559375 0.63213449375 0.27160237343750004 0.62955423125 0.28899116406249997 0.6373527859375 0.29941359218749997
2 0.6140325875 0.4100113453125 0.6138145203125001 0.4141723 0.62581764375 0.4239806046875 0.6415856640625 0.4256414484375 0.651877253125 0.42033946875000006 0.650997909375 0.4052728 0.633169446875 0.395159203125 0.6222637343749999 0.3962566125 0.6140325875 0.4100113453125
2 0.671330021875 0.44722773125000004 0.6688806015625001 0.462119946875 0.6743134203125 0.46991496250000003 0.687584865625 0.4714449671875 0.6965609796875001 0.45939823124999996 0.6979165296875001 0.44945554843749996 0.69357758125 0.436711 0.6784672984375 0.438422534375 0.671330021875 0.44722773125000004
2 0.6093329671875 0.547453746875 0.6078029625 0.5607251921875 0.613366621875 0.566023634375 0.6357921734375 0.5680333828124999 0.6418791921875 0.5633455281249999 0.6427514578125 0.5467017046875 0.63635560625 0.54135965 0.6146314078125 0.5418900859375 0.6093329671875 0.547453746875
2 0.6123599765625001 0.569308784375 0.6043032828125 0.579734753125 0.6047429546875 0.5872680875 0.616044725 0.594536203125 0.631812746875 0.5961970484375 0.6386011171875 0.59404938125 0.6430673671875 0.5884421078125001 0.64131221875 0.5741640171875 0.635704946875 0.5696977671875 0.6123599765625001 0.569308784375
2 0.5613357796875 0.380546359375 0.5619027515624999 0.3697278734375 0.5580470875 0.3636844671875 0.5465708640625 0.359745115625 0.5331685765625 0.3607116859375 0.522833375 0.36684585625 0.51740409375 0.374906090625 0.51924646875 0.3875198 0.524766515625 0.39365043125 0.5431183359375 0.3937777328125 0.5586647515625 0.38374428437499997 0.5613357796875 0.380546359375
2 0.47994840937500005 0.34123299687499997 0.4763544265625 0.33019644375 0.46671703750000004 0.32301555312499997 0.44832160312499997 0.32372044375 0.44214735625 0.3300726796875 0.440003228125 0.3391395578125 0.44705681718749996 0.347853990625 0.471015909375 0.3524475421875 0.4787236984375 0.3486791046875 0.47732099687499996 0.3435987296875 0.47994840937500005 0.34123299687499997
2 0.5448876375 0.47147681406249997 0.5416496375000001 0.48549322500000003 0.549975090625 0.5017846078125 0.5615385421875 0.504059575 0.573712578125 0.494683865625 0.574410390625 0.48136880625 0.5632830734375001 0.4707719234375 0.55605503125 0.46538625624999996 0.5448876375 0.47147681406249997
2 0.5461099593750001 0.2570802953125 0.546415253125 0.25125495781249996 0.5390999843750001 0.247533671875 0.5332310328125 0.2480605703125 0.5279325921875 0.2536242296875 0.52732200625 0.26527490781249996 0.530915990625 0.27631146093750003 0.5388889953125 0.283405125 0.5515027046875 0.28156275000000003 0.5528582546874999 0.2716200671875 0.5461099593750001 0.2570802953125
0 0.9862201625000001 0.72825961875 0.9888039624999999 0.7267260765625 0.9902432015624999 0.6992637640625 0.9812635500000001 0.695455253125 0.973730215625 0.6958949234375 0.9658043609375 0.70382431875 0.9640999046875001 0.7204245296875 0.9744822578125 0.729313415625 0.9862201625000001 0.72825961875
0 0.90532669375 0.7432131421875 0.9065985578125 0.750790090625 0.9154473671875 0.757095175 0.93209119375 0.757967440625 0.9441780046874999 0.7502561156249999 0.944744978125 0.7394376281249999 0.9352820421875 0.7289279718749999 0.91430280625 0.7311664062500001 0.90532669375 0.7432131421875
0 0.8874180828125 0.766474421875 0.8875088484375 0.7806652875 0.9001260953125 0.7946781609375 0.9108573546875001 0.7969095171875 0.9214542359375001 0.7857821984375 0.920400440625 0.7740442937500001 0.9067765484375 0.7633165734375 0.89692109375 0.7602966390625 0.8874180828125 0.766474421875
0 0.9065655593749999 0.7991880234375001 0.890623084375 0.8008559453125 0.8810328484375001 0.8086981109375 0.8752546609375 0.823415875 0.8765265234375 0.830992821875 0.8820901843750001 0.8362912640625 0.8921200921875 0.8359824328125001 0.9026733609375001 0.8256873062500001 0.907488515625 0.8134225031250001 0.9088876812500001 0.802647628125 0.9065655593749999 0.7991880234375001
0 0.8321115546875 0.818651409375 0.834524440625 0.8363018796875 0.845869825 0.8427378046875 0.8550675421875 0.8423853593749999 0.8603223703125 0.8376538921875 0.861412703125 0.8168491093749999 0.8518625406250001 0.8080038375 0.83929244375 0.8090140203124999 0.8321115546875 0.818651409375
0 0.8617946062499999 0.7617936453125 0.85342908125 0.762189703125 0.8451543203125 0.7767766265625 0.848486621875 0.792806328125 0.8548824734375 0.7981483828125 0.8649123828124999 0.7978395500000001 0.8719624328125001 0.790698734375 0.8734924359375 0.7774272875 0.8706434171874999 0.76809873125 0.8617946062499999 0.7617936453125
0 0.3926283921875 0.017052073437500002 0.376816759375 0.016223421874999998 0.36880367812500003 0.025817196874999997 0.369813859375 0.0383872921875 0.380283440625 0.045611796875 0.40104460937499997 0.04753431875 0.4090140765625 0.038772735937500004 0.4102387875 0.031326628125 0.4055945453125 0.0244074171875 0.3926283921875 0.017052073437500002
0 0.3993574265625 0 0.397665153125 0.016481562499999998 0.41181594375 0.0330782359375 0.41930566562499993 0.03347075625 0.4262684890625 0.027994323437500003 0.427667653125 0.01721945 0.42017439375 0.0009716828125 0.41769939687499996 0 0.3993574265625 0
0 0.24933473125 0.0921555890625 0.2339156171875 0.08383721562499999 0.2248051265625 0.082525278125 0.21876172187499998 0.0863809421875 0.21644313906249998 0.098776584375 0.2250302703125 0.11007481718750001 0.244566728125 0.11944344843750002 0.251267871875 0.11896016406250001 0.2565227 0.114228696875 0.2579218640625 0.10345382343750001 0.24933473125 0.0921555890625
0 0.2086080515625 0.12089684375000001 0.21136984218750002 0.1318897828125 0.22674534375 0.141040346875 0.23760744374999998 0.1407751296875 0.2455332984375 0.1328457375 0.2461874984375 0.1203628671875 0.22827180937499997 0.11191365312499998 0.2157889390625 0.11125945468750001 0.2086080515625 0.12089684375000001
0 0.1857286734375 0.0479327671875 0.1775411390625 0.0608553078125 0.17745745 0.07837493749999999 0.19305101875 0.083364546875 0.2036042875 0.0730694203125 0.2060100953125 0.059009395312500004 0.20386242812500002 0.052221025 0.194181425 0.045872326562499996 0.1857286734375 0.0479327671875
0 0.061252425 0.050588490625 0.05542708750000001 0.050283196875000005 0.047675685937500004 0.054883825 0.0446121390625 0.065571471875 0.052192625000000006 0.08015485624999999 0.06699761562499999 0.08426866093749999 0.074705403125 0.08050022343749999 0.076980371875 0.0689367734375 0.07259781093749999 0.057024415625000005 0.061252425 0.050588490625
0 0.11305812500000001 0.20851622500000003 0.10053164218749999 0.2086942171875 0.092431334375 0.2199523765625 0.09388118906250001 0.24005580625 0.101897809375 0.24631727812499998 0.1102633359375 0.2459212203125 0.1200280265625 0.2347502875 0.1216016421875 0.22064664843749998 0.11945397499999999 0.2138582796875 0.11305812500000001 0.20851622500000003
0 0.0327410953125 0.451312165625 0.0221442140625 0.46243948437500004 0.018644534375 0.4814490453125 0.026530314062499998 0.49020709062499995 0.0356844171875 0.4906868359375 0.0452310421875 0.48367686093750006 0.048952326562499995 0.47636159375 0.049079628125000004 0.458009771875 0.042727390625 0.4518355265625 0.0327410953125 0.451312165625
0 0.10982251406250002 0.429483046875 0.1160439109375 0.438153865625 0.1276509765625 0.43959664375 0.1378989515625 0.43512685624999997 0.1469186765625 0.422247928125 0.14590849374999998 0.40967783124999996 0.134563109375 0.40324190781249997 0.11384909218749999 0.416342440625 0.10982251406250002 0.429483046875
0 0.057353239062500005 0.6345180109374999 0.04408533125 0.6488432546875 0.0431694515625 0.6663192718750001 0.0511860703125 0.6725807421875001 0.062091784375 0.671483334375 0.0673466125 0.666751865625 0.0731248 0.652034103125 0.07215822968749999 0.6386318140625 0.067339534375 0.6350413703125 0.057353239062500005 0.6345180109374999
0 0.055285720312499995 0.5943547625 0.0404406578125 0.606928396875 0.037159043749999995 0.621777 0.0425918625 0.6295720140625 0.054068087499999994 0.6335113671875 0.068825925 0.6226021140625 0.0707519875 0.61769619375 0.0699598703125 0.600965140625 0.0619432515625 0.59470366875 0.055285720312499995 0.5943547625
0 0.0574263125 0.5694326375000001 0.0580875875 0.5886602640625 0.06772497656250001 0.5958411531250001 0.080251459375 0.5956631625 0.087606803125 0.5826970078125 0.0858516546875 0.568418915625 0.0763014921875 0.5595736437500001 0.0628555921875 0.5613724046875 0.0574263125 0.5694326375000001
0 0.068855384375 0.5583489328125 0.0706942203125 0.55510739375 0.067013009375 0.5457352234374999 0.06061715937499999 0.54039316875 0.05474820625 0.54092006875 0.0399467546875 0.5526615109375 0.035262440625 0.5624297406250001 0.035658498437500005 0.5707952656249999 0.041967121875 0.577801703125 0.051121225000000006 0.57828145 0.054537218750000005 0.57679151875 0.061147596875 0.56211736875 0.068855384375 0.5583489328125
0 0.03437601875 0.5156525750000001 0.031312471875 0.526340221875 0.039550696875 0.5442959843749999 0.045332421875 0.5454334703125 0.0598721953125 0.538685175 0.05995588281250001 0.52116554375 0.0545230625 0.5133705296875 0.044667607812499996 0.5103505968750001 0.03437601875 0.5156525750000001
0 0 0.6443136546875 0.0098782609375 0.6487194921875 0.0165794046875 0.64823620625 0.027045446875 0.6396054624999999 0.028313770312499997 0.6313271625 0.0196830265625 0.6208611203125 0.0074618375 0.6152137734374999 0 0.616212 0 0.6443136546875
0 0.0850053078125 0.5049543125 0.0740559828125 0.5068839140625 0.0677508984375 0.5157327234375 0.0710832 0.5317624249999999 0.07669047343749999 0.5362286734375 0.08667676875 0.536752034375 0.0918443703125 0.5336849484374999 0.09503875625 0.520500728125 0.0921461234375 0.5120043625 0.0850053078125 0.5049543125
0 0.1844203640625 0.662039240625 0.17360187656249998 0.6614722671875 0.16322306250000002 0.6684386296875 0.15591133125 0.6805725921875 0.1542504890625 0.6963406140624999 0.158149765625 0.701551828125 0.171464825 0.7022496406250001 0.1792162265625 0.6976490125 0.188323178125 0.6831057031250001 0.1875310625 0.6663746500000001 0.1844203640625 0.662039240625
0 0.1336307765625 0.7394872578125 0.13389599375 0.750349359375 0.1443219609375 0.758406053125 0.1585564390625 0.7574830968749999 0.17077409062499999 0.747275196875 0.17055248437499998 0.7355809046874999 0.16087148281250002 0.7292322062500001 0.14584842656250002 0.7292793578125 0.1336307765625 0.7394872578125
0 0.1826392953125 0.727869578125 0.18351863906250002 0.7429362484375 0.193156028125 0.7501171375 0.20055852343749997 0.7521740390625 0.21290701250000002 0.739469565625 0.2136048265625 0.7261545046875 0.20488685625 0.7173528453125 0.1957763640625 0.716040909375 0.1826392953125 0.727869578125
0 0.0614411234375 0.69982145 0.0869773734375 0.7061666093750001 0.0921013609375 0.703931715625 0.09437632968750001 0.6923682640625 0.0815846296875 0.68168415625 0.07247413750000001 0.68037221875 0.058635718749999996 0.6896607015625 0.0614411234375 0.69982145
0 0.19501255625 0.8261518375 0.1859892921875 0.8231755171874999 0.173113903125 0.8300110390625 0.1675537828125 0.8405678453125001 0.16703042343750002 0.850554140625 0.1716310515625 0.8583055421875001 0.180610703125 0.8621140531249999 0.1899828734375 0.85843284375 0.1997911765625 0.846429721875 0.199744025 0.8314066656250001 0.19501255625 0.8261518375
0 0.16009705937500002 0.7917773921875 0.148228315625 0.7953277625 0.144114509375 0.8101327515625 0.1487587515625 0.8170519625000001 0.16917101406249999 0.825632015625 0.17582854375 0.825980921875 0.1853315546875 0.8198031374999999 0.18607298125 0.8056558875000001 0.1798079703125 0.797817259375 0.16009705937500002 0.7917773921875
0 0.20029684374999998 0.7571671875 0.1988104515625 0.76960644375 0.20910557968750002 0.7801597109375 0.2272829484375 0.7836157781249999 0.2376617625 0.776649415625 0.23735293125 0.7666195078125 0.23034295624999998 0.7570728828125 0.207259665625 0.7516907546875 0.20029684374999998 0.7571671875
0 0.22501974374999997 0.651649809375 0.2253285765625 0.6616797171875 0.23229493906249998 0.6720585328124999 0.2447341953125 0.6735449250000001 0.253535853125 0.6648269531250001 0.25497862968749996 0.6532198874999999 0.2479686546875 0.643673265625 0.23460998125 0.64380764375 0.22501974374999997 0.651649809375
0 0.199614334375 0.642808075 0.2210332421875 0.6481029781250001 0.2382004265625 0.6389889484375 0.23938152499999998 0.6323750312499999 0.2350425765625 0.6196304828125 0.21423779375000002 0.6185401500000001 0.2048656234375 0.6222213609375 0.199614334375 0.642808075
0 0.1502132953125 0.661915478125 0.1428980265625 0.65819419375 0.13286811874999999 0.658503025 0.124153684375 0.6655566125 0.119556596875 0.673660459375 0.12065400468750001 0.6845661734374999 0.1285834 0.692492028125 0.140321303125 0.69143823125 0.15166315 0.6820189078125 0.15323676718749998 0.6679152687500001 0.1502132953125 0.661915478125
0 0.051720046875 0.710160190625 0.0520724921875 0.7193579078125001 0.0616662671875 0.7273709890625 0.07502494062500001 0.7272366109374999 0.086235946875 0.7203138625000001 0.087678725 0.7087067968749999 0.0836486078125 0.70599215625 0.060565320312500004 0.7006100281250001 0.051720046875 0.710160190625
0 0.14415795 0.646812034375 0.13922967656250002 0.6387363734375 0.13088769218750002 0.6329510265625 0.12001875 0.6282674375 0.10770315156250002 0.627622003125 0.10169972187500001 0.6400615234375 0.1044428765625 0.650550296875 0.120283925 0.6624890484375 0.1409188703125 0.65363603125 0.14415795 0.646812034375
0 0.1553525859375 0.5320064125 0.145980415625 0.535687621875 0.1397625578125 0.5428720515625 0.14002777500000002 0.55373415 0.147212203125 0.5599520078125 0.16714118125 0.5618309203125 0.177563609375 0.554032365625 0.1789191609375 0.5440896828125 0.170244803125 0.534455834375 0.1553525859375 0.5320064125
0 0.129954253125 0.5548751734375 0.12250814531250001 0.5536504609375 0.1207129234375 0.556059809375 0.1165955796875 0.5550095515625 0.1025827078125 0.5676267984375001 0.09702258750000001 0.57818360625 0.1032003703125 0.587686615625 0.118881165625 0.5910118421874999 0.130441078125 0.577431565625 0.13389714375 0.5592541953125 0.129954253125 0.5548751734375
0 0.10398894843749999 0.5885624218750001 0.09859974218749999 0.5799352156250001 0.0981164578125 0.573234071875 0.08458686875 0.5925524640625001 0.0855098265625 0.6067869406249999 0.0935264453125 0.6130484140625 0.10434493125 0.6136153875 0.11292852499999999 0.609058371875 0.11581761875 0.6016994906249999 0.11708594218749999 0.593421190625 0.10398894843749999 0.5885624218750001
0 0.2725642546875 0.5565077078125 0.262229053125 0.562641878125 0.2588166 0.57998705625 0.2623669703125 0.5918558 0.2721352 0.596540115625 0.283215365625 0.592113940625 0.2886010328125 0.5848858984375 0.2891243921875 0.574899603125 0.2800103640625 0.55773241875 0.2725642546875 0.5565077078125
0 0.3268488359375 0.6352900453125 0.321110721875 0.63332036875 0.3059568265625 0.6358640953125 0.296017684375 0.6503637921875 0.29575600468749996 0.6553569390625 0.2996552796875 0.6605681531250001 0.3143730421875 0.666346340625 0.3269431390625 0.6653361578125 0.333248225 0.656487346875 0.3331138453125 0.6431286734375 0.3268488359375 0.6352900453125
0 0.29171173281249996 0.589221309375 0.2811584640625 0.5995164359375 0.27989013906250004 0.6077947359375 0.283440509375 0.6196634796875 0.29469866875 0.6277637875 0.3031514203125 0.6257033468750001 0.30713438437499996 0.6133949296875 0.30721807343749996 0.5958753 0.3000772578125 0.5888252515625 0.29171173281249996 0.589221309375
3 0.4210762078125 0.509215409375 0.4150328015625 0.5130710734374999 0.40750300624999997 0.52936599375 0.408469575 0.5427682796875 0.42055992499999995 0.5509122015625 0.42730468125 0.549596725 0.4410087234375 0.52694956875 0.44223343281250005 0.5195034609375 0.43772003281250005 0.5100876765625 0.4210762078125 0.509215409375
3 0.39682597343750003 0.5738681890625 0.3932319921875 0.5628316359375 0.38679252656249996 0.5583217734375 0.37019231406249997 0.5566173156249999 0.3675212875 0.5598152421875 0.366343728125 0.58228440625 0.369806871875 0.5958175328124999 0.374581953125 0.60024016875 0.382903865625 0.600676303125 0.39231965 0.5961629015625001 0.39520874375 0.58880401875 0.39682597343750003 0.5738681890625
3 0.48833516718750003 0.4359684234375 0.4740134625 0.43855576249999995 0.4663528265625 0.45734725625 0.46977235625 0.4717125734375 0.47537962968749997 0.47617882343750007 0.4862853421875 0.47508141249999997 0.4987210609375 0.46071255625 0.5001638374999999 0.44910549218750007 0.4971839796875 0.442273509375 0.48833516718750003 0.4359684234375
3 0.2792700875 0.3807845078125 0.2811996875 0.391733834375 0.291800109375 0.3964617640625 0.309363353125 0.3957132609375 0.318077784375 0.388659671875 0.3195205609375 0.3770526078125 0.31303748593749997 0.3733749359375 0.2896052890625 0.3746503375 0.2792700875 0.3807845078125
3 0.4897084109375 0.505301978125 0.49391652031250005 0.5205431015624999 0.510563884375 0.537270615625 0.5181844453125 0.5351665624999999 0.5209426984375 0.5303042546875 0.5177848484375 0.5109457875000001 0.5051676015625 0.49693291562499997 0.492815571875 0.49378214218750005 0.4897084109375 0.505301978125
3 0.56023721875 0.560735809375 0.5443348203125 0.5457162906249999 0.5360129062500001 0.5452801578125 0.526509896875 0.5514579421875 0.5251107328125 0.562232815625 0.54451635 0.574098021875 0.54670763125 0.5800542 0.5550295453125 0.5804903328125001 0.561948753125 0.5758460921874999 0.563173465625 0.5683999828124999 0.56023721875 0.560735809375
3 0.42107151875 0.684455325 0.409377228125 0.6846769312500001 0.40145491250000004 0.7084615703125 0.4065388234375 0.722914115625 0.4138104796875 0.7274675921875 0.4254611578125 0.728078178125 0.43251120781249996 0.7209373640625001 0.4334707 0.7026291546875 0.430796134375 0.6899718328125 0.42107151875 0.684455325
3 0.3391183265625 0.4648652859375 0.3371922625 0.46977120625 0.34639351875 0.485274009375 0.36689300937499997 0.49218968125 0.37206060937499996 0.48912259531249996 0.372714809375 0.4766397265625 0.3656612203125 0.46792529375 0.34936630156250004 0.46039549687500003 0.3391183265625 0.4648652859375
3 0.42577582812500003 0.371773009375 0.41832971875 0.37054829843750003 0.40668257968750005 0.385792959375 0.4103201765625 0.39599732187500003 0.41978311250000006 0.4065069765625 0.43647055156250003 0.4065470515625 0.441638153125 0.40347996718749995 0.44378227968750006 0.3944130890625 0.43935610625 0.3833329234375 0.42577582812500003 0.371773009375
3 0.3659558984375 0.4145342125 0.3663083421875 0.42373192968750006 0.376385403125 0.43844615468750003 0.3854086671875 0.441422475 0.3924587171875 0.434281659375 0.394646459375 0.42438259062499994 0.3855324296875 0.4072154046875 0.3687141515625 0.40967190468750003 0.3659558984375 0.4145342125