1 0.2770780859375 0.145 0.29722921874999997 0.11000000000000001 0.29345088124999996 0.065 0.2682619640625 0.04 0.2355163734375 0.0475 0.212846346875 0.08249999999999999 0.21032745625 0.1075 0.21410579375 0.12250000000000001 0.2418136015625 0.15 0.2770780859375 0.145
1 0.366498740625 0.185 0.38790932031250003 0.175 0.3992443328125 0.14250000000000002 0.396725440625 0.10500000000000001 0.3753148609375 0.075 0.340050378125 0.0775 0.32367758125 0.11000000000000001 0.32367758125 0.14750000000000002 0.32871536562500003 0.1675 0.3413098234375 0.1825 0.366498740625 0.185
1 0.33123425625 0.36 0.33879093125000004 0.3525 0.35390428281249997 0.27749999999999997 0.35390428281249997 0.24 0.343828715625 0.205 0.33123425625 0.19 0.317380353125 0.195 0.30100755625 0.22000000000000003 0.2921914359375 0.2525 0.29093199062499997 0.3075 0.29596977343750003 0.3375 0.3110831234375 0.35750000000000004 0.33123425625 0.36
1 0.38790932031250003 0.4625 0.3992443328125 0.4375 0.40554156093750005 0.395 0.40176322343750004 0.3225 0.3866498734375 0.29 0.370277078125 0.28250000000000003 0.355163728125 0.2975 0.34634760781249996 0.3325 0.34256926875000004 0.4 0.35012594531249996 0.445 0.370277078125 0.47000000000000003 0.38790932031250003 0.4625
1 0.434508815625 0.28500000000000003 0.46221662500000005 0.22999999999999998 0.47229219218749996 0.185 0.4710327453125 0.14250000000000002 0.45465995000000003 0.1125 0.430730478125 0.11499999999999999 0.4105793453125 0.15 0.392947103125 0.205 0.38916876562499997 0.24 0.40176322343750004 0.27749999999999997 0.4130982375 0.29 0.434508815625 0.28500000000000003
1 0.25944584375 0.3025 0.26952141093750004 0.2875 0.2770780859375 0.255 0.27581863906250004 0.1875 0.2682619640625 0.17250000000000001 0.25188916875 0.16999999999999998 0.2355163734375 0.1925 0.2267002515625 0.22999999999999998 0.22544080625000001 0.255 0.2342569265625 0.2925 0.24307304843750002 0.305 0.25944584375 0.3025
1 0.25188916875 0.5075000000000001 0.2619647359375 0.48 0.26952141093750004 0.4175 0.27078085625 0.38 0.26574307343750003 0.3525 0.24811083125 0.3325 0.2279596984375 0.33999999999999997 0.212846346875 0.3825 0.21032745625 0.4125 0.21032745625 0.465 0.2153652390625 0.4925 0.2304785890625 0.515 0.25188916875 0.5075000000000001
1 0.298488665625 0.5225 0.3148614609375 0.505 0.33249370312500004 0.4575 0.3375314859375 0.4175 0.3337531484375 0.3725 0.32871536562500003 0.3625 0.2997481109375 0.3525 0.2846347609375 0.3775 0.26952141093750004 0.42750000000000005 0.26700251875 0.475 0.27078085625 0.5025000000000001 0.2846347609375 0.525 0.298488665625 0.5225
1 0.4748110828125 0.495 0.48110831249999997 0.475 0.4823677578125 0.44000000000000006 0.4785894203125 0.4225 0.45843828750000004 0.3875 0.42317380312499997 0.3775 0.4143576828125 0.385 0.40554156093750005 0.41 0.4030226703125 0.45999999999999996 0.41939546562499996 0.495 0.4596977328125 0.5075000000000001 0.4748110828125 0.495
1 0.4836272046875 0.3675 0.4911838796875 0.34249999999999997 0.4911838796875 0.305 0.46977330000000006 0.2725 0.447103275 0.27 0.4181360203125 0.3025 0.4181360203125 0.34500000000000003 0.431989925 0.3725 0.4710327453125 0.38 0.4836272046875 0.3675
0 0.5314861468750001 0.6625 0.552896725 0.635 0.568010075 0.5974999999999999 0.5717884125 0.54 0.568010075 0.5225 0.554156171875 0.5025000000000001 0.5125944578125 0.5125 0.4962216625 0.54 0.4798488671875 0.5925 0.47732997499999996 0.63 0.4886649875 0.6625 0.4974811078125 0.6725 0.5314861468750001 0.6625
0 0.6020151140625 0.6875 0.6246851390625 0.6849999999999999 0.633501259375 0.675 0.6435768265624999 0.635 0.6435768265624999 0.605 0.6385390421875 0.5599999999999999 0.6234256921875 0.515 0.6120906796875001 0.5075000000000001 0.5894206546875 0.5125 0.580604534375 0.5325 0.5743073046875 0.5675 0.573047859375 0.625 0.5780856421875 0.655 0.5869017624999999 0.675 0.6020151140625 0.6875
0 0.7241813609375 0.62 0.7355163734375 0.58 0.7304785890625001 0.5325 0.7078085640625 0.4925 0.667506296875 0.475 0.6460957171875 0.5125 0.6460957171875 0.5625 0.6738035265625 0.625 0.7090680093749999 0.64 0.7241813609375 0.62
0 0.6889168765625 0.805 0.7078085640625 0.7925 0.7178841312500001 0.775 0.7229219140625001 0.7175 0.7078085640625 0.6599999999999999 0.671284634375 0.6275000000000001 0.6511335015624999 0.635 0.6385390421875 0.6599999999999999 0.6423173796875 0.73 0.6574307312500001 0.78 0.671284634375 0.8 0.6889168765625 0.805
0 0.5163727953125 0.805 0.5491183875 0.7975 0.5642317375 0.78 0.576826196875 0.7474999999999999 0.57556675 0.6875 0.5591939546875 0.665 0.5113350125 0.675 0.4836272046875 0.705 0.4798488671875 0.7375 0.48488665 0.7725 0.4974811078125 0.795 0.5163727953125 0.805
0 0.6423173796875 0.9275 0.663727959375 0.9225 0.6813602015625 0.8775000000000001 0.68387909375 0.8525 0.68010075625 0.825 0.6649874062500001 0.7975 0.6435768265624999 0.7775000000000001 0.6083123421875001 0.765 0.6007556671875001 0.77 0.5869017624999999 0.805 0.5856423171875 0.8400000000000001 0.5919395468750001 0.8675 0.625944584375 0.9199999999999999 0.6423173796875 0.9275
0 0.5667506296875 0.9650000000000001 0.5856423171875 0.9375 0.5906800999999999 0.9099999999999999 0.5894206546875 0.8800000000000001 0.5743073046875 0.8375 0.5566750625 0.8150000000000001 0.51511335 0.8125 0.5037783375 0.8474999999999999 0.5025188921875 0.8975 0.507556675 0.9175000000000001 0.5239294703125 0.945 0.5667506296875 0.9650000000000001
0 0.74055415625 0.9099999999999999 0.76700251875 0.8550000000000001 0.7783375312499999 0.7675 0.7770780859374999 0.75 0.7619647359374999 0.72 0.7418136015625 0.72 0.7304785890625001 0.74 0.7078085640625 0.8099999999999999 0.7078085640625 0.8574999999999999 0.7128463468749999 0.885 0.7279596984375 0.9075 0.74055415625 0.9099999999999999
0 0.7607052890625 0.7125 0.7808564234375 0.6849999999999999 0.79345088125 0.6525000000000001 0.802267003125 0.6125 0.802267003125 0.5825 0.7959697734375 0.5625 0.7795969765625 0.5475 0.7682619640625 0.5475 0.7380352640625001 0.5875 0.72544080625 0.6275000000000001 0.7241813609375 0.6675 0.72921914375 0.6849999999999999 0.74433249375 0.71 0.7607052890625 0.7125
0 0.69143576875 0.9475 0.678841309375 0.9275 0.6574307312500001 0.9349999999999999 0.6120906796875001 0.9199999999999999 0.599496221875 0.945 0.5982367765625 0.9724999999999999 0.6045340046875001 0.9974999999999999 0.697732996875 0.9949999999999999 0.69143576875 0.9475
3 0.24307304843750002 0.705 0.2531486140625 0.7125 0.2770780859375 0.7075 0.302267003125 0.6625 0.30478589375 0.6325000000000001 0.294710328125 0.5925 0.2682619640625 0.5349999999999999 0.2506297234375 0.52 0.2317380359375 0.5225 0.212846346875 0.5549999999999999 0.209068009375 0.5725 0.21158690156249998 0.6275000000000001 0.22544080625000001 0.6775 0.24307304843750002 0.705
3 0.2544080609375 0.8800000000000001 0.2619647359375 0.8699999999999999 0.2732997484375 0.8300000000000001 0.27581863906250004 0.7925 0.2682619640625 0.7224999999999999 0.24811083125 0.7125 0.22040302343749998 0.6825 0.209068009375 0.705 0.201511334375 0.745 0.201511334375 0.8225 0.21158690156249998 0.865 0.2241813609375 0.8825 0.2544080609375 0.8800000000000001
3 0.26322418125 0.8925000000000001 0.24811083125 0.8825 0.2317380359375 0.8875 0.20277078125 0.9349999999999999 0.18765743125 0.985 0.18765743125 0.9974999999999999 0.2682619640625 0.9974999999999999 0.27959697656250004 0.9425000000000001 0.26322418125 0.8925000000000001
3 0.34256926875000004 0.8099999999999999 0.366498740625 0.79 0.3904282109375 0.75 0.3992443328125 0.72 0.3992443328125 0.6975 0.39168765781250003 0.6675 0.3790931984375 0.6475 0.36020151093749997 0.64 0.313602015625 0.6599999999999999 0.29596977343750003 0.6799999999999999 0.2846347609375 0.705 0.2846347609375 0.7575000000000001 0.2997481109375 0.7975 0.31612090625 0.8125 0.34256926875000004 0.8099999999999999
3 0.3337531484375 0.6425 0.35264483593749996 0.635 0.385390428125 0.6375 0.396725440625 0.615 0.40176322343750004 0.5349999999999999 0.3841309828125 0.5075000000000001 0.33249370312500004 0.49749999999999994 0.30856423125 0.515 0.298488665625 0.5349999999999999 0.29722921874999997 0.5900000000000001 0.302267003125 0.6125 0.313602015625 0.63 0.3337531484375 0.6425
3 0.442065490625 0.7224999999999999 0.4559193953125 0.7125 0.47355163749999996 0.6375 0.47355163749999996 0.545 0.45843828750000004 0.5125 0.4357682625 0.505 0.4181360203125 0.5175 0.4030226703125 0.5599999999999999 0.3992443328125 0.6625 0.40806045312499994 0.7 0.42443325 0.72 0.442065490625 0.7224999999999999
3 0.385390428125 0.9574999999999999 0.39798488593750003 0.9175000000000001 0.40428211562499994 0.8775000000000001 0.40428211562499994 0.8675 0.3828715359375 0.825 0.3614609578125 0.8125 0.313602015625 0.8225 0.30100755625 0.835 0.28967254375 0.86 0.28589420625 0.9225 0.30100755625 0.9550000000000001 0.35012594531249996 0.975 0.385390428125 0.9574999999999999
3 0.45088161250000003 0.8875 0.4672544078125 0.8875 0.492443325 0.8375 0.492443325 0.7925 0.47607052968749997 0.76 0.442065490625 0.7275 0.40806045312499994 0.7325 0.39546599531250004 0.745 0.385390428125 0.77 0.3841309828125 0.8099999999999999 0.38916876562499997 0.8324999999999999 0.4105793453125 0.865 0.45088161250000003 0.8875
3 0.4874055421875 0.9175000000000001 0.46977330000000006 0.8975 0.4395466 0.8925000000000001 0.4143576828125 0.9199999999999999 0.396725440625 0.9625 0.39546599531250004 0.9974999999999999 0.47607052968749997 0.9974999999999999 0.4874055421875 0.9550000000000001 0.4874055421875 0.9175000000000001
3 0.5277078078125 0.505 0.557934509375 0.48 0.5642317375 0.45 0.561712846875 0.3675 0.557934509375 0.34500000000000003 0.5428211593750001 0.315 0.5125944578125 0.3125 0.5 0.32999999999999996 0.4911838796875 0.365 0.4937027703125 0.4525 0.5037783375 0.4875 0.5138539046874999 0.5025000000000001 0.5277078078125 0.505
3 0.6435768265624999 0.49749999999999994 0.659949621875 0.48 0.6662468515625 0.4625 0.6624685140625 0.4025 0.6397984890624999 0.37 0.622166246875 0.3675 0.6045340046875001 0.3775 0.576826196875 0.3725 0.569269521875 0.39249999999999996 0.565491184375 0.4225 0.573047859375 0.4575 0.5957178843750001 0.4875 0.6435768265624999 0.49749999999999994
3 0.7178841312500001 0.4575 0.7392947109375 0.45499999999999996 0.7493702765625 0.45 0.76322418125 0.4225 0.7644836265625 0.3625 0.7455919390625 0.3225 0.69899244375 0.31 0.68010075625 0.3225 0.667506296875 0.34500000000000003 0.6662468515625 0.39 0.6700251890625 0.41500000000000004 0.690176321875 0.44749999999999995 0.7178841312500001 0.4575
3 0.6196473546875 0.365 0.6360201515624999 0.3175 0.6360201515624999 0.2925 0.629722921875 0.27 0.5982367765625 0.2375 0.5780856421875 0.2325 0.561712846875 0.24 0.5440806046875 0.2725 0.5440806046875 0.3125 0.5604534 0.34500000000000003 0.5856423171875 0.37 0.6196473546875 0.365
3 0.5289672546874999 0.255 0.5403022671875 0.2325 0.546599496875 0.19 0.546599496875 0.10500000000000001 0.5403022671875 0.08249999999999999 0.5239294703125 0.05500000000000001 0.507556675 0.05500000000000001 0.4823677578125 0.06999999999999999 0.47355163749999996 0.1 0.47355163749999996 0.195 0.4798488671875 0.22999999999999998 0.4987405546875 0.2575 0.5289672546874999 0.255
3 0.671284634375 0.22999999999999998 0.67632241875 0.195 0.675062971875 0.15 0.659949621875 0.11499999999999999 0.6397984890624999 0.11000000000000001 0.6284634765625 0.125 0.607052896875 0.1875 0.6057934515625 0.24 0.641057934375 0.27999999999999997 0.6536523921875 0.26749999999999996 0.671284634375 0.22999999999999998
3 0.7229219140625001 0.29500000000000004 0.75188916875 0.2325 0.75566750625 0.20750000000000002 0.7544080609375 0.17250000000000001 0.7506297234375 0.155 0.7380352640625001 0.13999999999999999 0.7078085640625 0.13999999999999999 0.6889168765625 0.16999999999999998 0.6775818640625 0.21749999999999997 0.6775818640625 0.24500000000000002 0.690176321875 0.28250000000000003 0.7002518890625 0.29500000000000004 0.7229219140625001 0.29500000000000004
3 0.599496221875 0.19 0.614609571875 0.1625 0.6234256921875 0.13 0.6272040296875 0.05500000000000001 0.6133501265625 0.027500000000000004 0.5919395468750001 0.025 0.5793450875 0.04 0.5604534 0.09 0.5554156171875 0.11499999999999999 0.557934509375 0.16 0.576826196875 0.1925 0.599496221875 0.19
3 0.6272040296875 0 0.629722921875 0.04 0.6435768265624999 0.0925 0.6561712843749999 0.10500000000000001 0.6813602015625 0.095 0.690176321875 0.045 0.68765743125 0 0.6272040296875 0
3 0.7468513859375 0.0925 0.7531486140625 0.09 0.7607052890625 0.065 0.7607052890625 0 0.7002518890625 0.005 0.7115869015625 0.06 0.7229219140625001 0.0875 0.7468513859375 0.0925