1 0.47542886093750003 0.3597993515625 0.46451030156249995 0.341238409375 0.4417303828125 0.3340483234375 0.433041971875 0.3445860921875 0.431840646875 0.367508725 0.4398970125 0.39291528124999997 0.4445767703125 0.3991567796875 0.45237724687499997 0.4055618265625 0.46179162968750004 0.4050558390625 0.46964697187500004 0.39847190625 0.47542359218749997 0.383784040625 0.47542886093750003 0.3597993515625
1 0.21311845625 0 0.2113358828125 0.0011749328125 0.2018666328125 0.0146699 0.1987955125 0.025502059375000004 0.1983254296875 0.0344717859375 0.20144351249999998 0.046627681250000004 0.20716263281249997 0.05692114375 0.214391196875 0.06229684375 0.23015147656249998 0.0601246859375 0.2362910828125 0.050452712499999997 0.24024750468749997 0.03467008125 0.24144619375 0.0237397921875 0.23905671874999998 0.009623334375 0.23448142187499998 0.001388565625 0.2326142546875 0 0.21311845625 0
1 0.19451253125 0.107226234375 0.195243771875 0.09327332499999999 0.19264536875 0.0831434125 0.17600505625 0.0662813546875 0.1529117484375 0.0650710859375 0.14078923125 0.08142512187499999 0.140214684375 0.0923881203125 0.1427086234375 0.10451130625 0.153211965625 0.11905299375 0.16179327968749999 0.122500840625 0.1837427625 0.1216524171875 0.1882684609375 0.118891478125 0.19451253125 0.107226234375
1 0.17273650000000002 0 0.162702290625 0.0096192640625 0.1600463875 0.024470678125 0.1604589703125 0.040482278125 0.163057371875 0.050612190625 0.170648921875 0.0610037828125 0.1894776890625 0.059991809375 0.2000907625 0.048555534375 0.198014675 0.028459259375 0.20285639687499998 0.00772615625 0.1989783734375 0 0.17273650000000002 0
1 0.1021520140625 0.2812736984375 0.10335070312500001 0.270343409375 0.10085676406249999 0.2582202234375 0.0938371265625 0.248857978125 0.08333114999999999 0.24630863593750002 0.073135928125 0.24977182031249998 0.0612223375 0.2621393140625 0.0554457171875 0.276827178125 0.0539336375 0.2937372828125 0.059339368749999996 0.3100105640625 0.071717775 0.3126580359375 0.09377435625 0.29782399531250003 0.1021520140625 0.2812736984375
1 0.289313840625 0.423999121875 0.2959208953125 0.41734976875 0.300344765625 0.40458975625000004 0.3012327015625 0.38764693906250003 0.2928603125 0.380212546875 0.2878698 0.367958521875 0.2907868609375 0.3481239265625 0.27716016718750003 0.345411034375 0.26529880625 0.35678188906249997 0.259156565625 0.378446209375 0.25920616406249997 0.3894419171875 0.262635 0.40761034062499996 0.26887380156249996 0.419929784375 0.27917084999999997 0.42646567187500006 0.289313840625 0.423999121875
1 0.4432709828125 0.424072684375 0.44124449375 0.41497211875 0.430273703125 0.3974078125 0.4147223484375 0.395593428125 0.4064517890625 0.39815810625000003 0.393133215625 0.41345008749999995 0.39406547812500003 0.4314876703125 0.40649348124999996 0.44513084999999997 0.423031965625 0.45199383906249996 0.43182220625 0.451455140625 0.44129145625 0.4379601734375 0.4432709828125 0.424072684375
1 0.384345609375 0.4019964390625 0.3936059328125 0.392488015625 0.3954836328125 0.36860145625 0.39049311875 0.3563474296875 0.3883648 0.3372477921875 0.368914525 0.326234709375 0.3626208578125 0.32690424687499997 0.35611563125 0.34355267343749996 0.3514854703125 0.348306884375 0.3510127515625 0.36926895625 0.3551701953125 0.3854768171875 0.361513459375 0.3958029890625 0.37363070781249996 0.40343364218750005 0.384345609375 0.4019964390625
1 0.49787695000000004 0.4569156703125 0.5020396625 0.449138840625 0.502146759375 0.4351532234375 0.4983523015625 0.42396125468749996 0.48946023437499997 0.41450087812499997 0.4746374859375 0.4107259296875 0.4634525 0.421132859375 0.46110998593749997 0.43000445625 0.46204225 0.44804203749999993 0.46952933750000003 0.460426903125 0.47738204375000004 0.46583531562499997 0.486744196875 0.46632596406250004 0.49787695000000004 0.4569156703125
1 0.3555959515625 0.34152669062499996 0.359970225 0.3177709703125 0.3576852109375 0.301661240625 0.3520705546875 0.2893745046875 0.3450509171875 0.28001225937499996 0.33709374531249997 0.27659712187499996 0.32616991875 0.28202086875 0.3216938171875 0.2957775171875 0.3219523390625 0.30278668125 0.33260974062500004 0.32633080312499996 0.3435283 0.3448917453125 0.35096578906250003 0.346280903125 0.3555959515625 0.34152669062499996
1 0.3875053859375 0.461125078125 0.387664715625 0.4461428234375 0.378929340625 0.43369254062499996 0.37705954531249997 0.42160206406249995 0.37352361093750003 0.417419259375 0.36431815312500004 0.4139387015625 0.3508951171875 0.4312239546875 0.3494326359375 0.4591297703125 0.35899844375 0.47961856562499994 0.3669556140625 0.483033703125 0.37392565625 0.48140024062500003 0.383133746875 0.47288845312500005 0.3875053859375 0.461125078125
1 0.2415133171875 0.42848961875 0.230179540625 0.405909421875 0.21182085781249999 0.39795166875 0.20339360312500002 0.40350625625000003 0.20073770156249998 0.41835766874999997 0.2057778109375 0.441607403125 0.21482393906250002 0.46007021562499995 0.21835987499999998 0.46425302031250004 0.22834617031249999 0.4647763796875 0.2368256546875 0.45822515625 0.2409883671875 0.4504483265625 0.2415133171875 0.42848961875
1 0.6240425843749999 0.533483884375 0.6275289234375 0.5266709796875 0.6262310390625 0.5156098515624999 0.621707975 0.5063784453125 0.610943475 0.4968199390625 0.586860403125 0.5025534140625 0.5760906359375 0.5169795984375 0.573071746875 0.526815121875 0.5759809046875 0.5429575609375 0.5799842875000001 0.5501629859375 0.586693171875 0.553512703125 0.6050544890625 0.5494781109375 0.6240425843749999 0.533483884375
1 0.710352153125 0.439069190625 0.71186423125 0.42215908437499994 0.710305190625 0.41608113593749996 0.70572989375 0.4078463671875 0.6985013296875 0.402470665625 0.673950809375 0.4051815203125 0.662815421875 0.42658415937500005 0.664371828125 0.4446544515625 0.6688948921875 0.45388585781249996 0.6743554890625 0.45717015625 0.684341784375 0.45769351562500005 0.6964616671875 0.4533318234375 0.710352153125 0.439069190625
1 0.42816336718750003 0.533212025 0.4226009421875 0.519928653125 0.39623285625000004 0.5095523984375 0.38629615781250004 0.520024746875 0.3833295015625 0.5288636328125 0.3821830421875 0.5387972875 0.3865494125 0.551018603125 0.39908187812499996 0.5626685109375 0.41031646093749996 0.563257290625 0.4225408078125 0.556902325 0.42795180625 0.5491909140625 0.42816336718750003 0.533212025
1 0.0972817703125 0.1950723296875 0.088755321875 0.1786355 0.07487010625 0.16891344531250002 0.066027634375 0.17044877812499998 0.060668865625 0.17716355156250002 0.057958096875 0.205003946875 0.061023948437499996 0.218156478125 0.0679391234375 0.2295119953125 0.08161804843750001 0.23122825156250001 0.090097534375 0.22467702812499998 0.096341603125 0.21301178125 0.0972817703125 0.1950723296875
1 0.16120029062500002 0.21741025625 0.15340245 0.19901286406250002 0.1456019734375 0.1926078171875 0.138164484375 0.1912186609375 0.1283322484375 0.1996977375 0.12692199843750002 0.226606915625 0.1339390015625 0.2479615078125 0.140543421875 0.2533044984375 0.14928143124999999 0.2537624375 0.157084540625 0.24817514062499998 0.1607275734375 0.238372328125 0.16120029062500002 0.21741025625
1 0.15989186875 0.25431850625 0.15681811406249999 0.2771430109375 0.1616519328125 0.292386946875 0.168828265625 0.29875928281249997 0.1744977890625 0.2980570359375 0.177101459375 0.284202259375 0.19016414375 0.24990876874999998 0.1745631921875 0.23709867343750002 0.15989186875 0.25431850625
1 0.347012003125 0.3500711875 0.3371328046875 0.33556220937500003 0.3334401765625 0.33436931406250003 0.318664390625 0.3535824203125 0.3076830625 0.3839874953125 0.317353334375 0.4024830171875 0.3247385921875 0.404868809375 0.3370151703125 0.397517209375 0.3479938640625 0.37910447812500003 0.3493492484375 0.3651842828125 0.347012003125 0.3500711875
1 0.47861979374999997 0.5138701140624999 0.48221059374999997 0.5050639375 0.4832003578125 0.49812019375 0.478471003125 0.48088298749999997 0.4606895 0.449969890625 0.45283679218749995 0.44456148124999995 0.44435730625 0.451112703125 0.44133841875 0.4609482265625 0.44190769531249996 0.47396991875000005 0.445493228125 0.48914843281250003 0.45459158750000006 0.5066146078125 0.4642122625 0.514114421875 0.4740940953125 0.516631053125 0.47861979374999997 0.5138701140624999
1 0.43543671718750004 0.33471785781249996 0.4246199875 0.3261559890625 0.41582974687499996 0.3266946859375 0.41042138125000005 0.32241375156249996 0.395906753125 0.33664367500000003 0.3922637203125 0.3464464890625 0.3917936375 0.3554162140625 0.3962644703125 0.36564425625 0.4004767796875 0.3688631359375 0.40796650156250003 0.3692556546875 0.43038606875 0.35943750625000004 0.43543671718750004 0.33471785781249996
1 0.7318658015625 0.29129000625 0.73030939375 0.2732197125 0.7207435859375 0.25273091875000003 0.710342071875 0.24818830468750003 0.6986896375 0.255572615625 0.6984179421875 0.3085251765625 0.70330399375 0.322772475 0.7068921593749999 0.3259586421875 0.7214041531250001 0.3237210640625 0.724681565625 0.32089470468750003 0.7297818109375 0.307170765625 0.7318658015625 0.29129000625
1 0.6448122781250001 0.2207690671875 0.640707065625 0.20356457031250003 0.6372233625 0.1983851296875 0.61787228125 0.209363465625 0.61168044375 0.220032075 0.602004903125 0.22552124375 0.6014303562500001 0.23648424218750003 0.60621194375 0.2527248125 0.6120355265625 0.2610250015625 0.6282110249999999 0.262872096875 0.6396049359375 0.248478621875 0.6448122781250001 0.2207690671875
1 0.6588906140625 0.2984586484375 0.6645627703125 0.28576405625 0.66612708125 0.2678573140625 0.6618651734375 0.253642728125 0.64766656875 0.2499004890625 0.6389755234375001 0.272430603125 0.6255524875 0.28971585625 0.6198307328125 0.29141473906250004 0.6164488578125 0.2962343703125 0.61613546875 0.3022141875 0.6222698062500001 0.31652690625 0.6384975359375 0.31737736562499996 0.6455720406250001 0.313750628125 0.6588906140625 0.2984586484375
1 0.83997296875 0.4138823734375 0.8448642890625001 0.40414498125 0.8463241359375001 0.38823151093749997 0.8441409515625 0.3821208546875 0.8354055765625 0.36967056875000004 0.8222489671875 0.3579879515625 0.8079459 0.356238984375 0.8002472515625 0.359833009375 0.79244150625 0.377412653125 0.7918669609375 0.388375653125 0.7959721734375 0.4055801484375 0.8090765515625 0.418259403125 0.831545715625 0.4194369625 0.83997296875 0.4138823734375
1 0.77811209375 0.4955871375 0.780715765625 0.48173236093750005 0.772296415625 0.4513099140625 0.7618426703125001 0.447763934375 0.7530028343749999 0.43730692343750005 0.7486338296875 0.43707795312500003 0.742026775 0.4437273078125 0.7361979234375 0.45941180781249996 0.7362475203125001 0.4704075171875 0.7508534390625 0.5141460453125 0.759486984375 0.5165972578125 0.77035858125 0.5121701453124999 0.77811209375 0.4955871375
1 0.7942042046875 0.403488746875 0.7891640953125 0.38023901250000003 0.7782429015625 0.37367041562500003 0.7687240562500001 0.3761696734375 0.761440625 0.3837829546875 0.7512401359374999 0.41123082968749997 0.7537836718750001 0.43434972343749995 0.760126934375 0.44467589687500003 0.7674077296874999 0.44905496093749997 0.7807759 0.4447586890625 0.7934207328125 0.41843828906249997 0.7942042046875 0.403488746875
1 0.7480149546875 0.41306055312499995 0.7547813390625 0.3914289453125 0.755823334375 0.383488565625 0.752290034375 0.36731341562500003 0.7403294796875 0.35669285156249997 0.7328919890625001 0.35530369687499996 0.727689915625 0.3590285625 0.720145328125 0.3716250234375 0.7146794625 0.392325415625 0.713843759375 0.408271596875 0.7171185359375001 0.4174375828125 0.7237229578125 0.4227805734375 0.7375585765625 0.42150692031250003 0.7480149546875 0.41306055312499995
1 0.7343254921875 0.459313678125 0.7493650703125 0.4231250453125 0.7467666687500001 0.412995134375 0.7388068624999999 0.42157234062500004 0.7212263828125 0.42264973437500003 0.7198214015625 0.425574221875 0.7156038234375 0.446340034375 0.7168990734375 0.46939350781250005 0.7240231734375 0.47676248125000004 0.729640465625 0.477056871875 0.7336987140625 0.4712733125 0.7343254921875 0.459313678125
1 0.6879562953125 0.3409562328125 0.6727679265625001 0.3441577390625 0.6666779171874999 0.364825421875 0.6658944453125 0.3797749640625 0.6716631609375 0.40106413593749995 0.6835218875 0.401685625 0.6961640859375 0.38735757187500003 0.6981488812500001 0.34948539375 0.6940932671875 0.34327660625 0.6879562953125 0.3409562328125
1 0.64237538125 0.422514821875 0.620945578125 0.42538922812499996 0.6073136156250001 0.44666102499999993 0.6068435328125 0.4556307515625 0.6163075124999999 0.466120475 0.65489994375 0.47014176562500004 0.66301644375 0.45857465 0.6646825828125 0.4506669796875 0.658861634375 0.43037444531249996 0.64237538125 0.422514821875
1 0.660297771875 0.52239208125 0.6614964609375 0.5114617921875 0.659678896875 0.4983746796875 0.645900778125 0.4746670078125 0.6274376328125 0.46870252656250005 0.620258665625 0.474322534375 0.614116425 0.4959868515625 0.6257635890625 0.51258723125 0.629505815625 0.5247758375 0.639802865625 0.5313117234375 0.6516615921875 0.5319332125 0.656811434375 0.529204984375 0.660297771875 0.52239208125
1 0.5726538953125 0.5347882109375 0.5724998359375 0.5257857734375 0.581815025 0.50328836875 0.5753672984375 0.4949554703125 0.57167466875 0.49376257343749996 0.557003346875 0.51098240625 0.54472676875 0.5183340078125 0.5423816203125 0.5391979499999999 0.54887894375 0.5585265578125 0.5623489421875 0.564229359375 0.5780073953125 0.552058128125 0.5726538953125 0.5347882109375
1 0.5044317734375 0.451262953125 0.49116543124999995 0.465558296875 0.47920224375 0.46693007968750005 0.47576813749999997 0.47274634843749996 0.484968325 0.500211596875 0.4933407140625 0.5076459890625 0.5039511515624999 0.5082020593750001 0.5148227484375 0.5037749484375 0.5216387296875 0.49313905 0.5210720859375 0.4681250125 0.5044317734375 0.451262953125
1 0.43254027500000003 0.497463959375 0.44169613593749996 0.48994880781249994 0.44320557968749996 0.485031046875 0.4396200484375 0.469852534375 0.44056021406249996 0.45191308125 0.4388967109375 0.44782840625000003 0.4298453125 0.453350284375 0.41361758281250005 0.452499825 0.4098700875 0.4642959109375 0.409191078125 0.47725218125 0.4130377671875 0.4874475140625 0.4183416703125 0.49372172187499996 0.4275471265625 0.49720227968749997 0.43254027500000003 0.497463959375
1 0.3882519765625 0.6140683671875 0.3904926609375 0.595197696875 0.38830947656250003 0.5890870406250001 0.374058640625 0.5863414390624999 0.3633986046875 0.574789659375 0.35819653125 0.578514525 0.3558540171875 0.5873861218750001 0.355120140625 0.6133313734375 0.359277584375 0.6295392343749999 0.3690027234375 0.635045775 0.3759727640625 0.6334123125 0.38122706875 0.6286908109375 0.3882519765625 0.6140683671875
1 0.4137711859375 0.700352528125 0.4049260796875 0.71388020625 0.40408774062499997 0.7418187296875 0.4145910828125 0.7563604171875 0.423224628125 0.7588116296875 0.43284793749999995 0.7543190984375 0.44242165 0.73883085625 0.44310329375 0.713882240625 0.4296881609375 0.6951904578125 0.4137711859375 0.700352528125
1 0.7438728609374999 0.5637488875 0.76145070625 0.574663840625 0.769930190625 0.568112615625 0.7762264921875001 0.555450734375 0.7777934359375 0.525551646875 0.7723354734375001 0.5102750031250001 0.759539215625 0.5156006203125 0.7521017265625 0.5142114656250001 0.7474219671875 0.5079699671875 0.7426926109374999 0.4907327625 0.7389999828125 0.489539865625 0.7362944828125 0.49339557031250003 0.7347850375 0.49831333125 0.7370178203125 0.5154196984375 0.734100759375 0.53525429375 0.7438728609374999 0.5637488875
1 0.7130677328125 0.6260943703125 0.7128640749999999 0.6060962265625001 0.7088606921875 0.5988908015625001 0.7051680625000001 0.5976979046875 0.6980413265625 0.6023212765625 0.6836860265625 0.6015689484375 0.67421414375 0.6270562609375 0.6758750140625 0.64313328125 0.6793587171875 0.648312721875 0.68611983125 0.6506658046875 0.6981352515625 0.6482973859375 0.71082968125 0.6329726953125 0.7130677328125 0.6260943703125
1 0.7327137625 0.6930826328124999 0.7167994203125 0.68625235625 0.710973203125 0.6899445109375 0.705405509375 0.7006458296875 0.7052461812499999 0.715628084375 0.7195439796875001 0.741361740625 0.7318701546875 0.7450058484375 0.7401929453125 0.7414445328125 0.7463325515625 0.7317725609375 0.7456092140624999 0.70974843125 0.7327137625 0.6930826328124999
1 0.3584366125 0.669470103125 0.34887080312499996 0.648981309375 0.33337167968750003 0.6461702875 0.3176087640625 0.6603347921875 0.3112080015625 0.674989946875 0.30974815312500004 0.6909034171874999 0.3107875140625 0.69495538125 0.3162481109375 0.6982396796875 0.33960257656250004 0.69446676875 0.3506308671875 0.687049746875 0.3576035421875 0.6734239390625001 0.3584366125 0.669470103125
1 0.1872725140625 0.6275204453125001 0.192477221875 0.6118032343750001 0.1934669859375 0.604859490625 0.18353819062500001 0.5793548046875 0.1818224546875 0.5762667671874999 0.1743327328125 0.575874246875 0.1679868359375 0.5775404203125001 0.1613797796875 0.5841897734375 0.1541981796875 0.6018021265625 0.1528427953125 0.6157223234375 0.156741715625 0.6249210203125 0.1668820703125 0.6344468156249999 0.1793127078125 0.6360976515625001 0.1872725140625 0.6275204453125001
1 0.23914709374999998 0.545292321875 0.2257266921875 0.550585228125 0.21459657187499998 0.5480031765625 0.20788505468750001 0.556645803125 0.20777795625 0.570631421875 0.21328814999999998 0.5849114281250001 0.229669940625 0.5947643234375 0.24464938281249998 0.5955493625 0.2492795453125 0.590795153125 0.25152023125 0.5719244828125001 0.23914709374999998 0.545292321875
1 0.3014100140625 0.5275685359375 0.286592534375 0.49980889843750004 0.276501775 0.5012788109375 0.2706233265625 0.505967603125 0.2669802953125 0.515770415625 0.265311521875 0.53567043125 0.2664004796875 0.5507181046875 0.2697274890625 0.5588874546875 0.290324221875 0.5599668828125 0.2961504390625 0.556274728125 0.301718134375 0.545573409375 0.3014100140625 0.5275685359375
1 0.334285959375 0.5093040203125 0.326064996875 0.5228644078125 0.3261668265625 0.5328634796875 0.3317292515625 0.546146853125 0.3455622359375 0.5568655437500001 0.36043721562500003 0.5596438546875 0.3740143125 0.5513610390625 0.373549496875 0.536346075 0.3429717375 0.5107585968749999 0.334285959375 0.5093040203125
1 0.61351335625 0.40001538124999997 0.61554248125 0.397123603125 0.616691575 0.37519760468749996 0.6041095109375 0.3525519875 0.592718234375 0.3549531171875 0.5759708234375001 0.352076675 0.56587743125 0.3655389328125 0.5648850328125 0.384475021875 0.5703952265625001 0.3987550296875 0.5758035921875 0.4030359640625 0.5842804421875 0.40847708593750004 0.5967633125 0.4091312859375 0.61351335625 0.40001538124999997
1 0.55369214375 0.4308589875 0.5342366000000001 0.4438305953125 0.5237775859375 0.46426930625 0.5224222015625 0.47818950468750004 0.5245009234375 0.4862934359375 0.5339153078125001 0.48578744843750005 0.572306715625 0.45781824843749996 0.5728290312500001 0.44785188593749997 0.567214375 0.43556515156250003 0.55369214375 0.4308589875
1 0.5662193421875 0.46649358437500005 0.53708825625 0.4849543625 0.5250728359375 0.48732278124999995 0.5217927890625 0.5021414859375 0.5256917109375 0.5113401828125 0.5305281640625 0.5145917703125 0.5442593203125 0.5153113890625 0.558408328125 0.50805791875 0.5691258640625 0.4946283703125 0.5709513312500001 0.471738446875 0.5662193421875 0.46649358437500005
1 0.54264014375 0.5462071125 0.5422301953125 0.51820316875 0.5266788390625 0.5163887828125 0.521424534375 0.521110284375 0.5134620953125 0.5416798359375 0.5139791406249999 0.5556981640624999 0.5172016875 0.5658607859375 0.531867740625 0.5726256421875 0.5466931234375 0.5644082453125 0.5488267125 0.5595231953125 0.54264014375 0.5462071125
1 0.46961799375 0.5303877015625 0.43731922812499996 0.5256968734374999 0.431075159375 0.5373621203125001 0.43164443593749996 0.5503838109375 0.43445176406249997 0.556527178125 0.4434482953125 0.5639942812500001 0.46336865468750005 0.5660376375 0.470495390625 0.5614142656250001 0.474605871875 0.554634071875 0.47601348750000005 0.5397172375 0.46961799375 0.5303877015625
1 0.469163259375 0.7062536234375 0.468492153125 0.683232859375 0.4628252640625 0.6719427609374999 0.4511754640625 0.6673347265625 0.44113693749999994 0.667808003125 0.43504956406249995 0.6764833390625 0.42677900312499994 0.67904801875 0.426465615625 0.6850278359375 0.4298448546875 0.69220055 0.44986440781250003 0.7162353234375 0.460370384375 0.718784665625 0.46624883281249996 0.7140958734375 0.469163259375 0.7062536234375
1 0.929533146875 0.6754150390625 0.9229287265625 0.6700720484375 0.9062309125000001 0.6781913140625 0.9014440562500001 0.6859354359375 0.8998797453125 0.703842178125 0.9024259171875 0.7149687265625 0.9113702171875 0.723432465625 0.92140874375 0.7229591906249999 0.9392007843749999 0.7059029078125 0.9399320250000001 0.6919499984375 0.929533146875 0.6754150390625
1 0.8794555125000001 0.6278187703125 0.875867346875 0.6246326 0.859482921875 0.62677205 0.8507422796874999 0.63830645625 0.8476685249999999 0.661130959375 0.8517241406249999 0.6673397484375 0.8778310671874999 0.6826991828125 0.883605053125 0.6800036656249999 0.887715534375 0.6732234703125 0.8887079328124999 0.65428738125 0.8794555125000001 0.6278187703125
1 0.8624364078125 0.6778948890625001 0.8449107937500001 0.6659833015625 0.8225434578125 0.674804815625 0.8165083140625 0.682483515625 0.81333273125 0.695308946875 0.8154114531250001 0.7034128765625 0.8273720078125001 0.7140334390625 0.8537427265625 0.7124173500000001 0.8625356015625 0.69988630625 0.8639954484375 0.6839728375 0.8624364078125 0.6778948890625001
1 0.7971260765625 0.5985197265625 0.8071150062499999 0.587050740625 0.8107058078125 0.5782445640625 0.8118548999999999 0.5563185671875 0.8086323546875 0.5461559453125 0.7976093328125 0.5295882749999999 0.7961547546875 0.5215170546875 0.7874689765625 0.5200624796875 0.7790417234375 0.5256170671875 0.77945430625 0.5416286671874999 0.7744036578125 0.5663483140625 0.7758060046875 0.5754161703125 0.784175759375 0.5948429078124999 0.7914565546875 0.5992219734375 0.7971260765625 0.5985197265625
1 0.81599126875 0.6684651875000001 0.8157902453125001 0.6364746984375 0.8051302093749999 0.6249229187500001 0.794099284375 0.6443322859375 0.7805221890625 0.6526151015625 0.7772421421875 0.66743380625 0.776928753125 0.6734136234375 0.780360225 0.6795897015625 0.7898764375 0.6890827875000001 0.8011632515624999 0.6886749296875 0.8130768421875001 0.6763074375 0.81599126875 0.6684651875000001
1 0.7068236640625 0.637759615625 0.696158359375 0.6501925281250001 0.678577878125 0.651269921875 0.6808106609375 0.6683762875 0.6901179468749999 0.6818559171875 0.7111821296875 0.685957965625 0.7160212171875 0.677217209375 0.7172747734375 0.6532979390625 0.7112448984374999 0.63699195 0.7068236640625 0.637759615625
1 0.6701528015625 0.8836824296874999 0.6599575796875 0.8871456156249999 0.6489319234375001 0.8825702906249999 0.6443017625 0.8873245031250001 0.6406587296875 0.8971273140625 0.646375215625 0.9194131234375 0.6602082 0.9301318140625 0.67336744375 0.9298220890625 0.6854899624999999 0.91346805 0.685649290625 0.898485796875 0.6701528015625 0.8836824296874999
1 0.66844851875 0.3549244796875 0.6692319906249999 0.339974934375 0.6627320343750001 0.3326386703125 0.638599365625 0.3273764375 0.6297046625 0.32990840625 0.6263227875 0.3347280390625 0.6260067640625 0.3527002015625 0.6320366374999999 0.3690061890625 0.6385888265624999 0.37534581875 0.6509672328125 0.3779932890625 0.6580417375 0.3743665546875 0.6639724171875 0.36868112656249996 0.66844851875 0.3549244796875
1 0.867871575 0.32340210625 0.8694881171875 0.304498728125 0.8648632234375 0.2852682484375 0.8482751421874999 0.2674095546875 0.8408376531249999 0.266020396875 0.83068939375 0.2924716375 0.8139393484375 0.30158754062500004 0.8174726484375 0.317762690625 0.8235051578125001 0.32207633593749996 0.8347919718749999 0.321668478125 0.851484515625 0.33753390156249996 0.8614185796875 0.339053896875 0.867871575 0.32340210625
1 0.7752060296875001 0.22860208750000002 0.776250659375 0.2086693625 0.767828675 0.190239259375 0.761848396875 0.184928978125 0.75295369375 0.1874609484375 0.7468167234374999 0.1851405765625 0.7469185515625 0.19513965 0.7359372234375 0.2255447234375 0.7408755046875 0.238795384375 0.7487282125 0.24420379531249997 0.76245936875 0.24492341562500003 0.769533871875 0.24129667968750002 0.7752060296875001 0.22860208750000002