0 0 0.327012915625 0.0062033359375 0.3468020765625 0.021210192187499997 0.357528965625 0.0351717 0.3563074921875 0.057718962500000005 0.33025522500000004 0.073807871875 0.2776784015625 0.07569283593750001 0.251928875 0.07238887499999999 0.22362336562500001 0.059229729687499996 0.1961800734375 0.046817339062500005 0.1867311765625 0.0228699796875 0.187321321875 0.0100844859375 0.201984703125 0 0.2248435046875 0 0.327012915625
0 0.1176713234375 0.3250100734375 0.10608019843750001 0.31548932500000004 0.0944518171875 0.31500169843750003 0.087545846875 0.33065566562500004 0.0698700171875 0.3367170328125 0.0641773171875 0.3567797828125 0.066398678125 0.38217005312499996 0.0904772546875 0.44929240468750004 0.09753279375 0.4637248984375 0.11660871875 0.483125653125 0.1358898234375 0.48595370625 0.1453530015625 0.48061085312499996 0.1580823375 0.44638768124999995 0.1556741515625 0.399944075 0.147703934375 0.3750567640625 0.1301771265625 0.3449856390625 0.1176713234375 0.3250100734375
0 0.10772491875000001 0.580221428125 0.09329689531249999 0.5950285125 0.0808850515625 0.6517985671875001 0.084375840625 0.7011574125 0.09087144999999999 0.7186488484375 0.10052145312500001 0.7343593328125 0.1166109109375 0.748001459375 0.13014315781250002 0.7513324734375 0.1404276015625 0.74591776875 0.15423953906250001 0.7146098359375 0.163422478125 0.6776869796875 0.1623954859375 0.6281125796875 0.15754240625 0.610477440625 0.144775265625 0.5875147843749999 0.121555759375 0.577506409375 0.10772491875000001 0.580221428125
0 0 0.138883115625 0.0004900921875 0.1396150578125 0.014153007812499998 0.1444396171875 0.025389384375 0.14044660625 0.041889198437500004 0.1209433328125 0.0514268875 0.097534234375 0.0563355765625 0.06851021093750001 0.054412809375 0.037073909375000005 0 0.0418344125 0 0.138883115625
0 0.09851924375 0.12501870937499998 0.08252319999999999 0.12190324999999999 0.060871712499999994 0.12981741875 0.0524911359375 0.13807551093749998 0.050120753124999994 0.1488177328125 0.054208725 0.18608451406249998 0.0735087328125 0.21750548125 0.077596703125 0.2547722625 0.0812365140625 0.267998615625 0.0884599765625 0.27489152968749997 0.1051466171875 0.27644159375 0.11037280000000001 0.269964453125 0.1179132109375 0.23318529687499998 0.12935476562499998 0.2126195875 0.12791741406249998 0.1961905875 0.11483278125 0.15068105 0.1038388390625 0.1290682359375 0.09851924375 0.12501870937499998
0 0.14906513125 0.21089515312499998 0.1376980859375 0.2133946171875 0.12327006250000001 0.22820170156250003 0.1174466953125 0.2467709078125 0.11546831718749999 0.2619937671875 0.11821235000000001 0.2933582171875 0.12877703125 0.31952351874999996 0.1414507578125 0.33195950625 0.1608252765625 0.345314228125 0.1810583140625 0.3495639765625 0.1852018953125 0.3401715953125 0.181412515625 0.2968587828125 0.1860226140625 0.27388079374999996 0.183801253125 0.24849052343750003 0.1769136375 0.2265184515625 0.16778630625 0.21678214843750002 0.14906513125 0.21089515312499998
0 0.055181751562500006 0.4809749296875 0.03285856875 0.5190474093749999 0.0315335328125 0.54173799375 0.036088021875 0.5654191640625 0.04543943125 0.58717568125 0.06304075 0.5991805609374999 0.0875480390625 0.595531471875 0.12149960156249999 0.55794661875 0.126277625 0.5274290500000001 0.12106979375 0.49628015468750003 0.095330334375 0.4669275421875 0.0732868421875 0.470361075 0.055181751562500006 0.4809749296875
0 0.180651790625 0.8462420406250001 0.16458123593750001 0.8611928265625 0.1595791328125 0.87969018125 0.158478178125 0.9144009796875 0.16135288125 0.9472589765625001 0.1728322390625 0.98387909375 0.1838634359375 0.9964587843749999 0.192337425 0.9987273609375 0.20547766875 0.9975777375 0.21619137031250002 0.9876105484375 0.21482853125 0.9531153031249999 0.2255233328125 0.9145551968750001 0.22369397656249998 0.8936455640625001 0.2155930921875 0.8672647093749999 0.2004928234375 0.8460111515625 0.180651790625 0.8462420406250001
0 0.0460927734375 0.5946434078125 0.0337737953125 0.595721178125 0.0230600921875 0.60568836875 0.016173025 0.64993525 0.0194769859375 0.6782407593750001 0.024759328125 0.691323409375 0.02416214375 0.703415475 0.0291458921875 0.7225441578125 0.0476246328125 0.7540369765625 0.053765493750000004 0.7580146531249999 0.0651325390625 0.7555151890625 0.077395359375 0.7348776265625 0.0820427125 0.7028665140625 0.07717073125 0.6566384609375 0.0681551671875 0.6198027890625 0.05482809843749999 0.599899075 0.0460927734375 0.5946434078125
0 0.0935409734375 0.7680795453125 0.0828272703125 0.7780467375 0.0729909890625 0.8075018671875 0.0768921359375 0.8237153109375001 0.0932056734375 0.8493776515624999 0.11379346093750001 0.8671411578124999 0.12058766406250002 0.8785865609375 0.13970084375 0.8889541921875 0.1556034765625 0.8815429828125 0.157021925 0.8693790671875 0.16889274062499998 0.84426086875 0.16706338437499998 0.8233512359375 0.143265046875 0.7878088890625 0.109835609375 0.765148971875 0.0935409734375 0.7680795453125
0 0.06462931562499999 0.8443528734375001 0.055558142187500006 0.8541763609374999 0.0477002390625 0.8684086343749999 0.0367441015625 0.9039816500000001 0.0353256515625 0.916145565625 0.039637704687500004 0.9654325609375001 0.0592363046875 0.9908074953125 0.069614159375 0.995919459375 0.09005237656250001 0.98359650625 0.094326628125 0.975697671875 0.09548373906249999 0.960546665625 0.1043680875 0.929669840625 0.1021278234375 0.8756866562500001 0.0945496125 0.85527998125 0.07776955937499999 0.8432032515625 0.06462931562499999 0.8443528734375001
0 0.14807813281249999 0.48338238906250003 0.14425204687499998 0.5153216515625 0.151905315625 0.5838810328124999 0.161126059375 0.6041440031249999 0.17202658906249998 0.6152301484375 0.1862866890625 0.6079626421875 0.19619748125 0.5604412640625 0.194330321875 0.482345803125 0.1906343546875 0.4495596578125 0.18479208593750002 0.4395359484375 0.1649510515625 0.4397668375 0.14807813281249999 0.48338238906250003
0 0.19138329999999998 0.732429859375 0.1789898109375 0.7515738765625 0.1705347234375 0.777898215625 0.1783370171875 0.8103251015625 0.1875577609375 0.8305880734375 0.20637234843750002 0.8470017375 0.22445908593750002 0.874013921875 0.225746865625 0.860356459375 0.22208815468749998 0.8185371921875 0.22557839375 0.8016770843750001 0.2221437640625 0.77187803125 0.2121390109375 0.7426537890625 0.1987746859375 0.731783196875 0.19138329999999998 0.732429859375
1 0.921486975 0.536116065625 0.91021334375 0.5491421984375 0.9034380421874999 0.5662897109375 0.9030649374999999 0.5904019890625001 0.9087954406250001 0.6275250671875 0.9197893828125 0.6491378812499999 0.9330230374999999 0.6585149265625 0.9447820890624999 0.6604960984375 0.96219658125 0.651447640625 0.9764939375000001 0.6351470109374999 0.98767415625 0.6115942109375 0.9937027031250001 0.5764523031250001 0.9892788843749999 0.554264678125 0.9793675437499999 0.535567103125 0.9644913578125 0.5263337609375001 0.921486975 0.536116065625
1 0.8829047687499999 0.369429140625 0.87534545625 0.37761538125 0.8651171718749999 0.40258987656249995 0.8628029453125 0.43289188906250003 0.8686268609375001 0.4805416359375 0.8780716843749999 0.5128248203125 0.8956357484374999 0.5338628234375 0.9090745828125 0.52666716875 0.9223454953125 0.5270110906250001 0.9300354750000001 0.5203183953125 0.9387146421875 0.506014271875 0.9430634031249999 0.48004919062500007 0.937967340625 0.421800925 0.9264507265624999 0.3942139296875 0.9073748 0.3748131765625 0.8829047687499999 0.369429140625
1 0.8703606125000001 0.2260487921875 0.852292778125 0.2276295234375 0.8355688812500001 0.23511258437500002 0.825247184375 0.2495604125 0.8170906890625 0.26983871718749997 0.817240259375 0.2999251765625 0.8207494000000001 0.311657984375 0.8281035328125 0.3200444453125 0.8300635562500001 0.3424476234375 0.83416988125 0.3420883671875 0.8368577593750001 0.3538930265625 0.8483182156250001 0.36192022968750004 0.8518273578125 0.3736530390625 0.8497555671875 0.378349228125 0.866143615625 0.3859453234375 0.8810009015625001 0.3665857515625 0.9126009828124999 0.3683360359375 0.9163153062499999 0.3634961421875 0.9239118718749999 0.346276778125 0.9256661671874999 0.31903370625 0.9249194140625001 0.30103931093749997 0.9187223953125001 0.27750184375 0.906384515625 0.2499867015625 0.8883911921875001 0.23350118593750002 0.8703606125000001 0.2260487921875
1 0.793085528125 0.052212215625 0.784443615625 0.05748321562499999 0.7699783359375 0.0813234234375 0.76717869375 0.09661813281250001 0.772050675 0.1428461859375 0.7772957593750001 0.1649619578125 0.7984623765625 0.20825943906250002 0.820655440625 0.2349123640625 0.8369500750000001 0.231981790625 0.8520686968750001 0.2156093109375 0.8593105140624999 0.1848761890625 0.855782471875 0.144550465625 0.8422685765625 0.10359341562499999 0.8057965109375 0.0556150796875 0.793085528125 0.052212215625
1 1 0.6618170796875 0.9979964015625 0.663365334375 0.9856029124999999 0.6825093515625 0.978267684375 0.70271580625 0.9747029328125001 0.7376421578125 0.9767191140625 0.7796051281249999 0.9875078765625 0.8177906421875001 0.998669740625 0.8318638796875 1 0.8323710953125 1 0.6618170796875
1 0.9183164203124999 0.8403988609375 0.8981206374999999 0.8271159906250001 0.8867535921874999 0.8296154546875 0.8769918234375 0.8410043406250001 0.8651210078125 0.8661225375000001 0.8615935109375 0.89201576875 0.8651588109375 0.9233083671875001 0.8698812218749999 0.939449959375 0.8879679578124999 0.96646214375 0.9462777890625 0.9613606953125 0.9559834015625001 0.9304120171875001 0.9529407734375 0.9050936 0.949170296875 0.8903736999999999 0.93328601875 0.860158871875 0.9183164203124999 0.8403988609375
1 0.8776062640625 0.658848334375 0.8652500312500001 0.6689592281250001 0.8599865921875001 0.684469490625 0.8564218406249999 0.7193958453125 0.858923440625 0.7763661187500001 0.8659417234375001 0.7998317359375 0.8900759078125 0.8202949265624999 0.910215534375 0.8140180062500001 0.922552865625 0.7753141984374999 0.9176619828125 0.7004932312500001 0.9045028374999999 0.6730499390625 0.8892346468750001 0.6593359609375 0.8776062640625 0.658848334375
1 0.909686834375 0.0796353546875 0.89415730625 0.0629342859375 0.884824796875 0.0697706828125 0.87308465 0.0963824265625 0.8712369390625 0.11309883125 0.8765381812499999 0.15477439375 0.9031923187500001 0.1945818234375 0.9243400359375 0.2092863890625 0.9446103296875 0.20450301249999997 0.9571344875 0.186852540625 0.9601020546875001 0.164018253125 0.9564060859374999 0.13123210937500002 0.949257134375 0.10627294843749999 0.9370126671874999 0.08928447187500001 0.909686834375 0.0796353546875
1 0.8090550734375 0 0.80788665625 0.013292853125 0.8107613593749999 0.0461508484375 0.8173876375000001 0.06513582812499999 0.829072175 0.0851832453125 0.8371169046875 0.0920043109375 0.8487452843750001 0.0924919359375 0.8669810437500001 0.083371628125 0.8786277796874999 0.046233215625000004 0.874582896875 0 0.8090550734375 0
1 0.875616178125 0 0.8776569437499999 0.01621860625 0.8899575671875001 0.05276687343749999 0.9102467624999999 0.0765764125 0.9198033546875 0.081760228125 0.9384311171874999 0.07712055625 0.952896396875 0.0532803484375 0.9539600968749999 0.027602673437500003 0.9508152078125001 0 0.875616178125 0
1 0.8128547906250001 0.4011423328125 0.80361569375 0.4185053984375 0.7980536625 0.44006169531249995 0.8014137828125 0.4879269953125 0.8094585109375 0.4947480578125 0.8201911171875 0.5133737828125 0.8268919046875001 0.5142925171875 0.8653790562499999 0.47179591875 0.8614028515625 0.40742976718749996 0.8556912499999999 0.3988996046875 0.8408150640625 0.3896662609375 0.825211025 0.3910314375 0.8128547906250001 0.4011423328125
1 0.941811234375 0.2860166734375 0.9294177453125 0.305160690625 0.9255171453125 0.3551662 0.926823828125 0.3701016515625 0.9388258609375001 0.41269595 0.9529741953125 0.43252781406249996 0.966375775 0.43436528125 0.97380441875 0.424685496875 0.9761558984375001 0.385350359375 0.9705933203124999 0.340687703125 0.9672521015625 0.32141531875 0.9542608796875 0.2864324484375 0.941811234375 0.2860166734375
1 0.9325381687500001 0.7097265734375 0.9245495968749999 0.7224653015625 0.9220112921875 0.7407471015625 0.9265285249999999 0.7734613953125 0.93994900625 0.8038917781249999 0.9523241406249999 0.8223737984374999 0.9716052453125 0.8252018515625 0.9840921484375 0.8165845031250001 0.9750204265625 0.7601890390625 0.975113290625 0.70449675625 0.966377965625 0.6992410890625 0.9481794640625001 0.6993282749999999 0.9325381687500001 0.7097265734375
1 1 0.833230209375 0.9847454890625 0.8240522296874999 0.9570092984375 0.8475485140625001 0.9501033281250001 0.8632024796875 0.95111141875 0.8841839671875 0.9588575546874999 0.8970510624999999 0.9693660796874999 0.9036565718749999 0.9945639640625 0.8984420875 1 0.8927722593749999 1 0.833230209375
1 0.8742639515624999 0.50713804375 0.867544259375 0.477626396875 0.862486 0.47656395937499996 0.8488792406250001 0.49129919062500005 0.8433544640624999 0.5038223640624999 0.8412643203125001 0.5461445921875 0.845296134375 0.56385158125 0.8612176687499999 0.5850332875 0.875011253125 0.5913513921875 0.895412215625 0.5880615625 0.900769065625 0.583077965625 0.90567775625 0.5540539421874999 0.9158687859375 0.5381125703125 0.91275165 0.5308603984375 0.8991821453125001 0.5365625078125 0.8869004234375 0.52860715625 0.8742639515624999 0.50713804375
2 0.6643704234375 0.0092941453125 0.647646528125 0.016777206250000003 0.6414684109375 0.021832653125 0.6318000546875 0.04374820625 0.63021368125 0.0634517 0.632696378125 0.0918290609375 0.649009915625 0.1174914015625 0.65856650625 0.12267521875000001 0.67183741875 0.123019140625 0.6948700984375 0.11197417968750001 0.7053597218750001 0.08998677499999999 0.7074126109375001 0.05669766875 0.7043327296874999 0.040412375 0.69320811875 0.017306015625 0.6817476609375 0.0092788109375 0.6643704234375 0.0092941453125
2 0.7101566453125 0.0880621203125 0.7018694812499999 0.1068468796875 0.6848469921875 0.12037597343749999 0.6801996406249999 0.1523870859375 0.6858739843749999 0.1699503734375 0.7042593140625 0.190916525 0.7317158140625 0.20205918750000001 0.74226159375 0.199631575 0.761617209375 0.18439338125 0.7679632515625 0.17179835625 0.7708935625 0.1579971921875 0.7655923203125 0.11632162812499999 0.7540384484375 0.0977677546875 0.741756728125 0.089812403125 0.7101566453125 0.0880621203125
2 0.6017307359374999 0.068953590625 0.5806391765625001 0.0738088171875 0.5748530640625 0.0833449 0.57274401875 0.0970742140625 0.576439984375 0.1298603578125 0.58818068125 0.1694675671875 0.6017690875 0.1923583703125 0.6158240078125 0.201663565625 0.6341531796875 0.2030699265625 0.6378675 0.1982300328125 0.64333611875 0.16614706875000002 0.63816554375 0.1259650484375 0.626947521875 0.092332021875 0.6157856578125 0.078258784375 0.6017307359374999 0.068953590625
2 0.6528365515625 0.1517710921875 0.6354971171875 0.20897225625 0.6301591671875 0.242548765625 0.6317644421875 0.251438184375 0.6637565296875 0.25766910468750004 0.674171640625 0.2537479453125 0.6840079218749999 0.2242928140625 0.6861542234375 0.20153037812500002 0.6835408578125 0.171659471875 0.678426440625 0.1510372453125 0.67353610625 0.1424352296875 0.66588338125 0.1400948015625 0.6528365515625 0.1517710921875
2 0.6937696921875001 0.2129039296875 0.684101334375 0.2348194828125 0.681432359375 0.2516077375 0.6821791140625 0.2696021328125 0.6911012640624999 0.2959111359375 0.6973727937499999 0.3013823578125 0.7146193625 0.299873478125 0.731249846875 0.2818637484375 0.7402276062500001 0.2615135921875 0.742112571875 0.23576406562500002 0.7393312828124999 0.21343273906250002 0.72186063125 0.2029214046875 0.7062565921874999 0.20428658125000002 0.6937696921875001 0.2129039296875
2 0.6570557390625 0.25675036875 0.6306445843749999 0.25755606875 0.6244292125 0.27164463906249997 0.6252693796875 0.300165703125 0.62930119375 0.3178726921875 0.64259100625 0.3468095296875 0.6617976015625 0.367703828125 0.6728660546875 0.371250396875 0.685744959375 0.3671136828125 0.6980450375 0.3374429984375 0.6959543453125 0.31354627343749997 0.686472265625 0.2902962109375 0.6740971296875 0.271814190625 0.6570557390625 0.25675036875
2 0.585867003125 0.26598853125 0.5812007484375 0.2694067296875 0.58446745625 0.3067453625 0.5887978625 0.31840631875000003 0.5875662375 0.3516235734375 0.5955181015625 0.41413692031249993 0.61033813125 0.40381047187499997 0.6205664171875 0.378835975 0.6259043671875 0.345259465625 0.6242801906250001 0.30777713125 0.6192964421875 0.2886484484375 0.6081345765624999 0.2745752125 0.585867003125 0.26598853125
2 0.711838621875 0.3437611015625 0.6983997859375 0.35095675625 0.6825533125 0.3779277578125 0.6693947140625001 0.4167034171875 0.66461669375 0.4472209859375 0.666016790625 0.47268310625 0.685186128125 0.5026105296875001 0.693921453125 0.507866196875 0.7202391953125 0.49653382968750004 0.7337525421875 0.471271928125 0.7420769609375 0.44345404374999997 0.7464629765625 0.408455840625 0.744110946875 0.3815720265625 0.739649871875 0.3684175234375 0.7226457374999999 0.344320578125 0.711838621875 0.3437611015625
2 0.7490946953125001 0.400700709375 0.7459592046875 0.4310745734375 0.735395071875 0.471128225 0.734331371875 0.4968059 0.739707125 0.52041521875 0.749487796875 0.5376192468750001 0.7598656515625 0.5427312125 0.77767215 0.5381633906250001 0.7891509609375 0.50856455625 0.794974328125 0.48999535156249996 0.79712063125 0.467232915625 0.79185664375 0.416524228125 0.7838491703125 0.400670040625 0.767759715625 0.38702791406250003 0.7490946953125001 0.400700709375
2 0.7034796859375 0.71170686875 0.692728728125 0.73070718125 0.6864388453125 0.762861996875 0.6866256703125 0.7839153343749999 0.71113350625 0.8464851984375 0.72985468125 0.85237219375 0.7383659265625 0.8456076484375 0.7454025625 0.8314472265624999 0.749023471875 0.8160806656249999 0.7498258359375 0.7874159 0.7430499875 0.738344459375 0.7339599109375 0.719575034375 0.71635859375 0.7075701546875 0.7034796859375 0.71170686875
2 0.6721414890624999 0.7791626265625 0.6588705765625 0.7788187046874999 0.645693078125 0.78900145 0.6404296390625001 0.8045117125000001 0.6403178734375 0.8316110828125 0.6490348453125 0.8744927875 0.6622874015625 0.9124627468750001 0.6786009390625 0.9381250874999999 0.69351438125 0.9383253093749999 0.7053106859375 0.9312733578125 0.7143257015625 0.9018900765625 0.7162106671874999 0.87614055 0.713261453125 0.8613488015625 0.701651428125 0.8232351375 0.6836019453125 0.7871898296875 0.6721414890624999 0.7791626265625
2 0.7129412203125 0.507707159375 0.699763721875 0.5178899046875001 0.6984575859375 0.5691734046875 0.7030865859375 0.574788328125 0.7098062781250001 0.6042999765625 0.7212294796875 0.6213603015625 0.7348923968750001 0.6261848609375 0.7525682265625 0.6201234953125 0.75951145 0.5954364062499999 0.7568980843750001 0.5655655 0.7519143359375 0.5464368171875 0.7341261921875 0.5133786 0.7129412203125 0.507707159375
2 0.623105271875 0.42677312812499996 0.6403334859375 0.4628902859375 0.658494734375 0.47183622343750004 0.6630303203125 0.46692447968749995 0.6646912046875 0.4291547390625 0.675087415625 0.396640665625 0.6766737890625001 0.376937171875 0.6549661437500001 0.36529155 0.637831340625 0.339701059375 0.6271176359374999 0.3496682515625 0.6167775843750001 0.401742115625 0.623105271875 0.42677312812499996
2 0.78515695 0.548043396875 0.7738833171875 0.56106953125 0.7702251546875 0.5854692140625 0.77479854375 0.6377433 0.785027378125 0.67898775625 0.7980558546875 0.704937503125 0.8117187703125 0.7097620609375 0.8166463625 0.709330953125 0.8180648109374999 0.6971670359375 0.8057819921875 0.5567737796875 0.8026648562500001 0.5495216078125 0.7940601984375 0.5457594859375 0.78515695 0.548043396875
2 0.7831613140625 0.733330196875 0.7692932171875 0.7450783390625 0.75932626875 0.773039925 0.7629849796875 0.8148591921874999 0.7780852484375 0.8361127484375 0.7936520328125 0.8437806953125 0.806792275 0.8426310734375001 0.8273611609374999 0.8318016640625 0.8276035953124999 0.8061958406249999 0.8211635953125 0.7420452453124999 0.8151906578125001 0.7305279921875 0.8008371437499999 0.7272688296875 0.7831613140625 0.733330196875
2 0.6582533953125 0.6298799515625 0.6476331046875 0.6503738109375 0.6403729328125001 0.7187329703125 0.6441995703125001 0.7530126593750001 0.65190845 0.7749128796875 0.67831960625 0.7741071796875 0.68660676875 0.7553224203125 0.6916833812500001 0.7187588203125 0.691925815625 0.6931529953125 0.685541971875 0.648562190625 0.6808195609375 0.6324206 0.6715615625 0.6211907515624999 0.6582533953125 0.6298799515625
2 0.6549110812500001 0.47816966250000004 0.64546680625 0.512105428125 0.6503387875 0.5583334796874999 0.6684255234375 0.5853456640625 0.6824804453125 0.594650859375 0.6880986328125 0.592654353125 0.693492740625 0.5786376343749999 0.697318828125 0.5466983734374999 0.6956573953125 0.5182491625 0.6899457953125 0.5097189984375 0.682031734375 0.5043914796875 0.6664087953125 0.4771637421875 0.6549110812500001 0.47816966250000004
2 0.6051130437500001 0.542725515625 0.6106011109375 0.6054544171875 0.6164061249999999 0.6245112484375 0.6610157828125 0.6236183640624999 0.667492490625 0.612516884375 0.6666150703125 0.5930289453124999 0.644888521875 0.5527904078125 0.631785534375 0.5449069078125001 0.6051130437500001 0.542725515625
2 0.5179460703125 0.44500322812500004 0.508613559375 0.45183962656250004 0.49976646875 0.4736833296875 0.5039289515625 0.4928838640625 0.5011293078125 0.5081785734375 0.5048997859375 0.5228984718749999 0.5180961875000001 0.541308640625 0.5331030421875 0.5520355296874999 0.5530747421875 0.5532981859375 0.57722728125 0.536135340625 0.58452525625 0.524962009375 0.5919911531250001 0.5062491 0.5932789359374999 0.4925916390625 0.5899377171875 0.473319253125 0.5751360421875 0.4460196640625 0.5629849874999999 0.43955785625 0.5179460703125 0.44500322812500004
2 0.548427390625 0.5853093 0.539561396875 0.5785600875 0.5253385515625 0.576794471875 0.5169579765625001 0.5850525625 0.511003940625 0.6021282218749999 0.5154466625 0.6529087625 0.53342163125 0.7070203140625 0.5612890390625 0.751236528125 0.5782370171875 0.75577368125 0.595651509375 0.7467252249999999 0.603845259375 0.7174137953125 0.6002799609375 0.6861211968750001 0.585552796875 0.6407553609375001 0.56218371875 0.6006605265625 0.548427390625 0.5853093
2 0.41913016875000003 0.11954354687499999 0.41347472500000004 0.130573175 0.41080575 0.14736143125 0.4172641046875 0.1738859890625 0.4328870453125 0.201113725 0.466185815625 0.222280096875 0.4804459171875 0.215012590625 0.49724432500000004 0.18946328437499999 0.49961470625000004 0.1787210625 0.49778535 0.157811428125 0.49345494375000004 0.14615047187500002 0.466072953125 0.11694156250000001 0.4395683859375 0.10722059531250001 0.41913016875000003 0.11954354687499999
2 0.47005408906249996 0.7772782796875 0.459956471875 0.8037463203125 0.460890053125 0.84279405 0.448589975 0.8724647375 0.45557100312500004 0.904963475 0.4672927984375 0.9159777703125 0.488085765625 0.917168575 0.506358778125 0.89901514375 0.525900671875 0.8386113359375 0.52774838125 0.8218949328124999 0.522279215625 0.7877589453125 0.5141410750000001 0.7704112125 0.49870495937500003 0.7642368125 0.47005408906249996 0.7772782796875
2 0.5525731640625 0.8407927265625 0.5410009390625 0.8598648921875001 0.5379399609375 0.8721725125 0.53907871875 0.8946475421875 0.5416359265625 0.90495865625 0.565172928125 0.9375139140625001 0.578145246875 0.94390386875 0.591285490625 0.942754246875 0.6044629890625 0.9325715000000001 0.6123208921875001 0.918339228125 0.6142431125 0.8835565781250001 0.611984496875 0.8671994312500001 0.58585303125 0.8333661828125001 0.561905671875 0.8339563296874999 0.5525731640625 0.8407927265625
2 0.5233568859375 0.19470361875 0.5150697234375 0.21348837812500002 0.5134833515625 0.23319187187499998 0.5177954046875 0.2824788671875 0.522517815625 0.2986204578125 0.5449722140625 0.328260475 0.5633013859375 0.3296668359375 0.5668850390625 0.32333339843750003 0.5645702640625 0.28741645937500004 0.5441125984374999 0.20492754687499998 0.535675865625 0.193625846875 0.5233568859375 0.19470361875
2 0.5342190640625 0.0823849828125 0.5299448140624999 0.0902838171875 0.518185765625 0.088302646875 0.5084239953125 0.09969153124999999 0.499016975 0.124594175 0.495097475 0.1460067703125 0.50103315625 0.16655714531250002 0.5023025828125001 0.190525721875 0.5099180515625 0.20189927343749997 0.5149763109375 0.20296170937500002 0.5262499421875 0.18993557656249999 0.538960925 0.19333844218750001 0.5466509046875 0.186645746875 0.5584283078125 0.1510008796875 0.5542096671875 0.11224055468750001 0.548404653125 0.0931837234375 0.5391466546875 0.081953875 0.5342190640625 0.0823849828125
2 0.5323919 0.32635115625 0.5163586 0.33226881875 0.5027145843749999 0.356037175 0.4988512421875 0.3970095609375 0.5020245375 0.42382152343749996 0.508688071875 0.43377338125 0.5208391265625 0.4402351875 0.548799396875 0.42875911718750004 0.5701333921875 0.3982980671875 0.571402271875 0.35604769062499997 0.565167996875 0.341543346875 0.5579445328125 0.33465043125 0.5323919 0.32635115625
2 0.5179460703125 0.44500322812500004 0.508613559375 0.45183962656250004 0.49976646875 0.4736833296875 0.5031076875 0.49295571562499996 0.5013906453125 0.5111656640625 0.503947853125 0.5214767765625 0.5180961875000001 0.541308640625 0.536518771875 0.5532416687499999 0.5530747421875 0.5532981859375 0.57722728125 0.536135340625 0.58452525625 0.524962009375 0.5919911531250001 0.5062491 0.5924949265625 0.48363036875 0.58980705 0.4718257078125 0.5759573062500001 0.44594781250000004 0.5629849874999999 0.43955785625 0.5179460703125 0.44500322812500004
2 0.45327294062499995 0.6327636453125 0.4365863 0.63121358125 0.4312294484375 0.636197178125 0.424808896875 0.6668584484375 0.43031531875000006 0.6919613124999999 0.44590100312500003 0.7282221734375 0.4693073359375 0.759283884375 0.475317528125 0.7617680140624999 0.493124028125 0.7572001937499999 0.4982195421875 0.7492295078125 0.5009257734375 0.7234081296875 0.4970991359375 0.6891284390625 0.49008085156250003 0.6656628234374999 0.479478915625 0.6485306453125 0.45327294062499995 0.6327636453125
3 0.2867201921875 0.1762772359375 0.2744946265625 0.18788167656250002 0.26949252343749996 0.20637903125 0.2709860328125 0.2423678203125 0.27904966249999996 0.277781796875 0.29709914375 0.31382710468749997 0.3199266453125 0.31935484375 0.33024834375 0.3049070171875 0.3320398953125 0.268630821875 0.3274292515625 0.22538986093750002 0.31417669375 0.1874199 0.3039667625 0.17476835625 0.2867201921875 0.1762772359375
3 0.33573969843749996 0.7649496296875 0.3272846109375 0.7912739671875 0.3210508859375 0.842988575 0.3234401703125 0.8608392671875 0.3326609140625 0.8811022375 0.3503929 0.8946006625 0.3651756734375 0.8933073374999999 0.3789131 0.88006565 0.38805878437499997 0.8521759156250001 0.39145561406249996 0.824789140625 0.387535565625 0.7799827828125 0.3630466296875 0.74600583125 0.347703928125 0.7503580999999999 0.33573969843749996 0.7649496296875
3 0.312704278125 0.44489983281249995 0.296297875 0.474929775 0.2887947234375 0.5026758046875 0.28829095 0.5252945390625 0.2908109046875 0.5446387765625 0.3039700484375 0.57208206875 0.32104869375 0.5781127671874999 0.33767917812500003 0.5601030375 0.35126703593749997 0.5167748921875 0.3548690421875 0.47281541718750003 0.35261042656249997 0.45645826874999995 0.339973953125 0.43498915781249997 0.32726297031249996 0.43158629375 0.312704278125 0.44489983281249995
3 0.21592400781249999 0.2562149859375 0.2024851734375 0.26341064062499997 0.185817434375 0.2904534921875 0.18344705156250002 0.30119571562499997 0.1888789609375 0.3443648265625 0.19714777187500002 0.363206103125 0.214487753125 0.37222389218749996 0.2511833515625 0.3660034890625 0.263278246875 0.3529055046875 0.269232284375 0.33582984374999997 0.2665255046875 0.29543227031249997 0.2628856953125 0.2822059171875 0.25543815 0.2632927875 0.237276903125 0.25434685 0.21592400781249999 0.2562149859375
3 0.2439420828125 0.4629555640625 0.22938338906250003 0.4762691015625 0.218893765625 0.49825650625 0.20888956250000001 0.535251215625 0.20937497968750002 0.5502585203125 0.21570266718750003 0.5752895328125 0.2349092609375 0.5961838328125 0.25038263125000004 0.593325109375 0.26165626249999996 0.5802989765625 0.27399359375 0.54159516875 0.2756172234375 0.5128585515624999 0.272705265625 0.48903367812500004 0.2662096546875 0.47154224375 0.250512203125 0.462380753125 0.2439420828125 0.4629555640625
3 0.23621594375 0.611119284375 0.21850285781249998 0.6262137734375 0.2137620921875 0.6476982203125 0.21503151874999998 0.6716667953125001 0.222049803125 0.6951324109375 0.23104646406249998 0.70337516875 0.2732857390625 0.71322450625 0.28961763125 0.701260809375 0.297083528125 0.6825479015625 0.29450741874999997 0.6436438734375 0.28282288125 0.62359645625 0.26768535781249997 0.6113760234375001 0.23621594375 0.611119284375
3 0.26539058125000003 0.7364899015625 0.2556288109375 0.7478787875 0.24553119375 0.774346828125 0.24398207656249998 0.7850172 0.24820071718749998 0.823777525 0.2579813890625 0.8409815546875 0.267799315625 0.8491524593750001 0.27532137031250004 0.8499993437500001 0.2846538796875 0.8431629453125 0.3017136234375 0.8206007296875001 0.3140137015625 0.79093004375 0.31681334375 0.775635334375 0.3146853953125 0.7607717328125 0.30503539218750003 0.7450612484375 0.287863334375 0.72850388125 0.26539058125000003 0.7364899015625
3 0.30486692187500003 0.686381875 0.2999020734375 0.69584610625 0.30120875625 0.710781559375 0.31186685000000003 0.747473528125 0.322898046875 0.76005321875 0.32959883749999996 0.760971953125 0.351978178125 0.742459265625 0.363606559375 0.7429468906250001 0.380759715625 0.7309113421875 0.38960680625 0.709067640625 0.38673210468749997 0.6762096453125 0.37435696875 0.6577276234375 0.34245829375 0.662023375 0.30486692187500003 0.686381875
3 0.3129812296875 0.079166125 0.3140449296875 0.05348845 0.3062053796875 0.030094685937499997 0.2983285765625 0.0157340453125 0.23098482812499999 0.021625859375 0.231694328125 0.0486533765625 0.236024734375 0.0603143328125 0.2584791328125 0.08995435 0.2881008375 0.106927490625 0.30702719375 0.0962417859375 0.3129812296875 0.079166125
3 0.306430009375 0.1083338515625 0.308520703125 0.13223057656249998 0.31734944062500003 0.1480129109375 0.3234903 0.1519905875 0.3493415265625 0.1542438296875 0.35798343906249996 0.14897282812499998 0.3694249953125 0.12840711875 0.3691075015625 0.1058602359375 0.37403509375 0.1054291265625 0.373251084375 0.09646785625 0.36711022187500003 0.0924901796875 0.36173446875000004 0.0688808609375 0.344562409375 0.052323493750000005 0.3193645265625 0.057537978125 0.306430009375 0.1083338515625
3 0.3035574984375 0.3403516625 0.29480382031249996 0.3727220328125 0.2986304546875 0.40700172187500006 0.3145519875 0.428183428125 0.3554845796875 0.4230973140625 0.36459300781250004 0.404240703125 0.3650967796875 0.38162196875 0.3720400046875 0.356934878125 0.3688294546875 0.3391560390625 0.35944078749999997 0.32643264375 0.34374333749999997 0.317271153125 0.3035574984375 0.3403516625
3 0.285863315625 0.38403906718749997 0.275951975 0.3653414921875 0.264192925 0.363360321875 0.23576613750000003 0.38842200312499997 0.235747784375 0.426048040625 0.2457525359375 0.45527228124999997 0.262271253125 0.46436192343749993 0.277763525 0.490096115625 0.28554691718749997 0.49393008906249997 0.2884399734375 0.48916204687500003 0.3050142984375 0.45159252812500006 0.3048274734375 0.43053919062499996 0.2983318640625 0.41304775468750005 0.2859567265625 0.39456573437500003 0.285863315625 0.38403906718749997
3 0.2905334046875 0.8441535312499999 0.2762360484375 0.8604541593749999 0.2655596 0.8613882281249999 0.2618080234375 0.87526124375 0.2695730625 0.9167212546875 0.2766286015625 0.9311537484375 0.2959658625 0.9535415921875 0.3123539125 0.9611376875 0.32207842656249996 0.9587819265625 0.3311495984375 0.9489584375 0.33717814687500003 0.91381653125 0.33262365781250003 0.8901353609375 0.32071503749999997 0.85806773125 0.30587610625 0.8398012625 0.2905334046875 0.8441535312499999
3 0.31510265937500004 1 0.31453801718749996 0.9955610796875 0.3001656015625 0.9637090046875001 0.269106546875 0.9303068640625 0.2505160375 0.9259134140624999 0.2404929328125 0.934315209375 0.2431547921875 1 0.31510265937500004 1
3 0.33821746406250003 0.19735642343749998 0.3278957671875 0.21180425 0.3353811140625 0.2879032078125 0.3439112609375 0.309731575 0.3564543203125 0.3206740171875 0.36440563593749997 0.3169684140625 0.370098334375 0.2969056625 0.3709006984375 0.26824089687499997 0.3656928671875 0.237092 0.35949585 0.2135545328125 0.35010718281250003 0.2008311390625 0.33821746406250003 0.19735642343749998
3 0.3351408703125 0.5783848390624999 0.3362796296875 0.6008598703125 0.3543291109375 0.6369051765625 0.3771566125 0.6424329140625 0.3861343734375 0.6220827578125 0.3819529890625 0.574289309375 0.362223721875 0.547420828125 0.34579841718750004 0.5488578562499999 0.3351408703125 0.5783848390624999
2 0.44979886249999995 0.34712190625 0.4428183828125 0.38084211875 0.442967953125 0.41092857812499994 0.445618575 0.4317663609375 0.4545779796875 0.44904224062500003 0.46629977343749995 0.46005653593750007 0.4745124265625 0.459338021875 0.48759651093749995 0.4386286078125 0.4960888546875 0.40327114843749995 0.5006800499999999 0.3517002421875 0.49881343906250003 0.33982373125 0.489723365625 0.32105430468749996 0.471263525 0.3181544015625 0.44979886249999995 0.34712190625
2 0.46637483281250003 0.5082092421875 0.4685216828125 0.5516657578124999 0.472814834375 0.5723598359375 0.48679524531249996 0.5997312781249999 0.49635183437499997 0.6049150937500001 0.50854014375 0.6023437765625 0.5143635125 0.583774571875 0.5274475984375 0.56306515625 0.52830611875 0.5539601828125 0.5160243953125 0.54600483125 0.5042091906249999 0.5244638687500001 0.49799327031249996 0.4723334875 0.4853195421875 0.45989749843750005 0.470928771875 0.46567145937500004 0.46637483281250003 0.5082092421875