1 0.248 0.9214501515625001 0.242 0.8761329312499999 0.22200000000000003 0.8489425984375 0.194 0.851963746875 0.184 0.8640483390625 0.188 0.936555890625 0.20800000000000002 0.9667673718750001 0.22400000000000003 0.9637462234375 0.248 0.9214501515625001
1 0.118 0.731117825 0.098 0.7069486406250001 0.072 0.725075528125 0.05600000000000001 0.7613293046875 0.057999999999999996 0.8006042296875 0.08199999999999999 0.821752265625 0.11200000000000002 0.7885196375 0.118 0.731117825
1 0.132 0.62537764375 0.126 0.5861027187500001 0.10200000000000001 0.561933534375 0.08199999999999999 0.561933534375 0.06999999999999999 0.5830815703125001 0.072 0.6283987921875 0.096 0.6555891234375 0.11599999999999999 0.6525679765625 0.132 0.62537764375
1 0.192 0.6918428999999999 0.20600000000000002 0.64350453125 0.202 0.592145015625 0.192 0.5800604234375 0.174 0.5800604234375 0.148 0.619335346875 0.146 0.66465256875 0.154 0.6918428999999999 0.162 0.70090634375 0.192 0.6918428999999999
1 0.266 0.552870090625 0.26 0.513595165625 0.238 0.4924471296875 0.21000000000000002 0.495468278125 0.192 0.5166163140625 0.192 0.561933534375 0.21400000000000002 0.5891238671875 0.246 0.5830815703125001 0.266 0.552870090625
1 0.21800000000000003 0.8096676734375 0.23399999999999999 0.7613293046875 0.22799999999999998 0.72205438125 0.21400000000000002 0.7099697890625001 0.196 0.7129909359375 0.184 0.731117825 0.174 0.773413896875 0.172 0.79758308125 0.182 0.8187311171875 0.20400000000000001 0.821752265625 0.21800000000000003 0.8096676734375
1 0.11200000000000002 0.8640483390625 0.11000000000000001 0.8429003015625 0.096 0.821752265625 0.072 0.8247734140625 0.06 0.806646525 0.044 0.821752265625 0.046 0.8640483390625 0.064 0.8942598187499999 0.088 0.8972809671875 0.11200000000000002 0.8640483390625
1 0.344 0.37462235625 0.346 0.3383685796875 0.33199999999999996 0.2960725078125 0.306 0.2870090640625 0.284 0.29909365625 0.284 0.3383685796875 0.304 0.389728096875 0.322 0.3957703921875 0.344 0.37462235625
1 0.47000000000000003 0.268882175 0.476 0.226586103125 0.46399999999999997 0.1570996984375 0.44000000000000006 0.138972809375 0.418 0.169184290625 0.41600000000000004 0.2114803625 0.42400000000000004 0.2567975828125 0.442 0.27794561875 0.47000000000000003 0.268882175
1 0.524 0.1722054375 0.532 0.12386706875 0.512 0.090634440625 0.476 0.0845921453125 0.458 0.1117824765625 0.458 0.138972809375 0.476 0.1722054375 0.49800000000000005 0.1842900296875 0.524 0.1722054375
1 0.404 0.1842900296875 0.418 0.14501510625 0.404 0.10574018125 0.382 0.0996978859375 0.352 0.1268882171875 0.33999999999999997 0.15407854999999998 0.344 0.1842900296875 0.362 0.19637462187500002 0.39 0.19637462187500002 0.404 0.1842900296875
1 0.454 0.3957703921875 0.45 0.3655589125 0.43 0.3474320234375 0.396 0.3474320234375 0.386 0.3655589125 0.386 0.4048338375 0.404 0.429003021875 0.43 0.43202416875000005 0.454 0.3957703921875
1 0.504 0.8882175234374999 0.504 0.8640483390625 0.484 0.8338368578124999 0.44400000000000006 0.8821752265624999 0.438 0.9244712984375001 0.45199999999999996 0.936555890625 0.49400000000000005 0.9063444109375001 0.504 0.8882175234374999
1 0.44000000000000006 0.9033232625000001 0.43600000000000005 0.8700906343750001 0.41600000000000004 0.85498489375 0.394 0.8640483390625 0.382 0.8851963749999999 0.38 0.9184290031250001 0.40599999999999997 0.9395770390625 0.42800000000000005 0.9305135953124999 0.44000000000000006 0.9033232625000001
1 0.472 0.56797583125 0.46799999999999997 0.5256797578125 0.446 0.495468278125 0.42400000000000004 0.4924471296875 0.414 0.513595165625 0.41200000000000003 0.5498489421875 0.438 0.592145015625 0.45999999999999996 0.5891238671875 0.472 0.56797583125
1 0.492 0.46223565000000005 0.484 0.41993957656249997 0.466 0.4018126890625 0.422 0.44712990937499997 0.42400000000000004 0.48338368593750003 0.45599999999999996 0.5015105734375 0.46399999999999997 0.5015105734375 0.492 0.46223565000000005
1 0.484 0.3716012078125 0.496 0.3383685796875 0.49400000000000005 0.3051359515625 0.476 0.2809667671875 0.45 0.29003021093750003 0.434 0.3262839875 0.434 0.34441087656249997 0.45 0.359516615625 0.458 0.3867069484375 0.484 0.3716012078125
1 0.434 0.3202416921875 0.43 0.283987915625 0.41600000000000004 0.268882175 0.39 0.2719033234375 0.368 0.29305135937500004 0.374 0.33534743125 0.39 0.350453171875 0.422 0.3383685796875 0.434 0.3202416921875
1 0.33399999999999996 0.5105740187500001 0.36 0.5105740187500001 0.376 0.4682779453125 0.372 0.3957703921875 0.34199999999999997 0.3867069484375 0.32 0.41993957656249997 0.32599999999999996 0.45619335312500003 0.316 0.47129909375 0.318 0.48942598125 0.33399999999999996 0.5105740187500001
1 0.356 0.6797583078125 0.356 0.649546828125 0.33199999999999996 0.6223564953125 0.302 0.62537764375 0.288 0.6465256796875 0.288 0.676737159375 0.322 0.716012084375 0.33999999999999997 0.7129909359375 0.356 0.6797583078125
1 0.4 0.64350453125 0.398 0.592145015625 0.386 0.5589123859375 0.366 0.5498489421875 0.348 0.5740181265625 0.346 0.6163141999999999 0.366 0.658610271875 0.382 0.658610271875 0.4 0.64350453125
1 0.316 0.9063444109375001 0.32 0.8761329312499999 0.31 0.8398791546875 0.27999999999999997 0.8247734140625 0.264 0.8489425984375 0.256 0.8821752265624999 0.254 0.9063444109375001 0.26 0.9184290031250001 0.302 0.9305135953124999 0.316 0.9063444109375001
1 0.29 0.957703928125 0.282 0.936555890625 0.252 0.9244712984375001 0.22200000000000003 0.9818731125 0.22000000000000003 0.9969788515625 0.282 0.9969788515625 0.29 0.9818731125 0.29 0.957703928125
1 0.3 0.1359516609375 0.29 0.090634440625 0.264 0.0785498484375 0.246 0.1117824765625 0.25 0.17824773437500002 0.268 0.193353475 0.288 0.19033232656250001 0.3 0.1359516609375
1 0.22599999999999998 0 0.21000000000000002 0.024169184375 0.21200000000000002 0.090634440625 0.22400000000000003 0.10271903281250001 0.248 0.0996978859375 0.266 0.0513595171875 0.26 0.015105740624999999 0.248 0 0.22599999999999998 0
1 0.22200000000000003 0.1419939578125 0.22200000000000003 0.12084592187500001 0.21000000000000002 0.0966767375 0.16799999999999998 0.10271903281250001 0.15 0.12084592187500001 0.15 0.1570996984375 0.172 0.187311178125 0.2 0.1842900296875 0.22200000000000003 0.1419939578125
1 0.176 0.3051359515625 0.174 0.27794561875 0.156 0.2658610265625 0.10800000000000001 0.283987915625 0.10800000000000001 0.31722054375000003 0.13 0.3474320234375 0.16 0.33534743125 0.176 0.3051359515625
1 0.12 0.429003021875 0.126 0.359516615625 0.11399999999999999 0.33534743125 0.088 0.33534743125 0.06999999999999999 0.3655589125 0.06999999999999999 0.407854984375 0.08199999999999999 0.43202416875000005 0.10800000000000001 0.43806646562499996 0.12 0.429003021875
1 0.11599999999999999 0.534743203125 0.12 0.5015105734375 0.10800000000000001 0.47129909375 0.076 0.46223565000000005 0.064 0.48338368593750003 0.062 0.5256797578125 0.078 0.552870090625 0.096 0.5558912390625 0.11599999999999999 0.534743203125
1 0.08199999999999999 0.244712990625 0.078 0.20543806718750002 0.062 0.1842900296875 0.036 0.1993957703125 0.022 0.22960725 0.02 0.268882175 0.041999999999999996 0.2960725078125 0.062 0.2870090640625 0.08199999999999999 0.244712990625
1 0.068 0.0966767375 0.078 0.0574018125 0.06 0.027190332812500002 0.048 0.024169184375 0.016 0.063444109375 0.014000000000000002 0.0845921453125 0.022 0.1087613296875 0.046 0.12386706875 0.068 0.0966767375
1 0.10800000000000001 0.1510574015625 0.10400000000000001 0.1117824765625 0.096 0.0996978859375 0.068 0.10271903281250001 0.052000000000000005 0.12386706875 0.048 0.169184290625 0.054000000000000006 0.17824773437500002 0.08199999999999999 0.1812688828125 0.10800000000000001 0.1510574015625
1 0.27599999999999997 0.302114803125 0.26 0.29305135937500004 0.22400000000000003 0.302114803125 0.20800000000000002 0.3293051359375 0.20600000000000002 0.35649546875000004 0.22999999999999998 0.389728096875 0.282 0.35347432031250003 0.27599999999999997 0.302114803125
1 0.262 0.23867069531250001 0.248 0.20845921406249998 0.22000000000000003 0.1993957703125 0.20800000000000002 0.22054380624999997 0.20600000000000002 0.2658610265625 0.21800000000000003 0.2960725078125 0.258 0.283987915625 0.262 0.23867069531250001
1 0.266 0.48640483437500004 0.266 0.44712990937499997 0.248 0.422960725 0.21800000000000003 0.4169184296875 0.198 0.44108761406249997 0.196 0.46223565000000005 0.21400000000000002 0.48942598125 0.258 0.495468278125 0.266 0.48640483437500004
1 0.2 0.495468278125 0.194 0.44712990937499997 0.182 0.4259818734375 0.152 0.41389728124999997 0.134 0.44108761406249997 0.132 0.46223565000000005 0.148 0.5045317218750001 0.176 0.5166163140625 0.2 0.495468278125
1 0.18 0.9395770390625 0.16399999999999998 0.9395770390625 0.142 0.9818731125 0.142 0.9969788515625 0.21000000000000002 0.9939577046875 0.20600000000000002 0.9728096671875001 0.18 0.9395770390625
1 0.16 0.8972809671875 0.174 0.8640483390625 0.16999999999999998 0.8398791546875 0.156 0.8187311171875 0.11599999999999999 0.8429003015625 0.10400000000000001 0.8972809671875 0.122 0.9214501515625001 0.134 0.9214501515625001 0.16 0.8972809671875
1 0 0.43202416875000005 0.041999999999999996 0.422960725 0.05 0.407854984375 0.044 0.3685800609375 0.008 0.3383685796875 0 0.3383685796875 0 0.43202416875000005
1 0.054000000000000006 0.6918428999999999 0.062 0.6737160125 0.062 0.6344410875000001 0.054000000000000006 0.610271903125 0.034 0.592145015625 0.016 0.5951661625 0.008 0.6072507546875 0.004 0.6616314203125 0.01 0.6888217515624999 0.026000000000000002 0.70090634375 0.054000000000000006 0.6918428999999999
2 0.744 0.43202416875000005 0.752 0.41993957656249997 0.756 0.3685800609375 0.746 0.3474320234375 0.712 0.3262839875 0.686 0.3293051359375 0.674 0.341389728125 0.67 0.37462235625 0.6900000000000001 0.41993957656249997 0.72 0.43504531718750006 0.744 0.43202416875000005
2 0.828 0.14501510625 0.8460000000000001 0.0996978859375 0.842 0.042296071875 0.8300000000000001 0.024169184375 0.8099999999999999 0.0181268875 0.784 0.05438066406249999 0.782 0.1117824765625 0.792 0.138972809375 0.798 0.148036253125 0.828 0.14501510625
2 0.8800000000000001 0.66465256875 0.8880000000000001 0.5981873109375 0.876 0.5468277953125 0.8640000000000001 0.534743203125 0.844 0.534743203125 0.826 0.561933534375 0.8240000000000001 0.6314199390625 0.8320000000000001 0.6616314203125 0.85 0.676737159375 0.8800000000000001 0.66465256875
2 0.796 0.2114803625 0.796 0.15407854999999998 0.782 0.1268882171875 0.762 0.12386706875 0.74 0.1570996984375 0.742 0.20845921406249998 0.754 0.2326283984375 0.772 0.23867069531250001 0.796 0.2114803625
2 0.708 0.12084592187500001 0.7 0.0966767375 0.6719999999999999 0.0845921453125 0.642 0.1178247734375 0.634 0.14501510625 0.636 0.19033232656250001 0.6679999999999999 0.20845921406249998 0.6980000000000001 0.1722054375 0.708 0.12084592187500001
2 0.674 0.676737159375 0.65 0.6163141999999999 0.624 0.619335346875 0.602 0.6525679765625 0.6 0.6858006046875 0.622 0.72205438125 0.6599999999999999 0.7190332328125 0.674 0.676737159375
2 0.61 0.5709969781249999 0.644 0.5196374625 0.646 0.4743202421875 0.636 0.4531722046875 0.62 0.44410876093749996 0.5900000000000001 0.4682779453125 0.576 0.5045317218750001 0.5740000000000001 0.543806646875 0.5820000000000001 0.5649546828124999 0.592 0.5740181265625 0.61 0.5709969781249999
2 0.794 0.552870090625 0.8140000000000001 0.5256797578125 0.818 0.48942598125 0.806 0.465256796875 0.778 0.46223565000000005 0.75 0.4803625375 0.734 0.5105740187500001 0.732 0.53776435 0.742 0.5589123859375 0.772 0.5649546828124999 0.794 0.552870090625
2 0.76 0.984894259375 0.788 0.936555890625 0.794 0.8821752265624999 0.786 0.8670694859375001 0.748 0.851963746875 0.73 0.8731117828125001 0.712 0.9184290031250001 0.71 0.9546827796875 0.716 0.9697885203125001 0.732 0.984894259375 0.76 0.984894259375
2 0.922 0.3957703921875 0.922 0.359516615625 0.9039999999999999 0.31722054375000003 0.8859999999999999 0.31722054375000003 0.866 0.332326284375 0.8560000000000001 0.35649546875000004 0.8560000000000001 0.3867069484375 0.884 0.4259818734375 0.906 0.41993957656249997 0.922 0.3957703921875
2 0.9560000000000001 0.9667673718750001 0.9640000000000001 0.9305135953124999 0.954 0.9093655593750001 0.93 0.9033232625000001 0.8960000000000001 0.9395770390625 0.892 0.9728096671875001 0.9019999999999999 0.99093655625 0.9380000000000001 0.9939577046875 0.9560000000000001 0.9667673718750001
2 0.6599999999999999 0.44712990937499997 0.6719999999999999 0.4259818734375 0.6719999999999999 0.4018126890625 0.654 0.341389728125 0.642 0.3262839875 0.624 0.3262839875 0.606 0.34441087656249997 0.604 0.38368579999999997 0.618 0.422960725 0.634 0.44410876093749996 0.6599999999999999 0.44712990937499997
2 0.588 0.3867069484375 0.606 0.332326284375 0.6 0.29909365625 0.5740000000000001 0.268882175 0.544 0.283987915625 0.538 0.29305135937500004 0.542 0.3293051359375 0.568 0.38066465312500003 0.588 0.3867069484375
2 0.646 0.10271903281250001 0.6519999999999999 0.033232628125000004 0.642 0.0030211484375 0.604 0 0.5900000000000001 0.030211479687499997 0.5860000000000001 0.06646525625000001 0.6 0.10271903281250001 0.616 0.1178247734375 0.646 0.10271903281250001
2 0.778 0.31117824843749997 0.77 0.27794561875 0.756 0.2628398796875 0.73 0.2658610265625 0.716 0.2870090640625 0.712 0.323262840625 0.754 0.350453171875 0.764 0.3474320234375 0.778 0.31117824843749997
2 0.8160000000000001 0.64350453125 0.8099999999999999 0.5951661625 0.792 0.5800604234375 0.764 0.592145015625 0.766 0.6525679765625 0.786 0.6737160125 0.808 0.66465256875 0.8160000000000001 0.64350453125
2 0.74 0.84592145 0.74 0.8338368578124999 0.72 0.8096676734375 0.73 0.77945619375 0.718 0.7643504531249999 0.688 0.7673716015625 0.67 0.77945619375 0.6599999999999999 0.8006042296875 0.6599999999999999 0.8398791546875 0.682 0.8731117828125001 0.718 0.8731117828125001 0.74 0.84592145
2 0.732 0.72205438125 0.726 0.68277945625 0.71 0.6737160125 0.686 0.6797583078125 0.67 0.70090634375 0.662 0.7371601203125 0.6799999999999999 0.7643504531249999 0.712 0.755287009375 0.732 0.72205438125
2 0.982 0.27794561875 0.9720000000000001 0.2567975828125 0.9460000000000001 0.25981873125 0.9259999999999999 0.2719033234375 0.9119999999999999 0.2960725078125 0.914 0.323262840625 0.944 0.34441087656249997 0.974 0.31722054375000003 0.982 0.27794561875
2 0.9400000000000001 0.592145015625 0.966 0.592145015625 0.982 0.577039275 0.99 0.5498489421875 0.986 0.52870090625 0.9480000000000001 0.5075528703125001 0.9179999999999999 0.5075528703125001 0.906 0.5256797578125 0.906 0.5468277953125 0.9179999999999999 0.577039275 0.9400000000000001 0.592145015625
2 0.9179999999999999 0.8157099703125 0.914 0.7764350453125 0.8939999999999999 0.7492447125 0.8699999999999999 0.7492447125 0.852 0.7854984890625001 0.8560000000000001 0.8247734140625 0.876 0.8429003015625 0.9019999999999999 0.8398791546875 0.9179999999999999 0.8157099703125
2 0.9359999999999999 0.7099697890625001 0.9460000000000001 0.68277945625 0.9460000000000001 0.64350453125 0.9359999999999999 0.601208459375 0.9099999999999999 0.5830815703125001 0.892 0.6163141999999999 0.8880000000000001 0.676737159375 0.898 0.7069486406250001 0.9099999999999999 0.72205438125 0.9359999999999999 0.7099697890625001
2 0.8460000000000001 0.9093655593750001 0.85 0.8398791546875 0.836 0.806646525 0.8240000000000001 0.79758308125 0.808 0.803625378125 0.794 0.8398791546875 0.794 0.8700906343750001 0.806 0.9063444109375001 0.8220000000000001 0.9184290031250001 0.8460000000000001 0.9093655593750001
2 0.5700000000000001 0.9697885203125001 0.5700000000000001 0.9425981875 0.5519999999999999 0.9154078546875001 0.522 0.9093655593750001 0.504 0.9305135953124999 0.508 0.975830815625 0.528 0.9969788515625 0.554 0.9939577046875 0.5700000000000001 0.9697885203125001
2 0.646 0.8096676734375 0.6599999999999999 0.7492447125 0.6519999999999999 0.7280966765625 0.614 0.7280966765625 0.604 0.7432024171875 0.5900000000000001 0.8247734140625 0.606 0.851963746875 0.616 0.85498489375 0.646 0.8096676734375
2 0.726 0.5861027187500001 0.724 0.534743203125 0.708 0.5166163140625 0.688 0.5196374625 0.6599999999999999 0.592145015625 0.658 0.6344410875000001 0.678 0.658610271875 0.6940000000000001 0.6525679765625 0.726 0.5861027187500001
2 0.6639999999999999 0.244712990625 0.6639999999999999 0.22960725 0.626 0.1993957703125 0.5940000000000001 0.1812688828125 0.5740000000000001 0.187311178125 0.576 0.22960725 0.606 0.2658610265625 0.64 0.274924471875 0.6639999999999999 0.244712990625
2 0.72 0.274924471875 0.72 0.235649546875 0.712 0.217522659375 0.696 0.2145015109375 0.6759999999999999 0.22960725 0.654 0.2658610265625 0.658 0.31117824843749997 0.688 0.31722054375000003 0.7 0.31117824843749997 0.72 0.274924471875
2 0.736 0.06646525625000001 0.748 0.042296071875 0.746 0.0211480359375 0.722 0.0030211484375 0.688 0.0030211484375 0.6639999999999999 0.024169184375 0.658 0.0513595171875 0.666 0.0785498484375 0.72 0.0755287015625 0.736 0.06646525625000001
2 0.9019999999999999 0.0513595171875 0.898 0 0.842 0.0060422953124999994 0.834 0.024169184375 0.8539999999999999 0.081570996875 0.892 0.072507553125 0.9019999999999999 0.0513595171875
2 0.842 0.2507552875 0.8460000000000001 0.20845921406249998 0.8320000000000001 0.1993957703125 0.784 0.22960725 0.778 0.2567975828125 0.788 0.2719033234375 0.8140000000000001 0.274924471875 0.842 0.2507552875
2 0.818 0.7915407859375 0.826 0.7371601203125 0.8140000000000001 0.6918428999999999 0.794 0.6858006046875 0.782 0.697885196875 0.778 0.74018126875 0.786 0.773413896875 0.798 0.7915407859375 0.818 0.7915407859375
2 0.528 0.7885196375 0.538 0.7341389734375 0.532 0.6918428999999999 0.522 0.6737160125 0.5 0.6858006046875 0.48600000000000004 0.74018126875 0.48600000000000004 0.7854984890625001 0.496 0.803625378125 0.512 0.806646525 0.528 0.7885196375
2 0.516 0.6072507546875 0.536 0.5649546828124999 0.534 0.5075528703125001 0.52 0.48640483437500004 0.492 0.495468278125 0.48 0.5317220546875 0.48 0.5709969781249999 0.496 0.601208459375 0.516 0.6072507546875