1 1 0.7735751875 0.9961935953125 0.76694664375 0.9825461015625001 0.75423130625 0.9723168015624999 0.7513013671875 0.9525557656249999 0.7554171249999999 0.9375827718749999 0.762843315625 0.9254381687500001 0.784652696875 0.9267698843750001 0.8036971015625 0.937233778125 0.8230142328125 0.957609896875 0.8407269218750001 0.98266629375 0.84717660625 1 0.8433240484375 1 0.7735751875
1 0.932465225 0.676626640625 0.9231427999999999 0.6736332859374999 0.9105290125 0.6626682859375 0.899773325 0.6652430203125 0.8820797015625 0.672859453125 0.8692375359375 0.6846931953125 0.86407521875 0.7151274359375 0.8751923296875 0.730753646875 0.891243378125 0.73874435625 0.9162363609374999 0.7442871640625001 0.9488204953125001 0.741097346875 0.964700365625 0.73360774375 0.97229151875 0.7248751203125 0.9780879875 0.70350964375 0.9759762249999999 0.6863424078125 0.9632356078125 0.6735636546875 0.9534502109374999 0.67698185 0.932465225 0.676626640625
1 0.817621846875 0.637269109375 0.805559728125 0.647225684375 0.7988563828124999 0.6686545765624999 0.7987357687500001 0.706026753125 0.8020905468749999 0.714905271875 0.8118568765624999 0.7242467625 0.835099521875 0.7308232765625 0.8492924703125 0.7252742546875 0.8603842984375 0.7144742203125001 0.86736036875 0.6839131484375 0.8628007046875 0.657803978125 0.8490263796875 0.6432748875 0.835759375 0.6360008109375 0.817621846875 0.637269109375
1 0.8002133796875001 0.7141252265625 0.7972581578125 0.6979282812500001 0.788125978125 0.6976555531249999 0.76783855625 0.7072759859375 0.7567467265625 0.718076021875 0.7462890484375 0.7379448203125001 0.74690413125 0.75977326875 0.7571777796875 0.776369771875 0.7761397031249999 0.786890865625 0.8078803765625 0.784671340625 0.8314782296875001 0.7702628671875 0.8440667375 0.7548016203125 0.85056076875 0.7434117828125 0.8477323765625 0.729028590625 0.8315354312500001 0.7319838125 0.8167083328125001 0.7284640703124999 0.8002133796875001 0.7141252265625
1 0.72791735 0.5925084546875 0.7110037734375 0.5982477203125 0.6897269921875 0.6197843765625 0.680765990625 0.6349919625 0.6788506890625 0.6597312859375 0.687437415625 0.6782683703125 0.7080862609375 0.68684888125 0.7153412718750001 0.6863415609375 0.73472181875 0.6767845453125 0.7485342765625 0.665794265625 0.7669001828125 0.641727225 0.7642811015625 0.6173049765624999 0.7567914984375 0.60142510625 0.7489657515625 0.5937705375 0.72791735 0.5925084546875
1 0.7692776125 0.8712113046875001 0.76894146875 0.87943660625 0.7958750359375 0.8866663359375 0.8177668984375 0.8869581312499999 0.8221110359375 0.8839204265625 0.8365132953125001 0.8683323484375001 0.8469075578125 0.8475566734375001 0.8498374999999999 0.8373273734375 0.8471550046875 0.8119982484375001 0.8383589671875 0.80350021875 0.8266964031249999 0.8061383671875 0.7692776125 0.8712113046875001
1 0.783584959375 0.7891041750000001 0.7712691796875 0.79543324375 0.7474620140625 0.8198807718750001 0.7362242890624999 0.8416267390625001 0.7345817140625 0.857233884375 0.74753164375 0.8599735781250001 0.7648066453125 0.87243525625 0.768370734375 0.8712747203125 0.7860200093749999 0.849991725 0.792323796875 0.8358812578125001 0.7965411046875001 0.8310298015625 0.8002320234375 0.8316830171875 0.8206019296875 0.8102097765625 0.818934071875 0.7993906749999999 0.812922078125 0.7916092781249999 0.8007521953125 0.7869924125 0.783584959375 0.7891041750000001
1 0.7211053984375 0.8599988609375 0.7099501546875 0.8698920203125 0.7005895984375 0.8924180328125001 0.700215321875 0.9261627046875001 0.7062082484375 0.9467037875000001 0.716291653125 0.9605796609375 0.72852495 0.9661034000000001 0.7403143437499999 0.96527900625 0.750163153125 0.9627676890625001 0.7622886890625 0.953717990625 0.773209340625 0.9274376421875001 0.7708629859375 0.8938832140624999 0.7611157234375 0.8717820390625001 0.7420269703125 0.8594471921875 0.7211053984375 0.8599988609375
1 0.6435388640624999 0.8845603687500001 0.6381419546875 0.8986074187499999 0.6414776671875 0.9202456234374999 0.6496204875 0.9324345718749999 0.671093728125 0.9528044781249999 0.6938734015625 0.965792540625 0.7107235640625 0.9591463984375 0.700849471875 0.9352314703125 0.698547465625 0.915343603125 0.7002725234375 0.88788365 0.708199815625 0.8709257265625 0.706975865625 0.8664547593749999 0.6837966359375 0.860785121875 0.660471509375 0.8660614171875001 0.6435388640624999 0.8845603687500001
1 0.563030384375 0.7106618390625 0.5538982046875 0.7103891124999999 0.5413921796875 0.71399755 0.5337376125 0.721823296875 0.53074425625 0.731145721875 0.5318223109375 0.7465626203125 0.5383416234375 0.7615990296875 0.5619456921875 0.7863764859375 0.58478878125 0.800271425 0.5998061234375001 0.806511796875 0.6288261671875001 0.8044825187500001 0.6355104453125 0.7958133109375 0.633081609375 0.7741116921875 0.61447489375 0.7426056109375 0.5827089375 0.7183988890624999 0.563030384375 0.7106618390625
1 0.6441481546875 0.7368854093749999 0.6340075515625 0.7612885921875 0.6341787296875 0.7767689046874999 0.6404253171875001 0.80093749375 0.6505087203125 0.8148133671875 0.6571739296875 0.81890384375 0.6707327281250001 0.8042860578125 0.6930875624999999 0.7981663015625 0.6934871203124999 0.790847875 0.6620954390625 0.73289648125 0.652963259375 0.73262375625 0.6441481546875 0.7368854093749999
1 0.707407340625 0.7944310328124999 0.6938676109374999 0.796289134375 0.6698258515625 0.8043494734375001 0.6588608515625001 0.8169632609375 0.6569455515625 0.8417025828125 0.670066659375 0.85992259375 0.6937722765625 0.8600875578125 0.71053995625 0.8652942234375001 0.730637134375 0.8529531625000001 0.7374673078125 0.833338021875 0.736706328125 0.8224555046875001 0.7292801375 0.8074825109375 0.719577225 0.799047896875 0.707407340625 0.7944310328124999
1 0.6118491765625 0.8093149078125 0.5964132109375 0.8231526468749999 0.5843129578124999 0.858628590625 0.5842938906249999 0.8713882749999999 0.5910034484375 0.8891453140625 0.6074349875 0.9025772812499999 0.6195414546875 0.9062872687500001 0.6338612328125001 0.902552 0.6450355437499999 0.8798991562499999 0.6638453546874999 0.8621802515624999 0.6548781390625 0.8382019093749999 0.6537366687499999 0.8218781328125001 0.642936634375 0.8107863046875 0.6290798265624999 0.8081100234375 0.6118491765625 0.8093149078125
1 0.620701990625 0.9098513593750001 0.611531678125 0.9350980015625 0.6090456421875 0.9516754374999999 0.610123696875 0.9670923374999999 0.6209680796875 0.9918507265625 0.6699394062499999 0.9884263171875001 0.6834347890625 0.9729016546875 0.682737225 0.9629260140625 0.643735325 0.9264669281250001 0.6368989375 0.9068961375000001 0.620701990625 0.9098513593750001
1 0.7868696859375001 0.8882073625 0.7719791734375 0.88378074375 0.7693853734375 0.8857847421875 0.77417963125 0.928281103125 0.7713131046874999 0.9394172796875001 0.7752576859375 0.9436980015625 0.7939025328125 0.9496847140625 0.8227957484375 0.9458416812499999 0.8288902234375 0.9417702718750001 0.8411616546875 0.9217746421875 0.8389230640625 0.902793653125 0.8319407796875 0.8941687937499999 0.8197708953125 0.8895519296875 0.7868696859375001 0.8882073625
1 0.933206715625 0.83058631875 0.925869221875 0.842946446875 0.92018051875 0.8788853609375 0.9211760906249999 0.9061550687500001 0.9504307296875 0.9205129796874999 0.9554533640624999 0.9402106015625 0.9734006468749999 0.9362216734375 0.985082278125 0.920823840625 0.987777625 0.8942073484374999 0.9932379499999999 0.8810671749999999 0.9911452562499999 0.8511402531250001 0.95961389375 0.8433207218750001 0.9394280203125 0.8283286625 0.933206715625 0.83058631875
1 0.8723950109375 0.91230010625 0.8449159906249999 0.9233347343749999 0.831610853125 0.9415800265625001 0.83178203125 0.9570603406249999 0.8369505640625 0.9658120296874999 0.846209571875 0.9678985093750001 0.85494219375 0.9754896625 0.9293060593750001 0.970289634375 0.9497393781250001 0.9497232703125 0.9518892734375 0.9413711375 0.9496506828125 0.9223901484375 0.92505725625 0.909528915625 0.9130142031249999 0.9067258031250001 0.8723950109375 0.91230010625
1 0.85439179375 0.5636156609375 0.8300963765624999 0.56804849375 0.8127641750000001 0.5938658718750001 0.8152754921875 0.6037146828125 0.836539421875 0.6341236421875001 0.8652676734375 0.6539862265624999 0.8778371125 0.6512846640625 0.8873688484375 0.6442389640624999 0.8994500359375 0.6215227062500001 0.8973382750000001 0.60435546875 0.8828663859375 0.5798507390625 0.8684388453125 0.569012571875 0.85439179375 0.5636156609375
1 0.8512529640625001 0.45356654062499996 0.8332422656249999 0.4566485921875 0.8192395625 0.46491824375 0.80717744375 0.4748748171875 0.80209760625 0.49345625000000004 0.8058328765624999 0.507776028125 0.81507281875 0.5226221921875001 0.8351952765625 0.5367073765625 0.849052084375 0.5393836578125 0.87347433125 0.536764578125 0.8866335734374999 0.5294652171875 0.89650145 0.5141942140625 0.8968566578124999 0.493209228125 0.8862025203125 0.47117146718749997 0.8754659 0.46098651406249996 0.8512529640625001 0.45356654062499996
1 0.7242459171875 0.44877807656249996 0.709209509375 0.4552973890625 0.699804603125 0.46415684218750003 0.6879136625 0.48959372968750003 0.688909234375 0.5168634359375 0.6931708890625 0.525678540625 0.7086955515625 0.5391739234374999 0.7243661109375 0.5417233734375 0.7334539421875 0.5283295406249999 0.7477103046875 0.5236873953125001 0.7648966078125 0.5088159484375 0.7701666875 0.49295514531249995 0.769678434375 0.47294044843750005 0.7623790765625 0.459781209375 0.7379758937500001 0.44964060312500004 0.7242459171875 0.44877807656249996
1 0.7805671671875001 0.5113654000000001 0.7633365140625 0.512570284375 0.74777371875 0.5245942703125 0.73611115625 0.5272324187499999 0.7309235578125 0.5312404140625 0.727086740625 0.5415331296875 0.7310122531250001 0.5585735359374999 0.748204771875 0.582888021875 0.7634757734375001 0.5927558984375 0.7838075453125 0.5968020265625 0.8052555046875 0.5907456859375 0.8172542093749999 0.5798822359375 0.8237482421875001 0.5684923984375 0.8220360375 0.5440067359375 0.817710965625 0.5342847546875 0.804906934375 0.5205991265625001 0.7805671671875001 0.5113654000000001
1 0.6522408359375 0.5659043921875 0.63642438125 0.5743008734374999 0.62661991875 0.5904787515625001 0.6230367609374999 0.6043989734374999 0.626182228125 0.623316546875 0.63658270625 0.6417268015625 0.6591721359375 0.6519942375000001 0.6762125421875 0.648068721875 0.6812923765625001 0.6294872890625001 0.698098190625 0.6091745859375 0.69625915625 0.58287516875 0.684425415625 0.570033003125 0.6721921171874999 0.5645092625 0.6522408359375 0.5659043921875
1 0.6360376765625 0.529673684375 0.6233857546875 0.5442280562499999 0.6230939625 0.56611991875 0.627038540625 0.5704006406250001 0.6345472140624999 0.5735208265625 0.65127054375 0.56506093125 0.6648102765624999 0.5632028296875 0.6842985859375 0.5682192500000001 0.70492215 0.550373515625 0.70882238125 0.5409876765625 0.6901966015625 0.5222412796875 0.68635356875 0.4933480640625 0.6772213890625001 0.4930753375 0.6498692015625 0.50592371875 0.6360376765625 0.529673684375
1 0.5779847328125001 0.5856778578124999 0.5653328125 0.600232228125 0.5669181875 0.6229041375000001 0.5775913921875 0.6321822140625 0.5830770000000001 0.6454682859374999 0.5927799125 0.6539029000000001 0.5965342484375 0.6554629921874999 0.6140376265625 0.6451259296875 0.6338620781250001 0.641917046875 0.624114815625 0.619815871875 0.6221298843749999 0.6044623890625 0.6321436578124999 0.578245453125 0.630983121875 0.5746813640624999 0.6124016890624999 0.5696015265625001 0.5989253734375 0.5723665046875 0.5779847328125001 0.5856778578124999
1 0.6766183140625001 0.6799362265625 0.643317546875 0.6859100859375 0.62819865625 0.7042822078125 0.6323144140625 0.7240432453125 0.6421441578125 0.7342916109375001 0.6610617328124999 0.73114614375 0.6699846015625 0.7414579265625 0.6921935390625 0.7462841015625 0.7003554265624999 0.7457133671875 0.7129439328125 0.73025211875 0.734011403125 0.71875451875 0.7334406671875 0.71059263125 0.723420678125 0.6976236359375 0.7138445953125 0.6910027734375 0.6766183140625001 0.6799362265625
1 1 0.4825396125 0.9985283656249999 0.46149425781250003 0.993867153125 0.45999757968750005 0.975666209375 0.46035900312500005 0.9558226921875 0.4763275703125 0.9513960734375001 0.4912180828125 0.9527277875 0.5102624859375 0.960851540625 0.5352111203125001 0.9709349453125 0.54908699375 0.9882733609375001 0.562455546875 1 0.5640803875 1 0.4825396125
1 0.9018349453125 0.4992402875 0.8951316031250001 0.52066918125 0.8852637250000001 0.5359401828125 0.8885994374999999 0.5575783859375 0.909438528125 0.568879525 0.9333978046875 0.572671996875 0.962753990625 0.5624174140625 0.9695016828125 0.55465508125 0.9690577781249999 0.548306946875 0.9566533015625 0.5273028937500001 0.9497725656249999 0.494065540625 0.93947985 0.49022872343749996 0.91952856875 0.491623853125 0.9018349453125 0.4992402875
1 0.9584985500000001 0.592788240625 0.94145814375 0.596713753125 0.924616128125 0.61216896875 0.9136239171874999 0.6287333687500001 0.9100407593750001 0.6426535906249999 0.915126809375 0.6632580875 0.9239862609375 0.67266299375 0.9415339890625001 0.675992490625 0.9657659921875 0.67065278125 0.9788618171874999 0.6624465453124999 0.9922303703124999 0.64510813125 0.997563865625 0.630154203125 0.9957691796875 0.617521346875 0.9857491906250001 0.604552353125 0.97144848125 0.5955279359375 0.9584985500000001 0.592788240625
1 0.5631310875 0.9466842984375001 0.5547598890625001 0.9572940890625 0.54841796875 0.9969239249999999 0.601923675 0.9931824406249999 0.6002748859375 0.969603653125 0.5869635343749999 0.948663015625 0.5784845703125 0.9446993671874999 0.5631310875 0.9466842984375001
2 0.4923570171875 0.846832559375 0.4732110625 0.8727767671875 0.4665077203125 0.894205659375 0.46697690625000005 0.9269800406250001 0.476470509375 0.9454537109375 0.4850763015625 0.9512311109375 0.49349184843750005 0.95428788125 0.5185038984375 0.947071003125 0.5405225921875 0.9491765484375 0.548177159375 0.941350803125 0.5527940250000001 0.92918091875 0.5515066578125001 0.9238030765625 0.5411695953125 0.9062996984374999 0.5366733453125 0.8810974046875 0.527623646875 0.8689718687499999 0.5342001609375 0.8457292234375 0.5226834953124999 0.8374214390624999 0.5081100578125 0.8375292015625 0.4923570171875 0.846832559375
2 0.429250365625 0.687209459375 0.41746097187500003 0.688033853125 0.3970467203125 0.695840534375 0.390299028125 0.7036028640625 0.38490211875 0.717649915625 0.38475622187499997 0.728595846875 0.39296245625 0.741691675 0.40165694687500003 0.7748021953124999 0.4233204328125 0.7978927296875 0.4394348953125 0.806790315625 0.45776266718749997 0.8082426453125 0.471638540625 0.7981592421875 0.48196939062500005 0.7764766890625 0.481817278125 0.748236690625 0.4723427421875 0.7170033359375 0.446018046875 0.692416125 0.429250365625 0.687209459375
2 0.5239402109375 0.5165521546875 0.505149465625 0.5215113734375 0.49327758906249997 0.534188578125 0.48339064687500005 0.5622192640625 0.4834793421875 0.5895523875 0.4945139703125 0.6170314046875001 0.510945509375 0.6304633734375 0.5277766046875 0.636576915625 0.539692828125 0.6375662734375 0.55666981875 0.6327338828125 0.5634175109374999 0.6249715515625 0.5627390125 0.6022362265625001 0.5802614578124999 0.579139478125 0.577959453125 0.5592516125 0.571376725 0.5433083265625 0.553721234375 0.5254053921875 0.5239402109375 0.5165521546875
2 0.47428374843750004 0.5883727828125 0.463673959375 0.5800015828125 0.4496269078125 0.5746046734375 0.4207336921875 0.57844770625 0.39738949843750004 0.5964836859375 0.3868684046875 0.6154456078125 0.38936065625 0.638054103125 0.404022790625 0.6652794625 0.42433549375 0.682085275 0.46478972343749997 0.7002165890625001 0.4893388015625 0.6994112625 0.5087193484375 0.6898542437499999 0.5216439953124999 0.6661676937500001 0.5220626187499999 0.6460895828125001 0.48797559062499996 0.61475468125 0.4822997390625 0.5987479796875 0.47428374843750004 0.5883727828125
2 0.2265858734375 0.64305725 0.21387053749999999 0.65670474375 0.20756675000000002 0.6708152093749999 0.210439490625 0.6988649640625 0.22005992343749997 0.7191523859375 0.2326102953125 0.7292105078125 0.25591635625000003 0.7366938984375 0.275087590625 0.7371759359375 0.2857798625 0.733694328125 0.2927177984375 0.7286526265625 0.29655461562499996 0.7183599109375 0.29578742187499996 0.6682914625 0.28764460000000003 0.6561025125 0.255542503125 0.64012109375 0.2265858734375 0.64305725
2 0.29817233125 0.54600904375 0.280034803125 0.5472773421875 0.24962584375 0.568541271875 0.2397579671875 0.583812275 0.23630163906249999 0.5995462484375 0.2425672921875 0.610955153125 0.2520799609375 0.6166691375 0.25522542812500004 0.6355867125 0.2723736 0.6462346359375 0.296586534375 0.6536546109375 0.30727880625 0.650173 0.30696173125000004 0.64563861875 0.316620296875 0.640406671875 0.33796049375 0.61977689375 0.34472725312499997 0.599254878125 0.342552075 0.5811807640625 0.3367493953125 0.5633603109374999 0.32135156249999997 0.5516786812500001 0.29817233125 0.54600904375
2 0.35428426874999996 0.618635425 0.34411838281249996 0.616612359375 0.3219981421875 0.63911930625 0.319448690625 0.6547898640625001 0.29950362343750003 0.695370925 0.30140607343750003 0.7225772171875 0.306194115625 0.725887646875 0.332956503125 0.7176370640624999 0.343902434375 0.717782959375 0.3736200453125 0.725729321875 0.3780910125 0.7245053703125001 0.39550569375 0.686835184375 0.39740192812499997 0.6748555453125 0.394909678125 0.6522470515625 0.37603023593749996 0.6298731484375 0.36495747343749996 0.6279135 0.35428426874999996 0.618635425
2 0.3690222484375 0.7251395203125 0.34033834375 0.7189434953125 0.32764207500000003 0.7198313062499999 0.305477484375 0.7286716921874999 0.2957364375 0.745756446875 0.2981018578125 0.7665511890625 0.3077857046875 0.7877454890625 0.328497965625 0.7972328765625 0.34604569218750003 0.8005623734375 0.368590771875 0.7971632453125 0.386874196875 0.7849490140625 0.39427510468750004 0.7734957625 0.39359660625 0.7507604390625 0.389017878125 0.7374109515625 0.38222583593750004 0.731506721875 0.3690222484375 0.7251395203125
2 0.483434571875 0.7062033015625 0.47409308125000005 0.71596963125 0.48388469062499995 0.7517373671875001 0.48496274531249994 0.767154265625 0.48234988124999995 0.7819179484375 0.46748464843750004 0.803917575 0.474466934375 0.812542434375 0.5065880984375 0.81576416875 0.5284990281249999 0.8032962781249999 0.533369553125 0.7947539 0.5366547015625 0.7635396125 0.531232509375 0.7511604171874999 0.52899391875 0.732179428125 0.534200584375 0.715411746875 0.524370840625 0.7051633796875 0.5147947562499999 0.69854251875 0.5010013640625 0.6967731140625 0.483434571875 0.7062033015625
2 0.426637078125 0.8322906171875 0.410040575 0.8425642671875 0.3978578390625 0.8898930187499999 0.4157669890625 0.911423459375 0.4237005 0.9336514640625 0.44890279375000003 0.929155215625 0.4523400546875 0.9261809265625001 0.451959565625 0.9207396671874999 0.4617449609375 0.9173214749999999 0.46522035468749995 0.8888278156249999 0.47873480468749996 0.8605434703125001 0.47616007031249996 0.8497877812500001 0.4596651171875 0.8354489375 0.4419905609375 0.8303056874999999 0.426637078125 0.8322906171875
2 0.3345733734375 0.80592115 0.31046819999999997 0.8130746140625 0.3010632953125 0.8219340640624999 0.29533024218750004 0.84420641875 0.2801479359375 0.8616716640625001 0.2794756546875 0.87812226875 0.31596623749999997 0.9047325453124999 0.3326070875 0.9081254578125 0.36681473124999997 0.9020881828125 0.393196628125 0.8883963406250001 0.398974028125 0.879790546875 0.40757360625 0.8463820171875 0.4048720421875 0.833812578125 0.39957668125 0.8232471359375 0.37466618125 0.8058515203125 0.3345733734375 0.80592115
2 0.35080802968749997 0.907764034375 0.31537643437499996 0.9093303421875 0.3312243875 0.9665460390625 0.3455250984375 0.9755704546875 0.36035219375 0.9790901968749999 0.387621903125 0.9780946234375 0.40000109687499996 0.97267243125 0.41155589687500005 0.9554608468750001 0.42013640781249995 0.9348120015625 0.418151478125 0.9194585171874999 0.4087847046875 0.9027986 0.39416691875 0.8892398015625 0.35080802968749997 0.907764034375
2 0.47873850312500005 1 0.4805672 0.97797443125 0.4888115703125 0.9655508875000001 0.4892111265625 0.9582324609375 0.47394012500000005 0.948364584375 0.46489042812500003 0.93623905 0.45181366718750005 0.9316856 0.42026323750000005 0.936625753125 0.412589603125 0.957211184375 0.3994112953125 0.9772702296875 0.4022396890625 0.9916534218749999 0.418943953125 0.9959532109375001 0.4240295609375 1 0.47873850312500005 1
2 0.3110499203125 1 0.315179553125 0.9977412593749999 0.32511084375 0.9833771328124999 0.32554853437500003 0.9505393375000001 0.3127192203125 0.9104274640625001 0.2948734859375 0.8898039000000001 0.2835470640625 0.8842167453125 0.2544636046875 0.885339146875 0.24240148437500003 0.8952957203125 0.23968706874999998 0.9346718968750001 0.23078948281249997 0.9507863593750001 0.2315504640625 0.9616688765625 0.243028996875 0.9954960296875001 0.24821022187500003 1 0.3110499203125 1
2 0.1909316921875 0.8369257046874999 0.1781085921875 0.8359997609375001 0.15691429375 0.8456836078125001 0.14282910937499999 0.8658060671875001 0.14085039375 0.8896385140625 0.148257515625 0.9173711921875001 0.17036490625 0.9468098609375 0.1921742875 0.9589544625 0.2175668265625 0.9571788421875 0.234689715625 0.9414005203125001 0.2378099015625 0.93389185 0.23670656562499998 0.89204870625 0.2259890125 0.8691040687499999 0.21014727500000002 0.851074303125 0.1909316921875 0.8369257046874999
2 0.2570134765625 0.7393511109375 0.22533621875 0.7424775140625 0.2132106828125 0.7515272093750001 0.2079849515625 0.781054575 0.1804487328125 0.8303682562500001 0.21189761406250002 0.850040596875 0.23697929218749997 0.8829165265625001 0.253956284375 0.8780841359375 0.276457015625 0.8610184484375001 0.29332624531249996 0.8416126187499999 0.299902759375 0.8183699750000001 0.306587034375 0.8097007671875 0.3032513234375 0.7880625640625001 0.28839894374999997 0.7581165765625 0.27475145 0.7454012390625 0.2570134765625 0.7393511109375
2 0.1732384921875 0.7142246609375 0.1519173625 0.72209475625 0.1288268296875 0.743758240625 0.1222693828125 0.7542412015625 0.138491609375 0.7777122249999999 0.1402228796875 0.7894382046875 0.135333290625 0.810740265625 0.1289660875 0.8239438546875 0.120468059375 0.8327398921875 0.1219456703125 0.840838365625 0.1258268359375 0.8442122109374999 0.1593812625 0.8418658562499999 0.1808482890625 0.82304983125 0.1940900125 0.8038976625 0.2083210921875 0.772829271875 0.21080712968749998 0.7562518375 0.208758784375 0.7399914765625 0.19854855 0.7243018515624999 0.179967115625 0.719222015625 0.1732384921875 0.7142246609375
2 0.0651552359375 0.7454766609375 0.017598104687499998 0.756092665625 0.0241298484375 0.8495009359375001 0.0423307921875 0.8491395125000001 0.0945491328125 0.8400201859375 0.1174303546875 0.82839575625 0.13514304531250002 0.8080196359375 0.1377115625 0.77958939375 0.12051904531249999 0.755274909375 0.0943021109375 0.745261134375 0.0651552359375 0.7454766609375
2 0.0926147640625 0.8775191937500001 0.07673489375 0.8850087984374999 0.0524647578125 0.915867878125 0.048164968749999995 0.9325721421875001 0.0495600984375 0.9525234234375001 0.06124794375 0.976311521875 0.07645553125 0.9852725234375 0.0938130125 0.9858813906250001 0.1255093390625 0.9699953062500001 0.13809784375 0.954534059375 0.144147971875 0.9367960859375 0.1415479578125 0.8996141546875001 0.1362525953125 0.8890487125 0.1208547640625 0.8773670812500001 0.0926147640625 0.8775191937500001
2 0.2367178171875 1 0.2276945796875 0.9847212765625001 0.20628475468750002 0.96525825 0.1588925875 0.9521686375 0.14619631718749998 0.953056446875 0.1375714578125 0.9600387328125001 0.1257629984375 0.9736228109375 0.119586040625 0.9895470296875001 0.120316984375 1 0.2367178171875 1
2 0.08794196875 0.537015703125 0.076152575 0.537840096875 0.0531445234375 0.5476507734375 0.043549371875 0.553789596875 0.036148465625 0.5652428484375001 0.0351400390625 0.58991875625 0.0466185734375 0.623745909375 0.0623968953125 0.6408687984375 0.085113153125 0.6529499859375 0.09618591562499999 0.6549096343749999 0.1132897375 0.6518909984375 0.1321629640625 0.63507896875 0.139246796875 0.6190913359375 0.1375345921875 0.5946056734375 0.13173190937499998 0.57678521875 0.11253539531250001 0.5498769359375 0.08794196875 0.537015703125
2 0.1419040109375 0.617994215625 0.13579046875 0.634825309375 0.12476205625 0.6465322203125 0.11432344375 0.6536413343749999 0.0911885609375 0.6616382609375 0.0866351125 0.67471501875 0.08596282968749999 0.6911656234375 0.090858634375 0.70904949375 0.09583692187500001 0.715080553125 0.120557178125 0.7297555390625 0.13519403125 0.7305546515625 0.16592006406249998 0.7138251046875 0.175134725 0.7022450234375001 0.18040480625 0.6863842203125 0.18168595781250002 0.6525761328125 0.177506784375 0.6319082203125 0.1617284625 0.61478533125 0.147808240625 0.6112021734375 0.1419040109375 0.617994215625
2 0.22906611875 0.4569764078125 0.2063307921875 0.4576549046875 0.1820353734375 0.4620877390625 0.169783009375 0.46932368281250003 0.1573847484375 0.487505559375 0.155425096875 0.498578321875 0.16972580937499998 0.5076027375 0.18155955 0.5204449046875 0.1836713109375 0.5376121406250001 0.1865821859375 0.540142525 0.20516361875000003 0.5452223609375 0.22342797656250002 0.5457678125000001 0.24209189062499997 0.538994840625 0.2566019140625 0.5379802 0.266786865625 0.52724358125 0.2789948828125 0.506341075 0.27740950937500003 0.483669165625 0.266419228125 0.46985670781250005 0.25127505625 0.4618025828125 0.22906611875 0.4569764078125
2 0 0.5044280453125001 0.004407790625 0.5674623734375001 0.0334278359375 0.5654330937500001 0.045172881250000005 0.5509421375 0.0681175171875 0.540224584375 0.0706479015625 0.537313709375 0.070286478125 0.5191127671875 0.0582624921875 0.503549971875 0.04602919375 0.49802623125 0.020972796874999998 0.4915765484375 0 0.49570075625000004 0 0.5044280453125001
2 0.44180158281250004 0.4366326296875 0.42954921874999996 0.4438685734375 0.416098184375 0.473059796875 0.4154702484375 0.5031769625 0.42146317499999997 0.523718046875 0.437558571875 0.5453753171875 0.4497918703125 0.55089905625 0.46255155625000005 0.5509181234375 0.47746113437500004 0.5425850578125 0.48420882499999995 0.5348227265625 0.49649932343750003 0.5020674125 0.49440662968750004 0.472140490625 0.482718784375 0.4483523921875 0.4712655328125 0.4409514859375 0.44180158281250004 0.4366326296875
2 0.2201175453125 0.5505558546875 0.1912496125 0.580825134375 0.1771453609375 0.6137072765625 0.17803317031250002 0.626403546875 0.1880975078125 0.6530391046874999 0.20311485 0.6592794765625001 0.2103698609375 0.65877215625 0.22555216718749999 0.6413069109375 0.24609324843749997 0.635313984375 0.24798948437499999 0.623334346875 0.2368723734375 0.6077081359375 0.23579431875 0.5922912375 0.2404111828125 0.580121353125 0.2520928140625 0.5647235203125 0.274656959375 0.5485647109375 0.26883521093749996 0.543503940625 0.25860591093749996 0.540574 0.240468384375 0.5418423 0.2201175453125 0.5505558546875
2 0.121870671875 0.500924675 0.0994524203125 0.50613755625 0.092514484375 0.5111792578125 0.0867370828125 0.5197850500000001 0.08587455625 0.5335150265624999 0.1098842125 0.5467205468749999 0.12837713125 0.5679067 0.14223393906249998 0.5705829812500001 0.1634916515625 0.5618060109375 0.176270403125 0.5490653921875001 0.1823839453125 0.532234296875 0.17968238281249999 0.51966485625 0.16500118125000002 0.5051991828125 0.1574925109375 0.5020789984375 0.121870671875 0.500924675
3 0.8786002046875 0.0105798 0.8517109890624999 0.01701663125 0.8280497203125 0.0305182296875 0.8187082296874999 0.040284557812499996 0.8167295125 0.064117003125 0.8255064843750001 0.08537471875 0.840060853125 0.09802664062500001 0.8594857484375 0.10213618437500001 0.8965408515625001 0.0977224171875 0.9062628328125 0.093397346875 0.9249458140625 0.0738646890625 0.931395496875 0.048808290625 0.9302540265625 0.032484515625 0.9192003312500001 0.0177651828125 0.89874173125 0.0119053 0.8786002046875 0.0105798
3 0.7509842921875001 0.0231488171875 0.73774256875 0.042300984375 0.731292884375 0.0673573828125 0.7347554281249999 0.090809340625 0.7498805328125 0.11162314843750001 0.7613971984375 0.1199309328125 0.7788815109375 0.1223535546875 0.793791090625 0.1140204875 0.8039126281250001 0.1023769921875 0.8104447921875 0.0654677859375 0.8084155140625 0.036447740625 0.781374184375 0.014644573437499999 0.777746678125 0.0148982328125 0.7509842921875001 0.0231488171875
3 0.7563998453125 0.1266595578125 0.7352689625 0.13725028125 0.7206573921875 0.1628774140625 0.711087521875 0.1954424828125 0.7124192359375 0.21448688749999997 0.7221030828125 0.2356811859375 0.75213776875 0.2481619296875 0.7691147593750001 0.243329540625 0.7831174625 0.23505988906250003 0.805573846875 0.2043276390625 0.81261333125 0.17467344375 0.8111547874999999 0.1538152859375 0.801978259375 0.1398759984375 0.7810123390625 0.12676110625 0.7563998453125 0.1266595578125
3 0.861939865625 0.15026404843750002 0.8501504734375 0.1510884421875 0.840555321875 0.157227265625 0.82659696875 0.1791634796875 0.8198111421875 0.212445178125 0.8200710171875001 0.25525861562499996 0.8281504234374999 0.2665406890625 0.8545576031250001 0.2792750921875 0.8663469953125 0.278450696875 0.8864441734374999 0.26610963593750003 0.900592771875 0.24689405312499998 0.9086659640624999 0.21899019687500001 0.906002534375 0.1809013859375 0.8966357625000001 0.1642414703125 0.8813647609374999 0.1543735921875 0.861939865625 0.15026404843750002
3 0.6746723625 0.3784284203125 0.6552474671875 0.37431887656249996 0.6205959187500001 0.3740080171875 0.6042974234375 0.4015757328125 0.6047222624999999 0.42068355156250004 0.6090473328125 0.4304055328125 0.630539640625 0.4380157515625 0.6432168421875 0.44988762656250003 0.652837275 0.4701750484375 0.6820284984375 0.483626084375 0.68571941875 0.4842793 0.6890932640625 0.4803981359375 0.7029247890625 0.45664817031249993 0.7248991359375 0.4450871546875 0.72059313125 0.42260549062499997 0.7006165671875 0.3975743734375 0.6851553218750001 0.3849858671875 0.6746723625 0.3784284203125
3 0.6074872390625 0.43415986718750005 0.595697846875 0.4349842625 0.582411775 0.44046986875 0.5688529765625 0.4550876546875 0.5593655890625 0.475799915625 0.554729659375 0.500729484375 0.5592259078125 0.525931778125 0.5740339390625 0.5422112046875001 0.5842632390625 0.5451411453125 0.61146953125 0.543238696875 0.626505940625 0.5367193828125 0.6390944468749999 0.5212581359375 0.647021740625 0.5043002109375 0.6503512390624999 0.486752484375 0.647922403125 0.46505086562500003 0.641403090625 0.45001445625000003 0.6260052578125 0.4383328265625 0.6074872390625 0.43415986718750005
3 0.55488883125 0.307520459375 0.5381020828125 0.3150734796875 0.5271370859375 0.3276872671875 0.5227104671875 0.3425777796875 0.52621735625 0.379696296875 0.5361548640625 0.4045181015625 0.5487052375 0.41457622499999996 0.5626254578125 0.4181593828125 0.5910747671875 0.40796821562499996 0.6004796734375 0.3991087625 0.6100304765625 0.37930337812500003 0.609244215625 0.341994615625 0.5978734453125 0.3227409 0.5750303578125 0.30884595937500003 0.55488883125 0.307520459375
3 0.5709975015625 0.14691464062499998 0.5459220375 0.1532246390625 0.522241703125 0.179485921875 0.511511296875 0.2084869015625 0.5126971140625 0.2384772375 0.52341466875 0.261421875 0.5362186999999999 0.275107503125 0.5475451234375 0.28069465781249997 0.57428844375 0.2852037578125 0.5867944671875 0.2815953203125 0.6080078343750001 0.2591517875 0.623145790625 0.22801998124999998 0.622613190625 0.194338725 0.618751090625 0.17820519375 0.6025922796875001 0.155641046875 0.5709975015625 0.14691464062499998
3 0.6546842140625 0.014390490624999999 0.6426411609375 0.01158738125 0.6285750421875 0.0189501546875 0.6218273515625 0.026712484375 0.6060361765625 0.061535212500000006 0.5980264015625 0.0903459453125 0.5981975796875 0.10582625937500001 0.6024592359375001 0.1146413640625 0.6111284421875001 0.121325640625 0.6329568921875001 0.12071055625 0.6545316796875 0.11646796875000001 0.665940584375 0.110202315625 0.6758718765625 0.0958381890625 0.684388971875 0.0742824671875 0.6894053921875 0.0547941578125 0.687039971875 0.033999415625 0.681808025 0.02434085 0.669130821875 0.012468975 0.6546842140625 0.014390490624999999
3 0.8092390625 0.3088720859375 0.8050217546875 0.31372354375 0.7816966296875 0.3189998390625 0.7326618890625001 0.321517371875 0.727474290625 0.325525365625 0.7203270421875 0.3406061234375 0.7217221703125001 0.3605574046875 0.7393142453125 0.3775534625 0.759056215625 0.3861973890625 0.7918940109375 0.386635078125 0.82234731875 0.3790377109375 0.8425079109375 0.3676035265625 0.847505265625 0.3608749015625 0.8503083765625 0.34883184843750004 0.84773364375 0.3380761625 0.85176070625 0.330504075 0.848995728125 0.317027759375 0.840326521875 0.3103434828125 0.8237490859375001 0.307857446875 0.8092390625 0.3088720859375
3 0.898880146875 0.35272586562499997 0.8674565453125 0.359479771875 0.8488560453125 0.367159621875 0.8262284843750001 0.38241155625 0.815390315625 0.3968390984375 0.8110271125 0.41263648750000004 0.817083453125 0.4340844453125 0.828663534375 0.44329910625 0.8591168437500001 0.4357017390625 0.88508011875 0.4420880078125 0.9001165265625 0.4355686953125 0.911462015625 0.4283961640625 0.9241139374999999 0.41384179374999996 0.9310709390625 0.39604040625 0.9298026390624999 0.3779028796875 0.921723234375 0.3666208046875 0.9082025687499999 0.355719221875 0.898880146875 0.35272586562499997
3 0.8949173437500001 0.10056987656250001 0.8643372046875 0.10635349218750001 0.8430794921875 0.11513046093749998 0.8268000640625001 0.1299384921875 0.8178390625 0.14514607968749998 0.8187902875 0.158749225 0.82667945 0.1673106703125 0.83030695625 0.167057009375 0.8412085390625 0.153536346875 0.85002364375 0.149274690625 0.8636267875 0.148323465625 0.8812379312499999 0.15255983906249998 0.8994198062500001 0.1649581015625 0.911297896875 0.191466828125 0.916865984375 0.19290009218749998 0.9343059484375 0.18165615156249998 0.9426771484375 0.1710463625 0.9420620640624999 0.1492179125 0.9457086374999999 0.13620456875 0.9410664921875 0.12194820625 0.93026645625 0.1108563765625 0.9095541953125 0.1013689890625 0.8949173437500001 0.10056987656250001
3 0.7044919421875 0.2314448125 0.695423178125 0.2320789625 0.692112746875 0.23686700468750002 0.690470171875 0.2524741484375 0.695873296875 0.2776130265625 0.7088675765625 0.29401928437499997 0.732807784375 0.3105714375 0.74879541875 0.317655271875 0.7842270140625 0.31608896406250003 0.801540146875 0.303031271875 0.8003986781249999 0.28670749687499997 0.7943232703125 0.278019221875 0.746759925 0.24944929531249999 0.7044919421875 0.2314448125
3 0.655723290625 0.31596171093750003 0.6319351921874999 0.32764955625000003 0.6192832703125 0.3422039265625 0.6166069890625 0.3560607328125 0.62728019375 0.36533880937499996 0.6797331296875 0.37260667187499996 0.706159375 0.372581390625 0.7149110656250001 0.367412859375 0.7149491984375 0.3418934890625 0.70189150625 0.32458035625 0.687654209375 0.3164628171875 0.655723290625 0.31596171093750003
3 0.6779645703125 0.1257651109375 0.6455897453125 0.11891587031249999 0.636711228125 0.12227065 0.6292469046875 0.1328170265625 0.624528490625 0.1695994015625 0.6265577703125 0.198619446875 0.6438771203125 0.22474768437499998 0.6708741 0.232884290625 0.687134459375 0.23083594375 0.7012639921875 0.224380046875 0.7082844109375 0.20748553749999998 0.7060648875 0.1757448609375 0.702266203125 0.16051820781249998 0.69173889375 0.14029419999999998 0.6779645703125 0.1257651109375
3 0.9169799640624999 0.246659459375 0.8990960953125 0.251555265625 0.869701775 0.28732921718750004 0.8689026609375 0.30196606875 0.8763922671875 0.3178459390625 0.8935404359374999 0.3284938625 0.91387220625 0.332539990625 0.944579175 0.3285701296875 0.96214596875 0.31913994218749997 0.9716777046875 0.31209424218750004 0.9841393796875 0.29481924375 0.9842599953125 0.2574470640625 0.9755907875000001 0.2507627890625 0.9652346578125 0.24601909531250002 0.9450931312499999 0.2446935953125 0.9169799640624999 0.246659459375
3 0.914804365625 0.3589028234375 0.9304558578125001 0.374211959375 0.9326119671875001 0.40504575625 0.94147141875 0.4144506625 0.9726857046875 0.41773581093749995 0.9858640140625001 0.3976767671875 0.9939624874999999 0.39619915625 0.9868852921875 0.32105524375 0.9694009796874999 0.318632621875 0.9156668921875 0.345172846875 0.914804365625 0.3589028234375
0 0.31396435 0.250551365625 0.3033545609375 0.242180165625 0.2827500625 0.247266215625 0.27132209375 0.26629155312499997 0.26830967031249997 0.2883736625 0.27008529062500003 0.3137662015625 0.2787163640625 0.345969846875 0.283758065625 0.35290778437500003 0.2832950953125 0.35931933437499997 0.29656209843750003 0.3665934125 0.31223265625 0.3691428625 0.331930278125 0.364120228125 0.344119228125 0.35597740624999996 0.3524270140625 0.344460740625 0.36374721875 0.3108619640625 0.3630243734375 0.274460078125 0.3578558421875 0.2657083890625 0.342521425 0.25493363593749996 0.31396435 0.250551365625
0 0.2114239015625 0.2568103796875 0.1919990078125 0.2527008359375 0.1775524 0.254622353125 0.16846456875 0.2680161875 0.166168778125 0.2873142515625 0.171172346875 0.31977155625 0.18247970156249999 0.338118396875 0.191148909375 0.3448026734375 0.20694629843749998 0.349165878125 0.2222363671875 0.34627406875 0.238052821875 0.3378775890625 0.2495442078125 0.31975912812499996 0.25171316875 0.298647309375 0.247660825 0.2797931515625 0.2389916171875 0.27310887500000003 0.22785544062500002 0.2702423484375 0.2114239015625 0.2568103796875
0 0.404550865625 0.138504884375 0.3539813125 0.171202996875 0.3404225171875 0.1858207828125 0.334245559375 0.20174500156250003 0.3338903515625 0.2227299890625 0.341316540625 0.2377029828125 0.36234587500000004 0.251724753125 0.3929260140625 0.2459411390625 0.42523120781249996 0.212697571875 0.43594254687499995 0.196456278125 0.44336252187499997 0.17224334218749998 0.441377590625 0.1568898578125 0.43620905781249997 0.14813816875000002 0.4256626828125 0.1406738453125 0.404550865625 0.138504884375
0 0.36776227499999997 0.09460054062499999 0.37828337031250003 0.07563861875 0.386483390625 0.0495485140625 0.3904026890625 0.027402990625000002 0.38835434375 0.011142629687499999 0.386223515625 0.006735078125 0.3145802796875 0.0117448609375 0.301592215625 0.034524534375 0.2966010765625 0.0804390890625 0.300253865625 0.1066116765625 0.3149350640625 0.12107735 0.345515203125 0.11529373437499998 0.36776227499999997 0.09460054062499999
0 0.560622728125 0.024613153125000002 0.5470829968750001 0.0264712546875 0.5251086500000001 0.0380322703125 0.5053285468750001 0.054907712500000004 0.49221365468749995 0.07587363281250001 0.4900637609375 0.0842257671875 0.4928287375 0.09770208281250001 0.5220008953125 0.1239128015625 0.548363725 0.12298064375 0.5816201453125001 0.1033402234375 0.59349201875 0.0906630203125 0.599859221875 0.07745943125 0.601057890625 0.055504153125 0.5956356984375 0.04312495625 0.5827682515625 0.028532453125000003 0.560622728125 0.024613153125000002
0 0.0986860703125 0.19543415625 0.08042171406250001 0.1948887015625 0.060850921875 0.20172508906250003 0.0454783703125 0.21646970625 0.036897859374999994 0.2371185515625 0.0368597265625 0.2626379203125 0.0414828046875 0.28965396875 0.0601085859375 0.308400365625 0.07143500781249999 0.3139875203125 0.08904615 0.31822389375000004 0.1105575234375 0.313074428125 0.12774382812500001 0.298202984375 0.14014208749999998 0.28002110625 0.14191149375 0.266227715625 0.139038753125 0.2381779625 0.1300715359375 0.21419961875000001 0.11545375 0.20064082187499999 0.0986860703125 0.19543415625
0 0.1327221140625 0.30423404375 0.11943604375000001 0.30971965 0.0979690171875 0.3285356765625 0.0894328546875 0.3628510828125 0.093694509375 0.37166618749999997 0.104367715625 0.3809442640625 0.131554940625 0.3918014984375 0.14340774843749998 0.3918839796875 0.1681027234375 0.3801327203125 0.1806912296875 0.3646714734375 0.18096395625 0.35553929375000004 0.154931053125 0.30906021875 0.15104988749999998 0.305686371875 0.1327221140625 0.30423404375
0 0.24173173593750003 0.12984146875 0.231629265625 0.1287252796875 0.2149693484375 0.138092053125 0.20645225156250002 0.159647775 0.205551590625 0.1988971203125 0.212096184375 0.240359775 0.22987850468749998 0.2600764625 0.2491131546875 0.261465378125 0.2723305171875 0.24161564531250002 0.280403709375 0.2137117890625 0.27837442968750004 0.18469174375 0.26708614062499997 0.15358521875 0.25215128125 0.1354920390625 0.24173173593750003 0.12984146875
0 0 0.0982674859375 0.003679996875 0.10092212656249999 0.022134599999999997 0.104188209375 0.0465568484375 0.101569128125 0.078506834375 0.0893105484375 0.0885015421875 0.0758533 0.08761373125000001 0.0631570296875 0.071118778125 0.0488181859375 0.0312986984375 0.0397556359375 0 0.0412899625 0 0.0982674859375
0 0 0.3989267171875 0.00438293125 0.41071865 0.0019159625 0.4145364015625 0.007484050000000001 0.4159696640625 0.008961660937500001 0.42406813750000005 0.0207319875 0.436003428125 0.032838456249999995 0.4397134140625 0.0590744578125 0.436967503125 0.0729946796875 0.4405506609375 0.0781188625 0.43563578906249995 0.098723359375 0.4305497390625 0.11078547812499999 0.420593165625 0.1240906171875 0.4023478734375 0.12332963749999999 0.39146535625 0.0970492875 0.3805447078125 0.079013309375 0.3572005140625 0.0486424828125 0.352945071875 0.031538660937500004 0.355963709375 0.006907099999999999 0.3686218453125 0 0.3915393671875 0 0.3989267171875
0 0.1838366984375 0.383589046875 0.1666060453125 0.38479393125 0.132905721875 0.39808621875 0.1219407234375 0.41070000625 0.1164803984375 0.42384017968750004 0.118991715625 0.433688990625 0.12572034062499998 0.43868634531249995 0.18353205156250002 0.4574265265625 0.21417560624999998 0.4525497890625 0.2314887375 0.4394920953125 0.23098141874999997 0.43223708437499997 0.2223756265625 0.42645968281249996 0.21106827187500002 0.4081128453125 0.1838366984375 0.383589046875
0 0.30374084375 0.41712483125000005 0.28832394375 0.41820288593750005 0.2743403078125 0.41371285156250004 0.2551690734375 0.4132308125 0.245573921875 0.4193696359375 0.23810959999999998 0.42991601093750004 0.23068962499999998 0.45412894843749996 0.2587203109375 0.464015890625 0.2730844375 0.47394718437499994 0.2781895546875 0.481791996875 0.280618390625 0.5034936171875 0.288063646875 0.5057069249999999 0.3115980859375 0.49039157343750006 0.329057115625 0.46638795 0.336413675 0.4412681375 0.3346824046875 0.42954215937500007 0.3280996765625 0.4135988734375 0.32234134375 0.40944498124999995 0.30374084375 0.41712483125000005
0 0.3689978109375 0.43807832187500007 0.3450828828125 0.4479524125 0.33489793125 0.45868903281250006 0.3204131890625 0.4861299203125 0.31370984687500003 0.5075588125 0.3167918984375 0.5255695109375 0.35574945156250004 0.5483620359375 0.3825118375 0.54011145 0.40444183593750005 0.514883875 0.41245161250000006 0.48607314218750003 0.41242632968750004 0.459646896875 0.40143605000000004 0.44583443906250003 0.38700850781249996 0.43499626874999997 0.3689978109375 0.43807832187500007
0 0.45517098125000005 0.1586592609375 0.445512415625 0.1638912078125 0.43775630000000004 0.1963294484375 0.420360684375 0.2212399484375 0.41209724843749995 0.2464231765625 0.4130484734375 0.2600263234375 0.42821792812500004 0.29450669218750003 0.44226497656249997 0.29990360312500003 0.4611825515625 0.2967581359375 0.47712583750000004 0.2901754078125 0.49074805 0.2764644984375 0.5043449828125001 0.23632734218749998 0.5003941859375 0.192860690625 0.48915024687499997 0.17542072656250002 0.47271870781249997 0.16198875937499999 0.45517098125000005 0.1586592609375
0 0.088545890625 0.089519859375 0.03339760625 0.1088684875 0.0258064546875 0.1176011109375 0.026167878125 0.1358020546875 0.0366508375 0.1423595 0.059639821875 0.1453085078125 0.07653433281250001 0.15232892656250002 0.1221508796875 0.14002599843750002 0.146655609375 0.1255541078125 0.1557625078125 0.0994005890625 0.1530609453125 0.08683115 0.1452351984375 0.0791765828125 0.13344580625 0.0800009765625 0.088545890625 0.089519859375
0 0.15209686875 0.12517361875 0.12862584531250001 0.1413958453125 0.10549096250000001 0.149392771875 0.1026878515625 0.16143582343750001 0.1262285046875 0.185306403125 0.16632131249999998 0.185236775 0.17870050625 0.1798145828125 0.198607440625 0.1647528921875 0.2054376125 0.1451377515625 0.20357951093749999 0.1315980203125 0.1967240578125 0.1247869140625 0.18649475625 0.12185697343749999 0.15209686875 0.12517361875
0 0.42006846875 0.37344928906249997 0.4106001484375 0.3814018640625 0.3942763734375 0.382543334375 0.383856828125 0.3768927640625 0.37778141875000004 0.368204490625 0.36955611718750003 0.3678683484375 0.3652944609375 0.35905324375 0.359726371875 0.35761998125 0.3423498234375 0.3697707984375 0.33501233125 0.382130925 0.3324628796875 0.397801484375 0.33611566718749997 0.423974071875 0.3559210515625 0.4335248734375 0.37237165625 0.43419715625000005 0.3984174125 0.428730615625 0.42304897343750003 0.4160724796875 0.44820691874999996 0.3979096703125 0.45782113593749996 0.3790111625 0.4558996203125 0.3645645546875 0.44659626250000006 0.3488115140625 0.435269840625 0.343224359375 0.42006846875 0.37344928906249997
0 0.4443585171875 0.069195571875 0.43056512500000005 0.0674261671875 0.41546530156249994 0.0730386046875 0.40340318281250004 0.0829951765625 0.3943153515625 0.09638901250000001 0.3960909703125 0.12178155156249999 0.41129855624999995 0.130742553125 0.422181075 0.1299815734375 0.43519441875 0.1336281453125 0.46461402031250004 0.12428044062500002 0.47810940312500005 0.108755778125 0.4778304609375 0.0787020265625 0.46897101093750004 0.0692971203125 0.45958517031249996 0.06539688906249999 0.4443585171875 0.069195571875
0 0.49724165937500003 0.3953921375 0.484101484375 0.38993181250000003 0.47146863124999994 0.3917264984375 0.447553703125 0.4016005921875 0.43821221093749996 0.41136691875000003 0.429948775 0.436550146875 0.4302024359375 0.440177653125 0.43292306406250003 0.4399874078125 0.439924415625 0.4358525828125 0.45262068437499997 0.4349647734375 0.48259195468750005 0.44653864062500004 0.49512326093750003 0.469356446875 0.500063415625 0.5009068765625 0.5187273296875 0.494133903125 0.52975574375 0.48242699218749996 0.5350892375 0.46747306406250005 0.5314998656250001 0.44220735468749994 0.5258874296875 0.42710753125 0.5137366140624999 0.4097309828125 0.49724165937500003 0.3953921375
0 0 0.318247584375 0.012488040625 0.31810949375 0.027778109375 0.3152176875 0.0338091703125 0.3102394 0.030340414062499998 0.2476015125 0.0249816375 0.23612919375 0.0057026390625 0.2210737171875 0 0.219039803125 0 0.318247584375