1 0 0.31590979531249996 0.0163012828125 0.31005216562500004 0.030095034375000003 0.300614409375 0.0390861671875 0.277327071875 0.035116943750000004 0.2586533453125 0.022066459375 0.2409805 0 0.22665037500000002 0 0.31590979531249996
1 0 0.3715642296875 0.0027220921875 0.3817141515625 0.017117178125 0.39259539062500004 0.026331621875 0.387848596875 0.047161820312500005 0.3852798046875 0.05681011406249999 0.386946596875 0.070827178125 0.3960493859375 0.0811198578125 0.3920028078125 0.097581284375 0.3819980203125 0.108651534375 0.368492159375 0.10952798281250001 0.33763564687500003 0.096344315625 0.3237087125 0.079337384375 0.3180296421875 0.053816220312499996 0.3160191265625 0.021993129687499998 0.3237127359375 0.0073101515625000005 0.3333395015625 0.001008221875 0.343043625 0 0.3510481015625 0 0.3715642296875
1 0.16636505937499999 0.40827120156249996 0.176924103125 0.3967328015625 0.18057988593750002 0.374579528125 0.175498125 0.33755426875 0.17094034375 0.3292290484375 0.1599689765625 0.3213376796875 0.1360372515625 0.31805991875 0.122754703125 0.3255302140625 0.11327389531250001 0.33776882812500003 0.11061899374999999 0.3690033625 0.11876797812499999 0.3942238578125 0.134430309375 0.40669453750000006 0.14858055781249999 0.41205141406249995 0.16636505937499999 0.40827120156249996
1 0.1729078046875 0.329740253125 0.1780884453125 0.3453682828125 0.1871697078125 0.344367403125 0.20592078749999998 0.3320171328125 0.2154015984375 0.3197785171875 0.22299229999999998 0.298647653125 0.2193452703125 0.277117240625 0.20686181874999998 0.26211206875 0.186620178125 0.25433235625 0.1554973 0.260947728125 0.134134371875 0.278500165625 0.123820165625 0.2955629265625 0.11897449062500001 0.3077457140625 0.12377711250000001 0.3215952921875 0.1394051421875 0.31641465156250004 0.154577796875 0.3178366078125 0.1729078046875 0.329740253125
1 0.26142603750000004 0.440111796875 0.2773762609375 0.43207446875000005 0.29544865468750003 0.40778625156250004 0.30220596093749996 0.391479534375 0.30065957499999996 0.3667144140625 0.28957655 0.349552771875 0.26793448125 0.3439295296875 0.26082068125 0.34544161406249996 0.24295882500000002 0.35760287343749997 0.230810340625 0.37040851875 0.2159726546875 0.39679738124999997 0.221965165625 0.42061744843750004 0.2315919328125 0.435300425 0.2404068296875 0.441791365625 0.26142603750000004 0.440111796875
1 0.1816803515625 0.1698774984375 0.18086848125 0.1616854625 0.153190846875 0.1582745203125 0.1314714234375 0.1610323234375 0.1275923296875 0.164645053125 0.1154996734375 0.182085834375 0.10809798125 0.204105925 0.1066201984375 0.21464344375 0.11280172031249999 0.2393527359375 0.12269485312499999 0.246543890625 0.1338767578125 0.2423083015625 0.1816803515625 0.1698774984375
1 0.1789393453125 0.253176765625 0.1902544328125 0.245195265625 0.21042747031250003 0.21767234218749998 0.218529378125 0.194574015625 0.21798387031250002 0.17889015625 0.204778678125 0.17797940625 0.185937465625 0.16804322031250002 0.18256957812500002 0.1696884875 0.168054084375 0.1932206625 0.1637754421875 0.20807112499999997 0.16027436875 0.21346230312499997 0.15652845937499998 0.2133291203125 0.139345290625 0.23742832812499998 0.14250264375 0.24791001875 0.14953909062499998 0.2547789796875 0.1622330796875 0.25765719374999996 0.1789393453125 0.253176765625
1 0.2309442265625 0.174276546875 0.2406140453125 0.1629271578125 0.2467484921875 0.13931762812499998 0.242422775 0.10584926718750001 0.2336294046875 0.08634214375 0.22171298281250001 0.0740046484375 0.20882998281249998 0.0702372125 0.1972700578125 0.07269434999999999 0.187866603125 0.0765519171875 0.177118546875 0.0872010921875 0.16996169218749999 0.11474554374999998 0.1769550859375 0.147646871875 0.189683378125 0.16817640312499998 0.21030303906249997 0.1777345671875 0.2309442265625 0.174276546875
1 0.30433758593750004 0.1391588953125 0.307727003125 0.1244974453125 0.3014122984375 0.10353406406250001 0.29165234687499997 0.0925969984375 0.267553140625 0.0754138296875 0.24318756874999997 0.06572248281250001 0.2274263546875 0.074649034375 0.24053266875 0.09695701718750001 0.2455801265625 0.1163309578125 0.24769354531249999 0.1437637546875 0.24220348593750002 0.1616599109375 0.2440377640625 0.16591702656250001 0.2677804765625 0.1683055609375 0.29014428593749997 0.1598343859375 0.30433758593750004 0.1391588953125
1 0.40826456093749997 0.30016044218750004 0.41734582343750004 0.299159559375 0.42922794375000006 0.2938457375 0.43571888281250004 0.2850308390625 0.43738567812499995 0.2753825453125 0.43417249687500004 0.26026571875000004 0.425623965625 0.24628295625000002 0.39880125624999996 0.22503168437499999 0.374246671875 0.2144511140625 0.35850698593749997 0.21036148125 0.330051784375 0.216409821875 0.32463907812500004 0.2259249328125 0.3300645578125 0.24707732500000001 0.35287499375000003 0.2756872375 0.3877007296875 0.2952374140625 0.40826456093749997 0.30016044218750004
1 0.3242866078125 0.28548148906250004 0.33093225625 0.259904496875 0.3286083015625 0.2445986609375 0.3190588890625 0.22153463593749997 0.3071424671875 0.209197140625 0.2999728390625 0.2060740890625 0.288580396875 0.2224366359375 0.2672948234375 0.231608028125 0.2679176828125 0.23891083906250002 0.3070691375 0.291929375 0.3161503984375 0.29092849374999996 0.3242866078125 0.28548148906250004
1 0.253634253125 0.23729987187499998 0.26678361875 0.2335754875 0.289469621875 0.22224762656250002 0.2985724109375 0.2082305625 0.2970260234375 0.1834654421875 0.28149687343749996 0.16724885312499999 0.257999 0.170384678125 0.24066987499999998 0.16756229375 0.222485825 0.1825802390625 0.21845202187499999 0.2029550625 0.22072015 0.21362576249999998 0.23015790625000002 0.2274195140625 0.24094026249999997 0.234421659375 0.253634253125 0.23729987187499998
1 0.3461910171875 0.2092617203125 0.3595509203125 0.193410378125 0.36659611718749996 0.15659565312499998 0.36483919375 0.1439574921875 0.35572363125 0.1273070546875 0.337582634375 0.11629263281249999 0.3250776546875 0.1143036453125 0.3114170859375 0.11999549218750001 0.3035041890625 0.1439830421875 0.287343428125 0.1641473265625 0.2995605171875 0.1866443203125 0.3029627078125 0.20265037187499998 0.315201321875 0.21213118125000002 0.3292957421875 0.212852921875 0.3461910171875 0.2092617203125
1 0.3234323875 0.11093575625 0.3289998015625 0.08465855156249999 0.3291545109375 0.06789645625 0.32594133125 0.052779629687499996 0.31175678125 0.029771434375 0.2637386265625 0.0399780078125 0.2525351953125 0.0572297796875 0.2546143125 0.06701125625 0.298310771875 0.09768750937500001 0.30780435625 0.11611639843749999 0.3234323875 0.11093575625
1 0.1618940875 0.15549518906249998 0.177255753125 0.15780636875 0.1795454078125 0.15546088593750002 0.16888345625 0.11404532812499998 0.1701722296875 0.10261858593749999 0.1656702765625 0.098928503125 0.146373690625 0.09559491249999999 0.1182965078125 0.1034217046875 0.112827975 0.108301678125 0.103458821875 0.1298105640625 0.1083172703125 0.14829528125 0.1164319515625 0.1558644578125 0.1291259421875 0.1587426703125 0.1618940875 0.15549518906249998
1 0 0.2255795390625 0.0191539453125 0.23602317031250003 0.0250005 0.232921646875 0.0305463875 0.219660625 0.0311779984375 0.1832797515625 0.02639690625 0.1564139859375 0 0.147765040625 0 0.2255795390625
1 0 0.145746125 0.022083962500000002 0.153613128125 0.03439993125 0.154712890625 0.07384802812499999 0.1435397390625 0.0995239 0.1287881578125 0.11016030000000002 0.108868709375 0.10783634375 0.0935628734375 0.1015001109375 0.085615675 0.092040828125 0.08483810625 0.08233670781249999 0.0785361765625 0.00942025 0.094035046875 0 0.10662090937499999 0 0.145746125
1 0.1402035328125 0.486325246875 0.1636455796875 0.4785542859375 0.1772160203125 0.450575984375 0.173358453125 0.4411725296875 0.1480693546875 0.414018875 0.1168563453125 0.39834779062500003 0.10478521562500001 0.40277239062500003 0.0963268140625 0.41107608281249997 0.0875246921875 0.43525264375 0.0920051203125 0.45195891093749996 0.10974656875 0.4742110640625 0.1255420828125 0.48293583125 0.1402035328125 0.486325246875
1 0.15862769375000002 0.5948665359375 0.17603417500000001 0.5893078734375 0.18874969218749998 0.579169903125 0.1993087359375 0.567631503125 0.2017531 0.5485239265625 0.1960612546875 0.5348633578124999 0.184845046875 0.5214476265625 0.162958140625 0.5103000234375 0.14886372187500002 0.50957828125 0.1250436546875 0.51557079375 0.11302835156249999 0.5246305296875 0.105381821875 0.541126259375 0.107950615625 0.56195645625 0.12156813281250001 0.5822969765625 0.13361773593749998 0.5908885625 0.15862769375000002 0.5948665359375
1 0.2850651421875 0.5819324359375 0.2990479046875 0.5733839046875 0.3071282859375 0.5633017609375 0.3153633734375 0.5364575234375 0.31058228125 0.5095917609375 0.3051352734375 0.501455553125 0.2878835015625 0.4902521203125 0.272010634375 0.489908403125 0.26487530625 0.5044366703125001 0.251403746875 0.511017740625 0.23645440468749998 0.5281363296875 0.233443009375 0.54457623125 0.23671201874999998 0.56432819375 0.24577175312500002 0.5763434937499999 0.27134874375 0.5829891453125 0.2850651421875 0.5819324359375
1 0.2205815359375 0.5277926093749999 0.23747681250000002 0.5242014078125 0.2512147359375 0.5101285156250001 0.262396640625 0.5058929265625001 0.2669759484375 0.5012019640625 0.2693429578125 0.49047543437499996 0.26308408125 0.47414718906250003 0.24267495781249998 0.4524620671875 0.226179228125 0.4448155359375 0.20548221249999998 0.44363841875 0.1850858625 0.45262079999999993 0.174715828125 0.465048425 0.1698701546875 0.4772312109375 0.1749734421875 0.5012402890625001 0.180609459375 0.510265721875 0.1951935546875 0.5220361859375 0.2205815359375 0.5277926093749999
1 0.34006864375 0.45592481406249996 0.354562609375 0.44540882187499997 0.36202012968749997 0.42802386718749996 0.36363109531250004 0.4137404375 0.3578834234375 0.39544473281250003 0.3450219484375 0.3786611125 0.32122340625 0.371637440625 0.3048951625 0.37789631875 0.3024508 0.3970038953125 0.2886355203125 0.4194578328125 0.29411682968749997 0.4452453625 0.3076226890625 0.456315609375 0.320505690625 0.4600830484375 0.34006864375 0.45592481406249996
1 0.3611564546875 0.48954788281250006 0.371659671875 0.473374346875 0.368901865625 0.45165492343749997 0.3643999140625 0.44796484062499997 0.35653006875000004 0.44592002500000005 0.341146878125 0.45662502812500005 0.3279975125 0.4603494125 0.3080007109375 0.45809406093750005 0.2900615 0.47863636718749997 0.28750548125000003 0.488473671875 0.30855899062500003 0.5044454218750001 0.31638578281249996 0.532522603125 0.32546704375 0.531521721875 0.35076489375 0.5149916921875 0.3611564546875 0.48954788281250006
1 0.41085015625 0.42600933124999996 0.421353371875 0.40983579531250003 0.41662810625 0.38760516875 0.4047675125 0.379902809375 0.397486228125 0.3675094859375 0.386703871875 0.360507340625 0.38276895 0.3594849328125 0.366874553125 0.37215739531250003 0.3476896234375 0.37809408125 0.3604179140625 0.3986236109375 0.3645203203125 0.4135514265625 0.3582526921875 0.44090686874999996 0.359897959375 0.44427475781250003 0.3790055359375 0.446719121875 0.391965890625 0.44210551093749995 0.41085015625 0.42600933124999996
1 0.300058240625 0.34639541875 0.33220352656249996 0.33584512499999997 0.3446183765625 0.31554765625000003 0.3377924671875 0.2965517359375 0.32663208906249996 0.2877711421875 0.3083363828125 0.29351881562500004 0.29806522968750004 0.284549209375 0.275400753125 0.2828608890625 0.2673977265625 0.284561984375 0.257083521875 0.3016247453125 0.2378212359375 0.31594247656249996 0.23952233125000003 0.323945503125 0.2512497421875 0.335393771875 0.26165407812499997 0.3406174671875 0.300058240625 0.34639541875
1 0 0.5525521171875 0.0116822421875 0.607512746875 0.016506389062499998 0.6083461421874999 0.0344799015625 0.6054551546875 0.051907909375000005 0.586880309375 0.0542190890625 0.5715186437499999 0.050249865625 0.5528449171875 0.03873299375 0.5292696890624999 0.026816571875 0.51693219375 0.0077863484375 0.506106784375 0 0.506121915625 0 0.5525521171875
1 0.10218141562500001 0.556676934375 0.105837196875 0.5345236609375 0.113483728125 0.51802793125 0.10716902187499999 0.49706455156249996 0.084959921875 0.48877363437500004 0.06070600625 0.488352559375 0.033062675 0.5025929359375 0.0274609578125 0.5112188234375 0.0287840328125 0.5174433984375 0.0439909875 0.5365166718750001 0.05543050625 0.5684729484375 0.0661570359375 0.5708399562500001 0.0857199875 0.5666817234375 0.10218141562500001 0.556676934375
1 0 0.4597465328125 0.0044272125 0.46406836562500003 0.0198447046875 0.47101468124999996 0.0330498984375 0.471925434375 0.04937814375 0.4656665578125 0.06390530312500001 0.44801779531249997 0.0724852203125 0.430084778125 0.0740961859375 0.4158013484375 0.066192040625 0.3961052140625 0.056109900000000004 0.388024834375 0.038269568749999996 0.38716991093750003 0.0150165328125 0.39583009687500004 0.0031902437499999998 0.4057790578125 0 0.41138725468750004 0 0.4597465328125
1 0.3753168609375 0.0664489515625 0.38212999375 0.05477736875 0.38289478906249996 0.014650584375000001 0.330430509375 0.025802210937499997 0.3353447859375 0.0489220640625 0.351440965625 0.06780632656249999 0.3603890453125 0.07055135625 0.3753168609375 0.0664489515625
2 0.4592988390625 0.15547909375 0.47464772968749996 0.127122771875 0.47830351093749995 0.1049694984375 0.4732775796875 0.07257937343750001 0.4613053296875 0.0556067421875 0.4519792296875 0.051083262500000004 0.44322016093750005 0.0492274578125 0.41945592343750004 0.05985510625 0.397358478125 0.0608344609375 0.39086753750000003 0.06964935625 0.3879893234375 0.08234334843749999 0.3900126140625 0.0874896875 0.4026850765625 0.1033840828125 0.41064505 0.127715353125 0.421294225 0.13846340937499999 0.4180164640625 0.1623951328125 0.43057727031250004 0.1690192546875 0.4449938828125 0.1668843109375 0.4592988390625 0.15547909375
2 0.5440065828125 0.3047660046875 0.555566509375 0.30230886562500003 0.5746956109375 0.2917370453125 0.580297328125 0.28311115937500003 0.58368674375 0.268449709375 0.582307840625 0.257589996875 0.57235888125 0.24576370625 0.5591409109375001 0.21418545312499998 0.534474671875 0.194334609375 0.5172787296875 0.1877663140625 0.498927196875 0.18887885 0.48658970156250003 0.200795271875 0.47937701875 0.22370458593749998 0.4834578984375 0.2516485859375 0.497187071875 0.281259378125 0.5266774562500001 0.30194361875000003 0.5440065828125 0.3047660046875
2 0.473989159375 0.4869407640625 0.49190684375 0.47941464062500005 0.5018988578125 0.46520856562499996 0.5077884640625 0.43607467499999997 0.503896596875 0.4090199 0.48914501718750003 0.38334402968750003 0.4710040203125 0.3723296078125 0.4534858828125 0.3686179984375 0.4415479359375 0.3692966859375 0.4254087015625 0.3764447890625 0.41980698437499997 0.38507067500000003 0.42364302656249997 0.40749031249999995 0.4095055546875 0.4328009375 0.4145530125 0.45217487968750003 0.4232905546875 0.4670468671875 0.4432658296875 0.482318403125 0.473989159375 0.4869407640625
2 0.5131668687500001 0.40890824531250003 0.5248384500000001 0.4157213796875 0.5394999015625 0.4191107953125 0.5675770828125 0.411284003125 0.5881839703125 0.390174665625 0.5959636828125 0.3699330265625 0.5903491921875 0.34789140937499996 0.5720407109375001 0.3229715796875 0.5495867734375001 0.30915630156249996 0.5070028484375 0.29683158125000003 0.4828047609375 0.30104564218749996 0.46494290468750005 0.313206903125 0.45544056875 0.3384617 0.45782035312499997 0.3584026734375 0.49593662343749995 0.3846886296875 0.503784940625 0.3997496296875 0.5131668687500001 0.40890824531250003
2 0.750843559375 0.32028308125 0.7615357859375 0.304998771875 0.765814428125 0.290148309375 0.7590658734375 0.2627713421875 0.7467156015625 0.2440202609375 0.7328875484374999 0.23580669843750002 0.7087668140625001 0.23163971249999998 0.6897150671875 0.2338304859375 0.679611396875 0.23876628906250003 0.6734426499999999 0.24472449843750002 0.6710756421874999 0.255451028125 0.67880355 0.30492544062500004 0.6885635015625 0.3158625078125 0.7225773656250001 0.32722064687499997 0.750843559375 0.32028308125
2 0.6934602734374999 0.42634973125000003 0.7112447765625001 0.42256951875000004 0.73839843125 0.39728041875 0.7460449609375 0.380784690625 0.74727790625 0.3647228109375 0.7394854171875 0.354296946875 0.7292700921875 0.34996247812500003 0.72352241875 0.33166677187500004 0.705059228125 0.3235090375 0.6800492703125001 0.31953106249999996 0.6699456015624999 0.3244668671875 0.6708906546875 0.3289129921875 0.6620542328125001 0.33543823437500003 0.6437928265624999 0.3588372265625 0.6399480343749999 0.3801012734375 0.6446174734375 0.397696765625 0.6528438109375 0.414536215625 0.6697175609375 0.42396119531250004 0.6934602734374999 0.42634973125000003
2 0.6277867765625 0.36223941718749997 0.638135284375 0.3628279765625 0.656907890625 0.3374615234375 0.6572516109375 0.32158865468750003 0.67135478125 0.278626709375 0.6656844625 0.25194995625 0.6604822953125 0.249338109375 0.635128615625 0.2612330046875 0.6242689046875001 0.26261190624999997 0.593734584375 0.2588787703125 0.58947746875 0.2607130484375 0.5774749421875 0.3004402859375 0.5772644062500001 0.3125672453125 0.5828788968749999 0.33460886093750003 0.60468845 0.3541375109375 0.6159261828125 0.3545370578125 0.6277867765625 0.36223941718749997
2 0.5983697203125 0.2588229421875 0.6276367953124999 0.2609666390625 0.6400859453125001 0.258320490625 0.6608044875 0.24648142343749999 0.668072996875 0.22820724375 0.6628365281249999 0.20794407812500001 0.650297246875 0.1883037703125 0.6284661671875 0.181791303125 0.6106258375 0.1809363796875 0.58877323125 0.18744009687500002 0.5723676328125 0.2020800203125 0.566632734375 0.2144518171875 0.5704687749999999 0.2368714546875 0.576860834375 0.24945378906250001 0.584408484375 0.2543552890625 0.5983697203125 0.2588229421875
2 0.48770626093749997 0.2934979921875 0.49559763125 0.282526625 0.48092340624999996 0.24846970625 0.47771022500000004 0.23335287968750001 0.4782429546875 0.21836923593750002 0.4899017625 0.1945148671875 0.4817870796875 0.186945690625 0.44953013906250006 0.1882257125 0.4295676390625 0.20362167968749997 0.42593338281250004 0.21275876875000002 0.42702439375 0.2441264859375 0.43411666875000005 0.2556305828125 0.4389751171875 0.2741153 0.4361527328125 0.29144442656249997 0.44731311093750004 0.300225021875 0.457717446875 0.305448715625 0.47162285625000006 0.30528123125 0.48770626093749997 0.2934979921875
2 0.52640304375 0.160733065625 0.541408215625 0.1482496125 0.5468854999999999 0.099685953125 0.5261541828125 0.080857515625 0.515204340625 0.05994996406250001 0.49087307031250005 0.0679099359375 0.4878832015625 0.0713336546875 0.4890172640625 0.0766690046875 0.4798028203125 0.081415796875 0.4803268 0.1101158390625 0.4708802921875 0.14000577187500002 0.47492687031249997 0.1502984515625 0.49325687812499996 0.1622020984375 0.511475228125 0.164835471875 0.52640304375 0.160733065625
2 0.6212407109375 0.17403311562499998 0.644115725 0.16359447968750002 0.6521961046875 0.15351233749999998 0.6547736515625 0.1306588484375 0.6673775109375 0.11125060625000001 0.6657537703124999 0.094866534375 0.6259148765625 0.073593734375 0.608963771875 0.0725498 0.5759292609375 0.0832891046875 0.551709646875 0.10051935000000001 0.547186165625 0.10984544999999998 0.543319846875 0.1441256796875 0.547744446875 0.15619681093749999 0.5544587 0.16592245781249998 0.581547775 0.179681909375 0.6212407109375 0.17403311562499998
2 0.5909902578125 0.0754407875 0.6258590484375001 0.06895859843749999 0.6022024421875 0.014505329687499999 0.5867849484375001 0.007559014062499999 0.5716122953125 0.0061370578125 0.5447465296875 0.0109181515625 0.5332424328125 0.0180104265625 0.5241954718749999 0.0366626265625 0.5185722296875 0.0583046953125 0.5226746359375001 0.0732325109375 0.5342688640625 0.08842669375 0.5506314109375 0.099819134375 0.5909902578125 0.0754407875
2 0.45182036718749996 0 0.4513651203125 0.000096765625 0.452722496875 0.0239726609375 0.446287384375 0.0374226921875 0.4469102453125 0.0447255046875 0.463405971875 0.052372035937500006 0.47405514687499994 0.063120090625 0.4876383640625 0.06580929375 0.518194209375 0.0565262453125 0.5229282265624999 0.035073187500000005 0.5331866046875 0.013375290625 0.528548453125 0 0.45182036718749996 0
2 0.6062966000000001 0 0.610050759375 0.029566329687499997 0.6283377125 0.0675023421875 0.64888001875 0.0854415515625 0.6608737953125 0.089398 0.6895180078125 0.0842388859375 0.700077053125 0.0727004859375 0.697284946875 0.0333297421875 0.7038532421875 0.0161338 0.701585115625 0.005463098437499999 0.69883225625 0 0.6062966000000001 0
2 0.7591694812500001 0.1233392390625 0.771996653125 0.1224715390625 0.791636959375 0.109932259375 0.8027845625 0.0880453515625 0.8014271875000001 0.06416945625 0.7902325078125 0.037737543750000005 0.7642431937499999 0.0116621234375 0.7409558578125 0.0026709921875 0.71605755625 0.0079632890625 0.7012972234375 0.025971104687500003 0.6992524078125 0.033840946875 0.706168446875 0.07512332187500001 0.7199749734374999 0.0963530671875 0.7381717984375 0.112002625 0.7591694812500001 0.1233392390625
2 0.7073105578125001 0.22916104843750001 0.738244425 0.2216564515625 0.74899248125 0.2110072765625 0.7500579421875 0.18103998906250002 0.7704630421875 0.1283739234375 0.7365823578125 0.113269871875 0.707169328125 0.0842045828125 0.69103009375 0.0913526859375 0.671123421875 0.11138378906249999 0.6571191328125 0.132948503125 0.653841371875 0.1568802265625 0.6484286671875 0.1663953375 0.654743371875 0.1873587171875 0.6736188859375 0.214946221875 0.6889031953125 0.22563845 0.7073105578125001 0.22916104843750001
2 0.7937671765625 0.2423837453125 0.81378550625 0.23162291562499998 0.8336363484374999 0.2069566765625 0.8386710328125 0.195663115625 0.8193401437500001 0.1746782078125 0.8159937812500001 0.163307290625 0.8178711125 0.141532040625 0.8223387656250001 0.12757080468749998 0.8295299187499999 0.117677671875 0.8269395984375001 0.10986365625000001 0.8226266546875 0.10706279999999999 0.7897253281250001 0.1140561921875 0.7710859015625 0.135676734375 0.7606385125 0.15648540625000001 0.7508698125 0.1892320265625 0.750715103125 0.20599412031250003 0.75500651875 0.22181116093750003 0.7673009609375 0.2359271046875 0.7864085375000001 0.23837146874999998 0.7937671765625 0.2423837453125
2 0.8964491375 0.19639360625 0.9420659828125 0.17926224375 0.9225978874999999 0.08767205781250001 0.904624375 0.090563046875 0.854183384375 0.10686101249999999 0.8331426484375 0.121556765625 0.8184381437500001 0.144199715625 0.8198513484375001 0.1727107453125 0.840260471875 0.1943958671875 0.8676159125 0.20066349687499999 0.8964491375 0.19639360625
2 0.795029834375 0 0.791598634375 0.017929753125 0.7993480703125 0.054387981249999995 0.8060623234375001 0.064113628125 0.8229360734375 0.0735386109375 0.8508800734375 0.0694577296875 0.8655630499999999 0.059830964062500006 0.8853022375 0.025894453125 0.887235396875 0.0087543375 0.8853746046875001 0 0.795029834375 0
2 0.902896321875 0.4059971375 0.9144562468749999 0.40354 0.9358750046875001 0.39062269843749997 0.9445224171875 0.38320823125 0.9502573140624999 0.3708364328125 0.947821703125 0.346260325 0.9317470484375001 0.314359878125 0.9137392328124999 0.2995995453125 0.889562671875 0.29079742343750004 0.878324940625 0.2903978765625 0.8618076828125 0.29576752812499996 0.8454579125 0.3150425890625 0.8406680671875 0.3318605109375 0.8457713546875001 0.3558695890625 0.85399769375 0.3727090375 0.8767522984375 0.3966838125 0.902896321875 0.4059971375
2 0.8381894031250001 0.33331676718750003 0.8419010124999999 0.31579863124999996 0.8511928109375001 0.3026707921875 0.8605404375000001 0.2941780890625 0.882337215625 0.2830392359375 0.8850264171875001 0.269456021875 0.8834026765624999 0.25307195 0.8760655640625 0.2360434890625 0.8702963640625001 0.2307639671875 0.8437743203125001 0.219672190625 0.8291686968749999 0.22091791249999998 0.8010699890625 0.2417608859375 0.7935566406250001 0.254510703125 0.7905452453125 0.2709506046875 0.7939817390624999 0.30460797500000003 0.8009966578125001 0.3244931203125 0.819004471875 0.339253453125 0.8332879015625 0.34086441875 0.8381894031250001 0.33331676718750003
2 0.7742848984374999 0.50489818125 0.7967045374999999 0.5010621421875 0.8201465828125001 0.49329117812499995 0.831272659375 0.4844204546875 0.841019834375 0.4646900171875 0.8414193828125001 0.45345228437499996 0.8260018890625 0.44650596875000004 0.8124960281250001 0.43543571875 0.8080156015625001 0.418729453125 0.80478089375 0.416628809375 0.7856733171875 0.41418444687499995 0.7675107953125 0.416186209375 0.7499711312499999 0.42549078281249997 0.7357435296875 0.428514953125 0.7271519468750001 0.44056455781250004 0.717971803125 0.46296266875000003 0.72269706875 0.4851932953125 0.735502715625 0.49734177968750004 0.7516204234375 0.5032098609375 0.7742848984374999 0.50489818125
2 0.9755376609375 0.44167377343750003 0.9963120328124999 0.43446984375 0.9813801921875 0.3642210609375 0.9529249890625 0.3702694015625 0.943310996875 0.3862539265625 0.9220812515624999 0.40006045468749996 0.9199806078125 0.40329516249999997 0.9228715953125001 0.42126867343749996 0.9369444874999999 0.435006596875 0.9498274890625 0.4387740359375 0.9755376609375 0.44167377343750003
2 0.5664510671875 0.5546510296875 0.57757714375 0.5457803046875 0.586834640625 0.515001146875 0.583264965625 0.48508968750000003 0.5744715953124999 0.4655825625 0.555518728125 0.44637610624999996 0.5426357281249999 0.44260866875 0.529997565625 0.44436559062500003 0.5163928249999999 0.45469257343749997 0.510791109375 0.46331845781250003 0.5031788796875001 0.4974655078125 0.5094162296875 0.5268099359375 0.52430099375 0.548739896875 0.5366727890625 0.5544747937500001 0.5664510671875 0.5546510296875
2 0.7701226421875 0.4109840421875 0.7944969656249999 0.3769917015625 0.8038876453125001 0.3424666328125 0.8012414968750001 0.33001748124999997 0.7875681515624999 0.305041825 0.7718284640624999 0.30095219375000004 0.7647146640625 0.302464278125 0.7521108046875 0.321872521875 0.73260368125 0.3306658921875 0.73239314375 0.34279285000000004 0.7455768109375 0.35671978437499996 0.748789990625 0.3718366109375 0.7459117796875 0.38453060156249996 0.736486796875 0.4014043515625 0.716391115625 0.420546228125 0.7228605296875 0.42474751718750003 0.7333980484375 0.4262252984375 0.75118255 0.42244508593749996 0.7701226421875 0.4109840421875
2 0.874320709375 0.4464588921875 0.8957952953125 0.43817672500000004 0.9019640421874999 0.4322185140625 0.9064875234375 0.42289241562499996 0.9054308140625 0.4091760171875 0.8798169640625 0.3994405109375 0.8585554734375 0.38103425625 0.8444610546875 0.380312515625 0.8246317375000001 0.3919625703125 0.8137505 0.4063576578125 0.810038890625 0.42387579375 0.8144634890625 0.435946925 0.831015046875 0.448228590625 0.8388848890625 0.45027340625 0.874320709375 0.4464588921875
3 0.24808367343749999 1 0.248373440625 0.9995971359375 0.247016065625 0.9757212421875 0.235366009375 0.9558919234375001 0.2191924734375 0.9453887062499999 0.1993846828125 0.944022578125 0.163304475 0.953550465625 0.154279040625 0.9591864812500001 0.13849630156249998 0.9811292187499999 0.1363679484375 1 0.24808367343749999 1
3 0.321408284375 1 0.3282705171875 0.9863320906249999 0.33117025624999996 0.9606219171875001 0.32447752812499997 0.9378800859374999 0.3066028984375 0.9193738437500001 0.294042090625 0.91274971875 0.27639077031250003 0.9127840203125 0.2627860296875 0.9231110031249999 0.25438345625 0.9360498312500001 0.2530516296875 0.9735089406249999 0.258682478125 1 0.321408284375 1
3 0.2980543671875 0.9053910796875 0.3175056625 0.891962575 0.3284084265625 0.8645513046875 0.33335298125 0.8309712890625001 0.32938375937500003 0.8122975625000001 0.316844478125 0.7926572562499999 0.2853651046875 0.7844779953125001 0.2692258703125 0.7916260953124999 0.2565103546875 0.8017640671875 0.23854961718749998 0.8353225578125001 0.23570570468750002 0.8656678671875 0.24005295000000001 0.8861200437500001 0.251080146875 0.8986465499999999 0.27366726875 0.9087159171874999 0.2980543671875 0.9053910796875
3 0.1902563453125 0.8967046390625001 0.2018162703125 0.8942475015625 0.2104636828125 0.8868330343749999 0.22123326406250002 0.863167675 0.2233211328125 0.829265465625 0.217105309375 0.7869048546874999 0.20753437031250002 0.7768570140625 0.179611896875 0.767921709375 0.168051971875 0.770378846875 0.149867921875 0.7853967921875 0.138531309375 0.8063944765625 0.1344201515625 0.8351503453125 0.1423585984375 0.8724978 0.15395282500000002 0.8876919796875 0.1704485546875 0.8953385125000001 0.1902563453125 0.8967046390625001
3 0.34394703125000003 0.6446981468749999 0.363754821875 0.646064275 0.3981124078125 0.6415495453125 0.41041560156249995 0.6119818046875001 0.40733560312500006 0.5931190671875 0.4016995859375 0.5840936343750001 0.379357303125 0.5795486296875 0.365151228125 0.569556615625 0.3528009578125 0.550805534375 0.3220217984375 0.5415480374999999 0.31827588906250004 0.5414148546875001 0.3154750296875 0.545727796875 0.3050834703125 0.5711716046875 0.28493195781249997 0.585678346875 0.2923249 0.607341940625 0.3155907109375 0.6293492578125 0.33265347031250003 0.6396634625 0.34394703125000003 0.6446981468749999
3 0.40272199531249997 0.5801587140625 0.4142819203125 0.5777015750000001 0.42667524375 0.570420290625 0.4380676859375 0.5540577437499999 0.444580153125 0.5322266640625 0.445701440625 0.5068945125 0.43774146875 0.48256324062499995 0.420811890625 0.46850312499999996 0.41027437187500004 0.46702534062499995 0.38359761875 0.47269565937499997 0.36961485625 0.481244190625 0.35930065 0.4983069515625 0.35381059062500003 0.5162031093749999 0.3529556671875 0.534043440625 0.358381146875 0.55519583125 0.366929678125 0.56917859375 0.383803428125 0.5786035765624999 0.40272199531249997 0.5801587140625
3 0.47243331718750003 0.6982453921875 0.4880055203125 0.6884296125 0.4971083078125 0.6744125484375 0.4994194890625 0.659050884375 0.490780828125 0.622781665625 0.47748550468750006 0.599584459375 0.46365745 0.5913708953125 0.4493740203125 0.5897599296875 0.422619915625 0.6038112953125 0.41453953437499996 0.6138934390624999 0.40783805624999997 0.6348352937499999 0.4138090421875 0.67167154375 0.42774875156250003 0.6891553781249999 0.452303334375 0.69973595 0.47243331718750003 0.6982453921875
3 0.47883342500000003 0.8595301 0.5027866750000001 0.849791678125 0.522581690625 0.8204903031249999 0.5291715124999999 0.7902781765625 0.5238233875 0.7607447374999999 0.5100168593750001 0.739514990625 0.49543276406250003 0.727744528125 0.48343898750000003 0.7237880796875 0.45632838593749997 0.7230448125 0.44444626718749997 0.7283586359374999 0.4265628828125 0.7535360796874999 0.4159049578125 0.786471709375 0.4211199 0.8197510593749999 0.4271897671875 0.8351900796875 0.44633164531249997 0.8552857609375 0.47883342500000003 0.8595301
3 0.43162004375 1 0.43962543906249996 0.9942624890625 0.4452271546875 0.9856366046874999 0.4560182640625 0.9489550625 0.45994040937499997 0.9193099671875 0.4576164546875 0.9040041296875 0.452169446875 0.895867921875 0.44265433749999994 0.8904552171875 0.42112392343750005 0.8941022468750001 0.400349553125 0.9013061765625 0.389923690625 0.909098665625 0.3820881484375 0.9247051703125001 0.37665391718749996 0.9472364640625001 0.374398565625 0.9672332656249999 0.379635034375 0.98749643125 0.38616027656249996 0.9963328546874999 0.3913740140625 1 0.43162004375 1
3 0.22037029531250002 0.7323056296875 0.22387136718749998 0.72691445 0.2462351765625 0.7184432734375 0.2944423421875 0.709125925 0.29902164999999997 0.7044349609375 0.30400050625 0.6885062640624999 0.299842271875 0.6689433124999999 0.280056009375 0.6545610015625 0.2593031640625 0.6487487484375001 0.22672402812499998 0.65288545625 0.1976244390625 0.66464716875 0.1792513796875 0.6787758890625 0.175239103125 0.686134528125 0.174139340625 0.6984504953124999 0.17818591875 0.7087431750000001 0.175251878125 0.7168020296875001 0.1798654890625 0.7297623859375 0.1893805984375 0.7351750906250001 0.20614269375 0.7353297999999999 0.22037029531250002 0.7323056296875
3 0.125498325 0.7013542593750001 0.1556761515625 0.6902927609375 0.1730268046875 0.6800989625 0.193311496875 0.6618463109375 0.20203626406250003 0.6460507953125 0.20415843437499998 0.6297999046875 0.195176053125 0.60940355625 0.18242623593750001 0.6018902078125 0.1533266453125 0.6136519203125 0.126727246875 0.610941190625 0.112744484375 0.6194897218750001 0.1025076328125 0.6281714375 0.092004415625 0.6443449718750001 0.0875925921875 0.6629413453125 0.0913728046875 0.6807258453125 0.10094374375 0.6907736875 0.11585003281249999 0.6996874640625 0.125498325 0.7013542593750001
3 0.16451589375 0.9505047687499999 0.1939935046875 0.94052150625 0.213822821875 0.9288714515625 0.22788293906249998 0.911941871875 0.2346402453125 0.895635153125 0.2318050859375 0.882296778125 0.22280117812500003 0.8749166125000001 0.219244278125 0.8756726546875001 0.21033050000000003 0.8905789437499999 0.2021942921875 0.8960259515625 0.1888559171875 0.8988611093750001 0.170826575 0.8971169625 0.1510961390625 0.8873697875 0.1356443453125 0.8627721515625 0.12993097343749999 0.8621277640624999 0.1142255875 0.8756894531249999 0.107412453125 0.8873610359375 0.11105948437499999 0.9088914484374999 0.10925950625 0.9222856531250001 0.115840578125 0.9357572109375001 0.1280791921875 0.945238021875 0.149910271875 0.9517504890625 0.16451589375 0.9505047687499999
3 0.3348738171875 0.7944014046875 0.34376606875000004 0.7925112984375 0.34637791562500003 0.7873091296875 0.3458324109375 0.771625271875 0.33698321249999996 0.7474830125 0.321832084375 0.7330448734375 0.2958212453125 0.7199856375 0.2790033234375 0.7151957921875 0.24413453437500002 0.7216779812499999 0.22880716875 0.7370181203125 0.2322093609375 0.7530241703125 0.23943481718749998 0.7607823578125 0.29051144375 0.78245470625 0.3348738171875 0.7944014046875
3 0.3714053765625 0.703919734375 0.3933353375 0.689034971875 0.4038385546875 0.672861434375 0.404560296875 0.658767015625 0.392699703125 0.65106465625 0.3397457453125 0.6511675625 0.313580196875 0.6548704203125 0.3056329984375 0.66120665 0.309146846875 0.6864829765625 0.324486984375 0.7018103390625 0.3397154671875 0.7078674296874999 0.3714053765625 0.703919734375
3 0.3758507984375 0.8953607421875001 0.408863784375 0.8976376203124999 0.41718900156250005 0.8930798390625 0.4231129109375 0.8815972671875001 0.42266628749999996 0.844516178125 0.41661794687500003 0.8160609750000001 0.39583080000000004 0.7925974046875 0.36796415625 0.7882972359375 0.352147115625 0.7925886531249999 0.33905357812500003 0.8009481734375001 0.3344527421875 0.8186553203125 0.341068115625 0.8497781984375001 0.34694897187499996 0.8643279937499999 0.3601884671875 0.8828900640624999 0.3758507984375 0.8953607421875001
3 0.12233624531250001 0.8089074421875001 0.1393647046875 0.8015703296875 0.1634941890625 0.762053628125 0.1622484703125 0.7474480046875 0.152621703125 0.732765028125 0.13415851406249998 0.72460729375 0.1134614984375 0.723430178125 0.083605865625 0.7316349890625 0.067522459375 0.743418228125 0.0590640578125 0.7517219203125001 0.049127873437500004 0.7705631296875 0.0542096328125 0.8075883921875 0.0637247453125 0.813001096875 0.074640284375 0.8162573296875 0.09477026875 0.814766771875 0.12233624531250001 0.8089074421875001
3 0.10886941406249999 0.6974536390625 0.091239621875 0.6844717578124999 0.084813259375 0.6542381046875 0.07473111875 0.6461577234375 0.0433634015625 0.647248734375 0.0331050234375 0.6689466328125 0.0252910078125 0.6715369531250001 0.0427573390625 0.7449646140625 0.06040865937499999 0.7449303125 0.1099261234375 0.7111700359375 0.10886941406249999 0.6974536390625
0 0.7189417031249999 0.721129859375 0.7306132859375001 0.7279429937499999 0.7503094203125 0.7200388484375 0.7589783578125 0.6996081984375 0.758888228125 0.6773217421875 0.75359593125 0.652423440625 0.7405669734375 0.6217344125 0.7346087625 0.6155656640625 0.7341749125 0.6091520781249999 0.7200246671875 0.6037952 0.7041517984375 0.60345148125 0.6853448875 0.6111666140625001 0.674407821875 0.620926565625 0.667783696875 0.633487371875 0.6612497046875 0.6683346359375 0.6670316796875 0.7042816609375 0.6733679109375 0.7122288578125 0.6900526499999999 0.7207646140625 0.7189417031249999 0.721129859375
0 0.8196131484375 0.700660884375 0.8394209390625 0.7020270125 0.8534595296875 0.698113615625 0.8605948578125 0.6835853484375 0.8601825359375 0.664155578125 0.8507104765625 0.6327105078125 0.836959778125 0.6161158984374999 0.827444665625 0.6107031921875 0.8111937765624999 0.608581021875 0.7964549703125 0.6135726546875 0.7819610046875 0.6240886453125001 0.7731030546875 0.6436300703125 0.7738934000000001 0.664838290625 0.7805302968750001 0.682944984375 0.790045409375 0.688357690625 0.8014721515625001 0.6896464640625 0.8196131484375 0.700660884375
0 0.644830625 0.8446931171875001 0.6903573421875 0.8052752999999999 0.7017497828125 0.788912753125 0.705650403125 0.7722838421875 0.7030816078125001 0.75145364375 0.693643853125 0.7376598921874999 0.6708677203125 0.726701296875 0.641390109375 0.736684559375 0.6140259171875 0.774100615625 0.6056791718750001 0.79167458125 0.601701196875 0.8166845390624999 0.605803603125 0.83161235625 0.612139834375 0.8395595531250001 0.62362240625 0.8454834625000001 0.644830625 0.8446931171875001
0 0.687371496875 0.8830502046875001 0.67959178125 0.9032918453125 0.675102603125 0.9302692640625001 0.6743035078124999 0.9527447312499999 0.678594925 0.968561771875 0.681318428125 0.972629875 0.7515672109375 0.9576980359375 0.7612585562499999 0.9333324640624999 0.7598110515625 0.8871701140624999 0.7525512921875 0.8617606062500001 0.7359997359375 0.8494789390624999 0.706522125 0.8594622015625 0.687371496875 0.8830502046875001
0 0.506128309375 0.9791974671875 0.5192776765625 0.9754730828125 0.5394291875 0.960966340625 0.5566681828125 0.9415022703125 0.5667375515625 0.9189151484375 0.5677041296875001 0.910345090625 0.5630905203125 0.897384734375 0.5305544375 0.8754890765625 0.5045778999999999 0.880081159375 0.47437854843749994 0.9041588390624999 0.4643865359375 0.9183649140625001 0.45991888281250004 0.9323261515624999 0.4617874640625 0.9542345843750001 0.4688797375 0.9657386828125001 0.48365284375 0.9783983718749999 0.506128309375 0.9791974671875
0 0.9397957421875001 0.7457497265625 0.9579582656250001 0.7437479640625 0.976387153125 0.73425438125 0.9895580468749999 0.7175138125 0.9951812890625 0.6958717437499999 0.9916674406249999 0.6705954203125 0.9833294468749999 0.6444856984375 0.9622759359374999 0.6285139484375 0.9502821609375 0.6245575 0.93225281875 0.6228133515625001 0.9116674609375 0.6309065078125 0.8967181171874999 0.6480250953125 0.88697094375 0.6677555328125 0.887138428125 0.6816609406249999 0.89388698125 0.7090379078125 0.9061040703125001 0.7315349 0.9224666171875 0.7429273421875 0.9397957421875001 0.7457497265625
0 0.89094891875 0.6427455734375 0.903342240625 0.6354642890625 0.9219816671875 0.613843746875 0.9256589749999999 0.578674290625 0.9202119671875 0.5705380812499999 0.908351375 0.562835721875 0.8799176984375 0.5558678796875001 0.8681687625000001 0.5574357937500001 0.8453495765625 0.5725095671875 0.8350353703125 0.5895723265624999 0.8360362515625 0.5986535890625 0.868284440625 0.641057253125 0.8725973843749999 0.6438581109375 0.89094891875 0.6427455734375
0 0.8072709250000001 0.8306121781250001 0.817430421875 0.8303115125 0.8326246046874999 0.818717284375 0.8380588359375001 0.796185990625 0.8334882796875 0.75719326875 0.8212368906249999 0.7170449578125 0.8008835953125001 0.699994971875 0.7816428359375001 0.70129651875 0.7614139703125 0.7241843078125 0.7573028125000001 0.752940178125 0.763351153125 0.7813953812500001 0.7788587765625 0.8106281515625 0.796166375 0.8264667203125 0.8072709250000001 0.8306121781250001
0 1 0.833929275 0.974548146875 0.8480321390625001 0.9665235953125 0.8627494171875 0.96916974375 0.8751985687499999 0.9874997515624999 0.8871022140625 1 0.88815659375 1 0.833929275
0 1 0.5147332765625 0.99941758125 0.5146675875 0.9968272593749999 0.506853571875 0.9835104109374999 0.496672546875 0.9710054296875 0.49468356093750004 0.9454069140625 0.50105409375 0.9311234828125 0.49944312812499997 0.9267331859375 0.5050233171875 0.9070370515624999 0.5129274609375 0.8964780078125001 0.5244658609374999 0.8858416078125 0.5443853078124999 0.8881097359375 0.555056009375 0.9156541859375 0.5622128625 0.9367635249999999 0.5828197484375 0.9674310281249999 0.582806975 0.9839482828125 0.577437321875 1 0.5661146718750001 1 0.5147332765625
0 0.8292876953125001 0.571276621875 0.8461829734374999 0.5676854203125 0.8777054 0.5498323140625 0.8868081875 0.53581525 0.8903866140625001 0.522043025 0.886529046875 0.5126395703125 0.8791704078125001 0.50862729375 0.8193131875 0.498115325 0.7896465640625 0.5072093609375 0.7743192015625 0.5225495015625 0.7758312859375 0.5296633015625 0.7851573859375 0.5341867828125 0.798908084375 0.550781390625 0.8292876953125001 0.571276621875
0 0.7058831703124999 0.5547546375 0.720999996875 0.5515414578125 0.7354724375 0.5540416484375 0.7545241859375 0.5518508765625 0.7631715984375 0.544436409375 0.76909550625 0.5329538375 0.77307348125 0.5079438781250001 0.7439395906249999 0.502054271875 0.7283330859375 0.494218728125 0.722185865625 0.48716075625000005 0.7167603859375 0.4660083640625 0.7090795515625 0.46485277500000005 0.6879056343750001 0.4832944390625 0.6739571734375 0.5094942875 0.670168209375 0.535393471875 0.673514571875 0.5467643875 0.6822521140625 0.5616363765625 0.68853251875 0.5649484375 0.7058831703124999 0.5547546375
0 0.638345115625 0.5430870796875 0.6606530984375001 0.5299807671875 0.6692446828125 0.5179311640625001 0.6797694265625001 0.48874144375000006 0.6834252078125 0.46658817187499996 0.6778665453125 0.449181690625 0.6361160171875 0.43203282343750005 0.610762340625 0.44392771875000003 0.5925567640625 0.47196184687500004 0.5886346171875 0.5016069421875 0.592337475 0.527772490625 0.6051431218750001 0.539920975 0.6209386375 0.5486457437500001 0.638345115625 0.5430870796875
0 0.59189819375 0.8317798406250001 0.6007346171875 0.8252545984375 0.6039007203125 0.7920526015625 0.617660171875 0.764963528125 0.6223383609375001 0.7388753328125001 0.6195032015625 0.72553695625 0.5996826343749999 0.6935033265625 0.5850211859375001 0.6901139109375001 0.5667254796875 0.6958615828125 0.5518534921875 0.704599125 0.5402720390625 0.7200724468749999 0.53239344375 0.76171131875 0.5423551796875 0.8042051109375 0.55591686875 0.8199104953124999 0.574057865625 0.8309249171875001 0.59189819375 0.8317798406250001
0 1 0.7897779765624999 0.9854381375000001 0.7899533671875 0.967730990625 0.7853525328125001 0.924270615625 0.803884325 0.9020184625000001 0.821625775 0.896640059375 0.8487922046874999 0.9010646578125 0.8608633343750001 0.9098795546874999 0.867354275 0.92143948125 0.8648971375000001 0.9645776609375 0.8492220312500001 1 0.83091313125 1 0.7897779765624999
0 0.8966831125000001 0.8227598390624999 0.9176680203125 0.80342895 0.9394647984375 0.792290096875 0.9405645609375 0.7799741296875 0.913930859375 0.75961208125 0.8742379234375001 0.7652608734374999 0.8627338265625 0.7723531484375 0.8451168078125001 0.79003876875 0.8410830062500001 0.8104135921875001 0.844807390625 0.8235629578125 0.85254405 0.8293536843749999 0.86308156875 0.8308314671874999 0.8966831125000001 0.8227598390624999
0 0.5967660984375 0.614194809375 0.6050354890625 0.6050018921875 0.621041540625 0.6015997 0.6321460906249999 0.605745159375 0.6393715484375 0.6135033453125 0.6475635843750001 0.612691475 0.653010590625 0.620827684375 0.6587239625 0.6214720703125 0.6742403375 0.60702115625 0.679786225 0.5937601359375 0.6801299453125 0.577887265625 0.6728701859374999 0.552477759375 0.6519283312499999 0.54577628125 0.635544259375 0.5474000234374999 0.6105127734375 0.55643823125 0.5878825984375 0.5724012296875001 0.5654972625 0.5938885890625001 0.558606775 0.6139412203125 0.56252016875 0.6279798109375 0.5739253875 0.642284765625 0.5859191625 0.6462412140625 0.5967660984375 0.614194809375
0 0.615056371875 0.918868071875 0.62896178125 0.9187005859375 0.643133553125 0.9110412796875 0.6536925984375 0.8995028812499999 0.660827925 0.8849746125 0.655535628125 0.8600763109375 0.6392289109375 0.8533190046874999 0.6285582078124999 0.8555871328125001 0.6151640046875 0.8537871546875 0.5873316609375 0.86713830625 0.5761282296875 0.8843900781249999 0.5805871312499999 0.9141125265625 0.5906692734375001 0.9221929078125 0.600506578125 0.9247489265625 0.615056371875 0.918868071875
0 0.5172900968749999 0.6032059390625 0.5310623234375 0.606784365625 0.5433224625 0.6032489921875 0.5656304453125001 0.590142678125 0.5735218140625 0.5791713125 0.578200003125 0.5530831171874999 0.5774439609375001 0.5495262171874999 0.5747762859375001 0.5500932484375001 0.568418528125 0.555162234375 0.5559693765625 0.5578083828125 0.5246790140625001 0.550518346875 0.5090940374999999 0.5296666203125 0.4998109890625 0.499110775 0.48227132656249994 0.5084153484375 0.47297952812500005 0.5215431875000001 0.4697791234375 0.5370938640625 0.47684987031250003 0.5616141453125 0.4845091765625 0.5757859187500001 0.4989600890625 0.59130229375 0.5172900968749999 0.6032059390625