1 0.224467825 0.9766736828125 0.24035264218750002 0.9730959828125 0.262861909375 0.9299880890625 0.2552840171875 0.8849078718750001 0.234347271875 0.8584320921874999 0.2064697640625 0.8624285859375 0.196897603125 0.8748548109375 0.20342564218749998 0.9471785953125 0.224467825 0.9766736828125
1 0.12230555000000001 0.8018848843749999 0.12629859999999998 0.7443086421875 0.105467290625 0.7208521703125 0.0801157484375 0.739875403125 0.06539073437500001 0.7766654859375001 0.068760190625 0.8158466875 0.0934836265625 0.8361442531250001 0.12230555000000001 0.8018848843749999
1 0.10167608749999998 0.6695937390625 0.12155846875000001 0.66587644375 0.1365997921875 0.63814428125 0.12923277187499999 0.5991026796875001 0.1044039 0.5757858062500001 0.0844160828125 0.5764837953125 0.07316144999999999 0.5980377421874999 0.0767417796875 0.6432575593750001 0.10167608749999998 0.6695937390625
1 0.1519619390625 0.6769066890625 0.16090599375 0.7038012609375001 0.16921743125 0.7125799875000001 0.1988828453125 0.7024750796875 0.21118733281250002 0.6536775640625 0.20539734843750002 0.6024889328125 0.19498169375000002 0.5907606984375 0.176992659375 0.5913888890625 0.152379171875 0.6315472734375 0.1519619390625 0.6769066890625
1 0.21728460156249998 0.59905083125 0.24905423437500002 0.59189543125 0.2679876859375 0.561004365625 0.26062066562499997 0.5219627625000001 0.23789601249999998 0.5015953984375 0.2100185046875 0.5055918921875 0.1927675265625 0.5273552375 0.194349075 0.5726448515625 0.21728460156249998 0.59905083125
1 0.18374059843749999 0.7846245765625001 0.1825853078125 0.8088488359375001 0.193317271875 0.8296349953125001 0.21540930781249998 0.8318865140625 0.2289790328125 0.8193206906249999 0.2432823015625 0.7704533765625 0.23591528125 0.731411775 0.2215020640625 0.7198231374999999 0.20361846562500002 0.723470634375 0.19225839375 0.742005275 0.18374059843749999 0.7846245765625001
1 0.05898166875000001 0.8796709421875001 0.07802506875000001 0.9092358265625 0.10211588437500001 0.911417546875 0.1249414625 0.8773675750000001 0.122204625 0.8563022203124999 0.1074750984375 0.835655659375 0.08359515468749999 0.8395125546875001 0.0709698453125 0.821815503125 0.055506774999999994 0.8374704328125 0.05898166875000001 0.8796709421875001
1 0.3002709640625 0.3966355734375 0.318470871875 0.402045996875 0.3397194140625 0.3801430546875 0.3404529578125 0.3438415640625 0.324985375 0.30205985 0.29868490312499996 0.2939093140625 0.27712005156249997 0.306754334375 0.27849072656249996 0.3460053328125 0.3002709640625 0.3966355734375
1 0.4155586546875 0.259598096875 0.4342857453125 0.28010505937499997 0.46195237968749997 0.27006995 0.46647261249999994 0.227590246875 0.45205488281250006 0.158564965625 0.4274368828125 0.1412867078125 0.40650465 0.1722475734375 0.4059819796875 0.21458767812500001 0.4155586546875 0.259598096875
1 0.4645747546875 0.173242709375 0.48698309999999995 0.18455215 0.5125455140625 0.17156753281249998 0.51885365625 0.122979415625 0.4977060375 0.090465021875 0.4615170953125 0.0856827890625 0.44447698906250005 0.11348474687500001 0.44542591875 0.140658515625 0.4645747546875 0.173242709375
1 0.33307691250000004 0.1899266734375 0.35148769375 0.20137571250000003 0.3794706359375 0.20039852656249998 0.3930403609375 0.187832703125 0.40566115781249995 0.14809311249999998 0.3902990109375 0.10933070468749999 0.368101540625 0.1040598796875 0.33906874375 0.1322806328125 0.32802498281250003 0.1598731953125 0.33307691250000004 0.1899266734375
1 0.401580721875 0.43239662343749996 0.42767032031249996 0.4345085421875 0.45039046093749996 0.3974392625 0.4453385328125 0.3673857859375 0.42471809687500006 0.349967928125 0.3907388078125 0.3511545109375 0.38137751875000003 0.369619353125 0.3827481953125 0.40887035312500003 0.401580721875 0.43239662343749996
1 0.5081848703125 0.9063062734375 0.5175461593749999 0.8878414343750001 0.5167026671875 0.8636869734375001 0.495660484375 0.8341918859374999 0.45737183750000004 0.8838967875 0.45285160312499995 0.9263764906249999 0.467264821875 0.937965128125 0.5081848703125 0.9063062734375
1 0.42139827968750004 0.9425898140625 0.44306856874999995 0.9327641015625 0.4541123296875 0.9051715390625 0.4489549640625 0.872098753125 0.42843996406249996 0.8577002046875 0.40676967656249996 0.8675259171875 0.3955150421875 0.8890798640625001 0.3946760625 0.9223620468749999 0.42139827968750004 0.9425898140625
1 0.4412535828125 0.5942526515625 0.4631347453125 0.5904655546875001 0.47438937968749995 0.5689116078125 0.4689157046875 0.5267808984375 0.445874740625 0.4973556109375 0.42378270625000003 0.4951040921875 0.41452685312500004 0.516588240625 0.4137933109375 0.55288973125 0.4412535828125 0.5942526515625
1 0.46407464843749996 0.502766034375 0.4906869171875 0.4625378515625 0.481215678125 0.42054673906250006 0.4625940234375 0.403059084375 0.42020237656250004 0.44988427656249996 0.423466396875 0.48604617031249997 0.456079521875 0.50304523125 0.46407464843749996 0.502766034375
1 0.4286102234375 0.3468090234375 0.44512765937500004 0.36134716875 0.4540717140625 0.3882417421875 0.47952869375 0.3722378171875 0.49036158125 0.3386066390625 0.4872029984375 0.3054640546875 0.46837047031249995 0.281937784375 0.44270261875 0.29190309375 0.4279776046875 0.328693178125 0.4286102234375 0.3468090234375
1 0.3848479 0.354383215625 0.4164066609375 0.3411892015625 0.42776673125000003 0.3226545625 0.4225039296875 0.28656246875 0.407985275 0.2719545234375 0.38210655 0.27588121875 0.3608580078125 0.2977841609375 0.3683304640625 0.3398450703125 0.3848479 0.354383215625
1 0.324577165625 0.4622925515625 0.315110440625 0.477738084375 0.3177418421875 0.49578413125000004 0.33447015 0.51636089375 0.36045431250000004 0.51545350625 0.374968453125 0.4726248078125 0.3684404140625 0.400301021875 0.33814237812500003 0.392290084375 0.3173155828125 0.42627025625000003 0.324577165625 0.4622925515625
1 0.3296471453125 0.72209260625 0.34753074375000004 0.7184451078125 0.3623611953125 0.68467433125 0.3613068296875 0.65448125625 0.336372521875 0.628145075 0.3064962328125 0.6322113671875 0.2932428171875 0.6538351140625001 0.2942971828125 0.6840281890625 0.3296471453125 0.72209260625
1 0.3716170484375 0.6631901828125 0.3876073015625 0.662631790625 0.405069153125 0.6469070625 0.40127795 0.5956486328125 0.3881254578125 0.5628550406249999 0.3678213328125 0.5544951078125 0.35067578906249997 0.5792777609375 0.3501531203125 0.6216178671875 0.3716170484375 0.6631901828125
1 0.268331071875 0.914682153125 0.2747491625 0.9265499859374999 0.3171453234375 0.9371614390625 0.330293303125 0.912518384375 0.3332365015625 0.8821857109375 0.3219773546875 0.8463030140625 0.291468446875 0.832253459375 0.2763216859375 0.8569663125 0.2694863609375 0.8904578921875 0.268331071875 0.914682153125
1 0.30155793124999997 1 0.3069450546875 0.9889084625000001 0.3061015625 0.9647540015624999 0.29736838125 0.9438980421875 0.266964909375 0.932867796875 0.2389864796875 0.9912816281250001 0.23814052968750002 1 0.30155793124999997 1
1 0.2773218984375 0.1979196609375 0.28741673125 0.14315332812499998 0.275841275 0.098212709375 0.24943536718749998 0.087042865625 0.23260613437500002 0.120883440625 0.2389233015625 0.18716861093749998 0.25743951875 0.20163695937499998 0.2773218984375 0.1979196609375
1 0.24322363593750002 0.0237770046875 0.2307037625 0.009099259375 0.20871716562499998 0.009867048437500001 0.1935704046875 0.0345799015625 0.19788878906250001 0.1009348703125 0.2103032265625 0.11259330625 0.23418316875 0.10873641249999999 0.25048521875 0.0597992984375 0.24322363593750002 0.0237770046875
1 0.1612871265625 0.19894869531249998 0.1891646328125 0.1949522 0.20967511874999997 0.15191410625 0.20893706406249998 0.130778953125 0.19610088125 0.10704328593750001 0.1543373390625 0.114547678125 0.13698092343749999 0.133291715625 0.1382461625 0.1695234078125 0.1612871265625 0.19894869531249998
1 0.1544608265625 0.3473135625 0.1693967140625 0.31656209375 0.16644900468749999 0.2894581234375 0.1480382234375 0.278009084375 0.10070008281250001 0.2978001078125 0.101859884375 0.331012490625 0.1249008484375 0.360437778125 0.1544608265625 0.3473135625
1 0.0798823125 0.44665356718749993 0.10607734687499999 0.451784796875 0.11775372656250001 0.4423080796875 0.12132503125 0.37265460625 0.1084888484375 0.3489189390625 0.08250468749999999 0.3498263265625 0.06557001875 0.38064759375 0.0670461296875 0.4229179 0.0798823125 0.44665356718749993
1 0.0801022109375 0.567565471875 0.09819668125 0.5699565890625 0.1174464421875 0.5481234453125 0.12028420468750001 0.5147714624999999 0.10723714843750001 0.4849971796875 0.0749403328125 0.47705604218750003 0.06368569843750001 0.4986099890625 0.06316302812499999 0.54095009375 0.0801022109375 0.567565471875
1 0.035162034375 0.3121807046875 0.054833540624999996 0.30242479218749996 0.073345246875 0.25945649375 0.0679770078125 0.22034509375 0.0512486984375 0.19976833125 0.0257917203125 0.21577225625000002 0.0128546140625 0.24645392500000002 0.012226507812499999 0.2857747234375 0.035162034375 0.3121807046875
1 0 0.10235056875 0.0086371515625 0.125681621875 0.0331497140625 0.1399405703125 0.054187384375 0.11199901406249999 0.0628106171875 0.07239901875 0.0437672171875 0.042834134375 0.031669090625 0.0402336203125 0.0010592593750000001 0.080601403125 0 0.098417753125 0 0.10235056875
1 0.0430426984375 0.19400891250000002 0.071131078125 0.196051034375 0.096060875 0.1649505703125 0.0906926359375 0.12583916875 0.0822757640625 0.11404113593750001 0.05439825625 0.118037628125 0.039146059375 0.1397311734375 0.036730043750000003 0.1851603875 0.0430426984375 0.19400891250000002
1 0.2770191265625 0.36117167031249997 0.2692303609375 0.3100528359375 0.2529237984375 0.30155330625 0.2172620375 0.3118676109375 0.2022207140625 0.339599771875 0.20117086093749997 0.366843340625 0.22631604218749998 0.3992181359375 0.2770191265625 0.36117167031249997
1 0.25060870625 0.2925651828125 0.253024721875 0.2471359703125 0.237978884375 0.2174314859375 0.2096796328125 0.20935074999999997 0.1984249984375 0.230904696875 0.1980077640625 0.276264109375 0.2110548203125 0.30603839375 0.25060870625 0.2925651828125
1 0.21380519531250003 0.499413678125 0.257989265625 0.5039167171875001 0.2656680828125 0.4945795984375 0.26429740625 0.4553285984375 0.2454648796875 0.431802328125 0.21527228125 0.42681069843749997 0.1961279578125 0.45166315 0.19486723125 0.4728681015625 0.21380519531250003 0.499413678125
1 0.148372584375 0.516813584375 0.1767772734375 0.527913628125 0.200024596875 0.5059408875 0.1923412671875 0.45784136249999996 0.17961052187499998 0.43712500312499997 0.14920705 0.4260947578125 0.1321669453125 0.4538967171875 0.13090621875 0.4751016703125 0.148372584375 0.516813584375
1 0.2265634734375 1 0.22267991562499997 0.9827820968750001 0.195535953125 0.9504771 0.1795457 0.9510354921875 0.1590352125 0.9940735875 0.1592421671875 1 0.2265634734375 1
1 0.13693866562499998 0.934385425 0.14893135625 0.93396663125 0.17407202500000002 0.9089047828125001 0.18690369375 0.87520380625 0.1820626390625 0.8511889437500001 0.1673331109375 0.8305423812500001 0.1282009703125 0.8560928234375 0.1181061390625 0.9108591546874999 0.13693866562499998 0.934385425
1 0 0.4489929734375 0.03959036875 0.438991625 0.0470583125 0.423615890625 0.03969129375 0.3845742890625 0.0026588578125 0.35563759375 0 0.3557304421875 0 0.4489929734375
1 0.0120427109375 0.6243559734375 0.0099430046875 0.678843109375 0.016888278125 0.7058074796875 0.033300278125 0.71732631875 0.060966912500000005 0.707291209375 0.06832941875000001 0.68889616875 0.06695874375000001 0.64964516875 0.058120125 0.6257699046874999 0.0374996890625 0.6083520484375 0.019616090625 0.611999546875 0.0120427109375 0.6243559734375
2 0.6683585859375001 0.3354138375 0.6655208234375001 0.36876581875 0.6870901890625001 0.41335744218750003 0.717599096875 0.427406996875 0.7414790390625 0.42355010000000004 0.7490524203125 0.4111936734375 0.7512575625 0.35972584687500003 0.7405255984375 0.33893968750000003 0.7058082546875 0.3189911171875 0.6799295296875 0.32291781249999996 0.6683585859375001 0.3354138375
2 0.7682796171875 0.102177309375 0.7792224546875001 0.129002084375 0.785535109375 0.137850609375 0.815411396875 0.13378431875000002 0.8318188843750001 0.0878665140625 0.8258180265625 0.030639265625000002 0.8131927171875001 0.012942214062499999 0.7929940265625001 0.0076015875 0.7682751046875 0.044740665624999995 0.7682796171875 0.102177309375
2 0.8283891171875 0.6200324453125 0.8374386093749999 0.6499463265625 0.855954828125 0.664414671875 0.88551480625 0.6512904578125001 0.891190328125 0.58458649375 0.8774052171875001 0.5336770578125 0.8649907812500001 0.522018621875 0.8450029640625001 0.5227166109375 0.8279628593749999 0.5505185703125 0.8283891171875 0.6200324453125
2 0.7445141359375 0.2239268015625 0.76271404375 0.2293372265625 0.7857504953125 0.2013258703125 0.7837472 0.143959025 0.7688068 0.1172738484375 0.748713546875 0.11495253125 0.7278867499999999 0.1489327046875 0.731677953125 0.20019113437499997 0.7445141359375 0.2239268015625
2 0.6577230328125 0.20277369687500002 0.6864395187500001 0.16549502031250002 0.69464100625 0.113817796875 0.6858023859375 0.08994253125 0.657397696875 0.0788424875 0.6285757750000001 0.11310185625 0.6215295765625 0.1405548203125 0.62510990625 0.18577463593750002 0.6577230328125 0.20277369687500002
2 0.6675466812499999 0.713315884375 0.6800620421875 0.6705569828125 0.65396793125 0.6110084203125 0.6280892062500001 0.6149351140625 0.607262409375 0.6489152875 0.6064234296875 0.6821974703125 0.6296752671875 0.7176613734374999 0.6675466812499999 0.713315884375
2 0.5761118578125 0.5018766 0.5754837515625 0.5411973984375 0.5842169328125 0.5620533546875001 0.5945271515624999 0.5707622828125001 0.61241075 0.567114784375 0.6445976171875001 0.514599971875 0.64501485 0.46924055937500003 0.6342828859375 0.4484544 0.6179763234375 0.43995486875 0.588838090625 0.4651563140625 0.5761118578125 0.5018766
2 0.73422648125 0.5024010953125 0.7331766281250001 0.5296446625 0.7439085921874999 0.5504308203125 0.7741011906249999 0.5554224515625 0.7956660421875 0.54257743125 0.8147049296875 0.514705671875 0.8174372546875001 0.4783343828125 0.8046010734375001 0.454598715625 0.77651269375 0.4525565953125 0.74916236875 0.4716496265625 0.73422648125 0.5024010953125
2 0.7264738171875 0.9107754140625 0.7257402734375 0.9470769046875 0.7322638015625 0.9619640468749999 0.7487812375 0.9765021921875 0.77676418125 0.97552500625 0.8030601390625 0.926238896875 0.8071586265624999 0.8716819640625 0.7986363171875 0.8568646203125001 0.7601322828125 0.843094265625 0.742881303125 0.864857609375 0.7264738171875 0.9107754140625
2 0.8518292640625 0.3743517421875 0.8811828828125 0.41262555624999997 0.9029586078125 0.40581915156250004 0.91810536875 0.3811062984375 0.9168401296875001 0.34487460625 0.8973749828124999 0.303232490625 0.8793859484375 0.3038606828125 0.8599253140625001 0.3196552109375 0.8507748984375001 0.3441586671875 0.8518292640625 0.3743517421875
2 0.9188885515624999 0.97660789375 0.9549720578124999 0.97837081875 0.9720121640625001 0.9505688593749999 0.9787420515624999 0.914057971875 0.9680100875000001 0.8932718140624999 0.943813834375 0.8880707859375001 0.911099784375 0.925489059375 0.9082620234375 0.9588410421875 0.9188885515624999 0.97660789375
2 0.6005054453125 0.3408063109375 0.5998773390625 0.38012710781250003 0.6152394859375 0.4188895140625 0.6319677953125 0.43946627656250004 0.6580573921874999 0.441578196875 0.6693120265625 0.42002425 0.668468534375 0.3958697890625 0.64837076875 0.3361118265625 0.6358508953124999 0.3214340828125 0.6178618609375001 0.3220622734375 0.6005054453125 0.3408063109375
2 0.53601725 0.3279433390625 0.5637938328125001 0.3783641828125 0.5839925218750001 0.3837048078125 0.6000837 0.3287290796875 0.592927553125 0.29572609375000003 0.5658890249999999 0.266440403125 0.5364344828125 0.2825839265625 0.5307544484375 0.2918512453125 0.53601725 0.3279433390625
2 0.585084909375 0 0.5735497921875 0.0273567078125 0.5708174671874999 0.063727996875 0.5860741765624999 0.09947109531250001 0.6025916125 0.1140092421875 0.6320461546875 0.09786571875 0.6356174593749999 0.028212246875000003 0.625173290625 0 0.585084909375 0
2 0.7486261609375 0.3416798 0.7585146328125 0.338311496875 0.771240865625 0.3015912140625 0.7620859375 0.2686580234375 0.7475672828125 0.2540500796875 0.7216885578125 0.2579767734375 0.7084351421874999 0.279600521875 0.7057028171875 0.3159718109375 0.7486261609375 0.3416798
2 0.8135586671875 0.653803221875 0.8208157375 0.632388871875 0.8131324078125 0.5842893453125 0.794616190625 0.569821 0.76705499375 0.582875415625 0.7711625062499999 0.6431917703125001 0.791888378125 0.6636289328125 0.8135586671875 0.653803221875
2 0.679649321875 0.7733530421875 0.67039346875 0.794837190625 0.67176414375 0.8340881906250001 0.69491054375 0.8665327843749999 0.7308886140624999 0.865276403125 0.7519262828125 0.8373348453125 0.7515045375 0.8252576140624999 0.730673228125 0.80180114375 0.7396127703125 0.771259071875 0.7270928984375 0.756581328125 0.6972166093750001 0.7606476203125 0.679649321875 0.7733530421875
2 0.6891160468749999 0.7579075078125 0.7207802437499999 0.7477328015625 0.7396082578125001 0.7138224281250001 0.7322412375 0.674780825 0.715934675 0.6662812953125 0.69216016875 0.673157496875 0.6769079703124999 0.6948510421874999 0.6701780828125 0.7313619296875 0.6891160468749999 0.7579075078125
2 0.9382995453125 0.32901028125 0.9673323406250001 0.3007895265625 0.9739567921875001 0.26125933125 0.963224828125 0.2404731734375 0.9373461031250001 0.2443998671875 0.9177800328125001 0.2571750875 0.9046320531250001 0.2818181421875 0.9075797640625 0.3089221125 0.9382995453125 0.32901028125
2 0.9180089578124999 0.4929602796875 0.9066488859374999 0.51149491875 0.9073869421874999 0.5326300734375 0.920433996875 0.5624043546874999 0.942947778125 0.5767331046875 0.968931940625 0.5758257171875 0.9843950109374999 0.5601707874999999 0.9914412078125 0.532717821875 0.9867055890625 0.5117222671875 0.94799068125 0.49191329531249994 0.9180089578124999 0.4929602796875
2 0.8877379984375 0.8295692046875001 0.9136167234375 0.8256425125 0.928763484375 0.8009296593749999 0.923395246875 0.76181825625 0.9024585015625 0.735342478125 0.8784731203125 0.7361800656249999 0.8617493250000001 0.7730399484375 0.8671175625 0.81215135 0.8877379984375 0.8295692046875001
2 0.893931678125 0.6630884906250001 0.904979953125 0.6929325734375 0.9174998249999999 0.70761031875 0.943062240625 0.6946257 0.9521072203125 0.6671029359375 0.9507365453125001 0.6278519359375 0.9392665250000001 0.585930625 0.91264974375 0.568722165625 0.8958205109374999 0.6025627421875 0.893931678125 0.6630884906250001
2 0.8067368796875 0.8596047328124999 0.8199948078125001 0.89541763125 0.8364068078125 0.9069364703125 0.8600758781250001 0.8970409593750001 0.8616484015625 0.8274572859375 0.8464971265625 0.79473349375 0.834188128125 0.7860943640625 0.8184087468750001 0.7926913734375 0.8056825140624999 0.8294116578124999 0.8067368796875 0.8596047328124999
2 0.5453272546875 0.9956989203125 0.5712059796875 0.9917722265625001 0.586352740625 0.9670593734375 0.5854038125 0.939885603125 0.5664658484375 0.9133400249999999 0.53627325 0.9083483953125 0.519022271875 0.930111740625 0.5246013828125 0.9752617562499999 0.5453272546875 0.9956989203125
2 0.6182187859375 0.8480499937499999 0.6283181296875 0.8507203046875 0.6567183062499999 0.80438370625 0.668601046875 0.743508959375 0.659867865625 0.722653003125 0.6218910140625 0.723979184375 0.6124242875 0.7394247171874999 0.601279603125 0.8214346156250001 0.6182187859375 0.8480499937499999
2 0.6834269859375001 0.652301540625 0.699206365625 0.645704534375 0.72886726875 0.57816298125 0.7250760656249999 0.5269045515624999 0.70845319375 0.509347096875 0.6885708125 0.51306439375 0.6631183468749999 0.5865049640625 0.6625956765625001 0.62884506875 0.6834269859375001 0.652301540625
2 0.5977640953125001 0.2623043109375 0.63205969375 0.2701756515625 0.6549907078125 0.23914498750000002 0.6544635249999999 0.2240484484375 0.6154323078124999 0.19518155312500002 0.5828191828125 0.17818249218749999 0.5630422390625001 0.18491909687500002 0.56651713125 0.2271196046875 0.5977640953125001 0.2623043109375
2 0.6513139671875 0.305779153125 0.6815065640625 0.31077078281250003 0.69328838125 0.3043133734375 0.7120109593749999 0.2673836921875 0.7106402843749999 0.22813269218749999 0.7020125390625 0.21029604375000002 0.6859168484375 0.207835128125 0.6664562140625 0.22362965468749998 0.6457348546875 0.26062913593750003 0.6513139671875 0.305779153125
2 0.6671161703124999 0 0.6472938390625 0.0187355296875 0.6422464234375 0.046118696875 0.6511904796875 0.07301326875 0.7050521468750001 0.0681093890625 0.720726090625 0.0584930734375 0.7318752890625 0.0339198171875 0.7291384515625 0.012854464062500001 0.7108234578125 0 0.6671161703124999 0
2 0.8223144515625 0 0.8171902796875001 0.012802615625 0.8391813906250001 0.0694714703125 0.8768419328125001 0.059087367187499996 0.8860977859375 0.03760321875 0.8818444578125 0 0.8223144515625 0
2 0.8059536968750001 0.2641031390625 0.8330931484375 0.2389714921875 0.8356146000000001 0.1965615875 0.8213068187499999 0.1879922578125 0.7743904234375 0.21986050937499999 0.7693430078125 0.247243675 0.7798640984375 0.26199121875000003 0.8059536968750001 0.2641031390625
2 0.795367784375 0.763266084375 0.8079930937500001 0.7809631375 0.827980909375 0.7802651468749999 0.834078178125 0.7256384125 0.820503940625 0.6807675921875 0.8003052500000001 0.6754269671875 0.7887343062500001 0.6879229921875 0.7862128546875 0.730332896875 0.795367784375 0.763266084375
2 0.49597228125 0.7858131640625 0.506598809375 0.8035800156249999 0.5226945 0.8060409296875 0.5380521328125 0.78736669375 0.546148184375 0.7326701609375 0.5386757265625 0.69060925 0.5280492 0.6728424000000001 0.506484346875 0.6856874203125 0.49439073437500003 0.74052355 0.49597228125 0.7858131640625
2 0.4824899421875 0.57165171875 0.4995345609375 0.601286403125 0.51973325 0.6066270281249999 0.53824495625 0.5636587328125 0.5342428796875 0.5063616859375 0.5195133515625 0.48571512656250004 0.49184671875 0.495750234375 0.48111926718750003 0.5324007203125001 0.4824899421875 0.57165171875