2 0.37070666406249997 0.7923009984375 0.378016453125 0.7813384234375 0.3858493421875 0.76453249375 0.3893515296875 0.7503025375 0.3899032421875 0.7102868140624999 0.386560090625 0.6620044734375 0.3759507796875 0.627184328125 0.365661428125 0.6106947234375 0.36236238125 0.6007507859375 0.347611434375 0.5793382984375001 0.3191998453125 0.56316501875 0.307341196875 0.564205471875 0.2887540328125 0.573697975 0.2607060359375 0.57835485625 0.25143426875 0.5843509171875 0.24226430781250002 0.5961794234375 0.232673053125 0.6196837265624999 0.228633225 0.6389238296875 0.22811059843749998 0.6806059640625 0.2376591671875 0.7262796093749999 0.25530241249999996 0.7701450390625 0.2700969890625 0.794057146875 0.282842328125 0.8080035015625 0.309321028125 0.8208766781250001 0.3305677921875 0.8205058140625001 0.34662625 0.8093905296875 0.35780181718750004 0.8050281578125 0.37070666406249997 0.7923009984375
2 0.9675494046875001 0.821055703125 0.980861 0.7958195406249999 0.9891588140625001 0.76983743125 0.9908153734375 0.7573066125000001 0.989056534375 0.7281662046874999 0.9809613875000001 0.694135634375 0.966123178125 0.66772390625 0.9508491328125 0.652154771875 0.93323545 0.6457945375 0.907003990625 0.6470858703125 0.8889835578125 0.6532346390625 0.8564017187499999 0.6846413874999999 0.826479478125 0.725169775 0.8144613234375001 0.752883740625 0.8027631296875001 0.79892825 0.8025454468750001 0.8222689375 0.8060044765625 0.8413781468750001 0.8164974375 0.8695326390625 0.82483935625 0.8818889343749999 0.8656763234374999 0.8936780265625 0.8819093046875001 0.8925612203125001 0.912950934375 0.8803509421875001 0.9351857203125 0.864960546875 0.9474511187499999 0.851411090625 0.9675494046875001 0.821055703125
2 0.9461388765625 0.525551028125 0.9551634 0.5053904578124999 0.9619787046875 0.4660988640625 0.9588682515625001 0.43114782500000004 0.948346203125 0.40132691875 0.9283778625 0.3675035953125 0.912566175 0.35694460625 0.8881948875000001 0.35737000937499996 0.8795043953125001 0.3608555421875 0.8665704609375 0.37191628906249996 0.8428972703125 0.4123355984375 0.8357765484374999 0.43412985937500004 0.83477398125 0.448316184375 0.8344835796875 0.46749083750000003 0.8404422281249999 0.48655641562499996 0.8412852875000001 0.4990436046875 0.8464008765625 0.5056219953125 0.8523304359375 0.523021159375 0.8695955453125 0.5452232234375 0.8954057109375 0.5556076875 0.9085432546875 0.55621183125 0.9209686328125001 0.5518276453125 0.9461388765625 0.525551028125
2 0.589609103125 0.548443484375 0.604431821875 0.5023444375 0.6070909484375 0.47562729375 0.6035010265625 0.4490192265625 0.597586009375 0.43245326874999995 0.589898084375 0.421752478125 0.5734760359375 0.4120376015625 0.5558332640625 0.40401095624999994 0.5265500000000001 0.4095228578125 0.508631371875 0.4215040734375 0.48160095781249995 0.44864661874999995 0.4590757703125 0.48321166875 0.4416370828125 0.522688696875 0.44184069531250003 0.534353584375 0.46529714999999994 0.5889525296875 0.47143032187499995 0.6180165843750001 0.4790600734375 0.6253845484375 0.49921700781249995 0.634200771875 0.5204201390625001 0.6313302890625 0.53825150625 0.6143498359375 0.5493834421875 0.60748784375 0.567171178125 0.588007771875 0.589609103125 0.548443484375
2 0.39458299375 0.7277077937499999 0.412109415625 0.729068790625 0.425377853125 0.7371717906249999 0.4459415375 0.7334790109375 0.4496182484375 0.72924753125 0.4599653 0.713231178125 0.46877166875 0.6805725109375 0.47163440625 0.6655202578125 0.47188117656250006 0.6438459828124999 0.46547167500000003 0.59895100625 0.45686797031250004 0.5715969953125 0.4399950671875 0.536052721875 0.42849953906250005 0.5220845515625 0.408880246875 0.508258184375 0.3937807265625 0.5026875234375 0.38567150781250004 0.5036625328125 0.3620269296875 0.509909471875 0.3398066875 0.526133071875 0.3306512703125 0.5387947843750001 0.324053646875 0.5547456921875 0.3229056421875 0.560599953125 0.3254925234375 0.565555559375 0.3456640015625 0.5752049890625 0.355866090625 0.5866953546875 0.363568559375 0.59822935 0.38045600625 0.63460683125 0.3884493484375 0.66280495625 0.38981598125 0.705287575 0.3926646484375 0.7252408984375001 0.39458299375 0.7277077937499999
2 0.445797046875 0.7968245125 0.43450465625 0.75868245 0.419753709375 0.7372699609375 0.4096388828125 0.730778834375 0.3921706359375 0.7327506640625 0.389467878125 0.7569681890625 0.3805160734375 0.7812947921875 0.3690210171875 0.8031654046875 0.3567410765625 0.81588165625 0.34335676249999997 0.8369517875 0.32046892968749996 0.92236424375 0.320265790625 0.9465381374999999 0.32349212031249996 0.95231604375 0.35633621875 0.9717457953125 0.36196036249999997 0.9716476249999999 0.3912436265625 0.966135721875 0.41276624687499996 0.945756996875 0.43101890625 0.9171007453125 0.43882270781250005 0.8986284046874999 0.4456671 0.861003221875 0.445797046875 0.7968245125
2 0.5414971093750001 0.9793487828125 0.5488941625 0.9733854453124999 0.54882144375 0.9692194125 0.558558134375 0.9540471734375 0.566928665625 0.9322310968749999 0.5881167828125 0.8926886250000001 0.587230090625 0.87770181875 0.591734371875 0.8134467546874999 0.5900337078125 0.787639171875 0.582548921875 0.7527644875 0.5662718359375 0.7155428921875 0.55232031875 0.7041179734375 0.529097034375 0.6986891156249999 0.5147678546875001 0.7014396125 0.504900271875 0.7091129953124999 0.4942914328125 0.7101316328125 0.482563678125 0.7186709437500001 0.4752829765625 0.7312999328124999 0.4697024640625 0.733897721875 0.4679877296875 0.743095715625 0.460517959375 0.7448930218750001 0.45643449843750006 0.761633503125 0.4549379203125 0.78332959375 0.4502150109375 0.799247778125 0.4494306 0.8259321984374999 0.449591053125 0.8709362531249999 0.45278876874999996 0.9108865296875001 0.45966319375 0.9466053265625 0.4720163265625 0.9738938921875 0.47772773281249997 0.9787949609375 0.49275453437500005 0.9801995874999999 0.5235784812500001 0.9913299984374999 0.5353498671875 0.9852903046874999 0.5385034796875 0.9869021796874999 0.5414971093750001 0.9793487828125
2 0.174929365625 0.2122961140625 0.1810620640625 0.20552138437499998 0.194068715625 0.19862666874999999 0.202017953125 0.18848639218750002 0.2091823078125 0.1691917515625 0.21259723125000002 0.1499625578125 0.2102425765625 0.12249946874999999 0.20572280625 0.114243759375 0.1942709078125 0.102775209375 0.188428609375 0.0903752828125 0.172064734375 0.0839932328125 0.14076131875 0.0812057953125 0.115154765625 0.08248621874999999 0.051138618749999996 0.10360667187499999 0.03202835625 0.1189425265625 0.0236141921875 0.138258984375 0.0238759796875 0.1532567 0.0272041140625 0.16486705 0.030459531249999998 0.1723113703125 0.0457772078125 0.1903801234375 0.06289687968749999 0.204250125 0.0925001046875 0.21706876249999998 0.1100556140625 0.2200961703125 0.115025765625 0.218342496875 0.1357057984375 0.22131536562499998 0.174929365625 0.2122961140625
2 0.12391005625 0.5840764796875 0.1230519796875 0.5349173015625001 0.115843521875 0.5158735390625 0.105597803125 0.5018835546875 0.08795503125000001 0.4938569078125 0.08160417812500001 0.4881335390625 0.07534058593750001 0.4874094109375 0.0647462921875 0.48926125625 0.0492836515625 0.4986992203125 0.021003428125 0.52586358125 0.0008615109375000001 0.5537193499999999 0.003581178125 0.7095289484375 0.0117194828125 0.7102203546875 0.034448756250000004 0.7231589781250001 0.0481821171875 0.7220858015625 0.08741975468749999 0.6780609703125 0.11164513281249999 0.633464721875 0.12391005625 0.5840764796875
2 0 0.50436340625 0.0003379390625 0.52372391875 0.0084762453125 0.5244153234375 0.0221514328125 0.520009321875 0.043063690625 0.5004747109375 0.0647026609375 0.4867616375 0.081560546875 0.48563392031249997 0.09105046875 0.49213595625 0.10167385 0.4919505234375 0.1157557875 0.47503551718750003 0.12463487499999999 0.4465428828125 0.1242276515625 0.42321310468749995 0.11854486093750001 0.3841396640625 0.10312537968749999 0.3602384640625 0.0752368875 0.33822183125 0.0557339453125 0.3310611140625 0.028194503125 0.3290414359375 0 0.333543940625 0 0.50436340625
2 0.3066726609375 0.561716759375 0.318516765625 0.5598430999999999 0.3221498453125 0.5531120031250001 0.3220480390625 0.5472795578125 0.31007256875 0.5058155765625 0.29144130156250003 0.47696967656249994 0.282547196875 0.46879032187499997 0.264904425 0.46076367500000004 0.24364311875000003 0.46030133125 0.2219605171875 0.47151478750000003 0.2017895125 0.49770414062499996 0.189233715625 0.530428253125 0.182985140625 0.5663761140625 0.183959565625 0.6222009453124999 0.19683579843750001 0.64364615625 0.2018641234375 0.64522530625 0.21299606093749998 0.638363315625 0.22668579218749998 0.6347905203125 0.23736687500000003 0.6020991296875 0.252611359375 0.58016306875 0.2656325546875 0.5741015625 0.28124063125 0.5729956625 0.3066726609375 0.561716759375
2 0.704458803125 0.395582465625 0.7147331359375 0.3754000796875 0.7176540484375 0.3636806515625 0.7190633656250001 0.33698532187499997 0.7154443578125 0.30871084375 0.69524331875 0.26155621875 0.6856225046875 0.247555325 0.6716419 0.23446399375000002 0.6463839218749999 0.21990258749999997 0.63382765 0.21678791875 0.6169697640625 0.21791563281249998 0.6002427703125 0.22654220625 0.58735246875 0.24010257343750002 0.5770199609375 0.25695213125 0.5729074125 0.2720262015625 0.57266064375 0.2937004765625 0.5753929609374999 0.306988146875 0.5931666265625 0.322513653125 0.6155036921875 0.3487944859375 0.636736384375 0.3834292 0.641953778125 0.39584003437500004 0.6683161296875 0.402047559375 0.6732717375 0.39946067812499997 0.6982824734374999 0.399857575 0.704458803125 0.395582465625
2 0.8386111453125 0.48908875937499996 0.83135905625 0.4675453765625 0.8122919515625 0.44954206875 0.8101409078125 0.43374387031249995 0.7942565 0.41901884999999994 0.7760469999999999 0.4143359359375 0.7491906359375 0.41563817500000005 0.7342947265624999 0.42173240625 0.717001003125 0.4337027125 0.7035148828125 0.44894039843750005 0.69626326875 0.4632358015625 0.6905232484375 0.492507103125 0.6923838921875001 0.52747995625 0.703399953125 0.549791096875 0.72313559375 0.57028311875 0.7414032703125 0.5782988578125 0.775773034375 0.5776989312499999 0.8042277828125 0.5605330453125 0.8318394703124999 0.5308799734375 0.8360392796875 0.5208051421875 0.8394251171875 0.49990953437499996 0.8386111453125 0.48908875937499996
2 0.878280834375 0.1475110703125 0.8790943328124999 0.1224930625 0.882000703125 0.109940428125 0.8817098296875001 0.0932762984375 0.8783671500000001 0.0808327421875 0.8699525140625 0.0643104140625 0.8578175359375001 0.0495199453125 0.8382127890625 0.036526784374999996 0.821224009375 0.030155640625 0.7931032921875001 0.030646490625 0.7706794375 0.035205201562499996 0.7570769687500001 0.0437772359375 0.747471171875 0.0664483328125 0.7483292484375 0.11560751250000001 0.7538375140625 0.144682475 0.7578050984375 0.157115125 0.77559330625 0.173473834375 0.7976540421875 0.18392374843749998 0.8132912062500001 0.184484259375 0.8269227625 0.1775786375 0.8528051734375 0.15629035156249999 0.87402285 0.15425307500000002 0.878280834375 0.1475110703125
2 0.9494749312499999 0.0362516171875 0.9294634343749999 0.0357674578125 0.9133758890625 0.0452163296875 0.8963294093749999 0.0713511453125 0.8860841625000001 0.0931999453125 0.881070853125 0.128292784375 0.881943 0.1424463859375 0.8851984171874999 0.14989070468750001 0.9091775 0.1628075125 0.925774071875 0.1825208640625 0.933563803125 0.19905409999999998 0.9450157015625 0.21052264843750002 0.9941504828125 0.196329634375 0.9918089515625 0.0621834015625 0.9689778734375001 0.043412334375 0.9494749312499999 0.0362516171875
2 0.7675586984375 0.32197000937500003 0.7812775171874999 0.320063625 0.79716145 0.2989498640625 0.8013030859375 0.28554220625000004 0.8020002359375 0.2538585484375 0.79389054375 0.218994771875 0.771335321875 0.180215840625 0.7515124203125 0.15472458281249998 0.734974021875 0.13834405624999999 0.7204412296875 0.12942966250000001 0.7078995031249999 0.1271481984375 0.672309015625 0.1294363546875 0.653271471875 0.14893824218750001 0.6474587328125 0.1740435125 0.646485253125 0.18989625000000002 0.6545076843750001 0.2197607875 0.679213475 0.2384991328125 0.69261280625 0.25410099218750004 0.7166650796875 0.3070226140625 0.7217661234375 0.3127677984375 0.7299189734375 0.314292409375 0.7432455859375 0.3257282375 0.7651463421875 0.327012878125 0.7675586984375 0.32197000937500003
2 0.5994607249999999 0.43242054531249996 0.6100845796875001 0.468073896875 0.6237743109375 0.4645011015625 0.6292239296875 0.4544044546875 0.63688229375 0.42760004843750005 0.638974690625 0.4042266375 0.636823646875 0.3884284375 0.618744565625 0.3554055984375 0.5938351609375 0.3250023640625 0.5786192906250001 0.3127660546875 0.5364307078125 0.2951663328125 0.51322196875 0.29057068125 0.4913503 0.2909524515625 0.481453628125 0.296959421875 0.4747251125 0.30541147031250004 0.4637967859375 0.3239383515625 0.45911750937500007 0.34235615468749997 0.458812565625 0.360697603125 0.46221341875000005 0.37647398593750003 0.47776379375 0.40787404374999997 0.49315418749999995 0.43010883125 0.4969036171875 0.43004338437499995 0.516609696875 0.4130302078125 0.5265209125 0.4078564453125 0.5558041765625 0.40234454218750004 0.59113335 0.42089745624999997 0.5994607249999999 0.43242054531249996
2 0.4514155125 0.366660940625 0.455673496875 0.3599189359375 0.46187844062499994 0.3214714546875 0.47280676718750003 0.302944575 0.4675021109375 0.28553450156250004 0.4520389984375 0.25913368281250004 0.415212771875 0.22643807656249998 0.38489738125 0.2086311078125 0.3611800859375 0.2107120140625 0.3494087 0.2167517078125 0.337114215625 0.22863475156250002 0.318294825 0.2606347359375 0.310709178125 0.2916051734375 0.310360603125 0.3074470046875 0.3145608859375 0.33321095624999997 0.3297040390625 0.3412812328125 0.3436701 0.353539359375 0.37494489999999997 0.3904991671875 0.37740088906249997 0.3879559171875 0.38305411875 0.38952416093750003 0.395494040625 0.38597318125 0.42022844687500005 0.3705391546875 0.4514155125 0.366660940625
2 0.19819911875000001 0.43525729062499996 0.2128482578125 0.45083733437499995 0.22287582343749998 0.4523292234375 0.2265670765625 0.4489309515625 0.2294875171875 0.40137273906250004 0.2523467359375 0.350132653125 0.229675165625 0.304688071875 0.20854427812499998 0.275885803125 0.18819827656250002 0.256237896875 0.17369457187499998 0.2489899171875 0.1667769875 0.246610284375 0.1430451484375 0.2478579859375 0.128817775 0.256440928125 0.108094584375 0.286807221875 0.10332804375 0.3002257859375 0.10168602812500001 0.3135898140625 0.101526521875 0.340263325 0.103677565625 0.356061525 0.12172755937499999 0.38741795 0.12408221562499999 0.4148810390625 0.12870379062499998 0.42896919375 0.13309266875 0.4297260453125 0.13945806562500002 0.4362826203125 0.148104928125 0.4302974671875 0.1774172796875 0.4264519765625 0.19819911875000001 0.43525729062499996
2 0.7231825375 0.8236542218749999 0.742641375 0.7924765375 0.761097171875 0.7396463921875001 0.7629277828125 0.701275265625 0.75923605625 0.6688347546875 0.7506323515625 0.6414807437500001 0.7435547875 0.629935840625 0.7321028890625 0.6184672890625 0.7214649640624999 0.617819515625 0.7134284640625 0.6229605546875 0.7005817921874999 0.6390205390625 0.6888685812500001 0.64839305625 0.6516656390625 0.701550434375 0.6215402625 0.7662527140625001 0.608722678125 0.7839791125 0.5949170703125 0.816725040625 0.5945248640624999 0.8300672515624999 0.6009484359374999 0.8399566515625001 0.6141877874999999 0.8463932390625001 0.6205531843750001 0.8529498125 0.6280665859375001 0.853652125 0.6672028906249999 0.839633634375 0.6809798828125 0.841060078125 0.69546904375 0.84747485 0.7041595359375 0.8439893156249999 0.7231825375 0.8236542218749999
2 0.6491951078125 0.7032604765625 0.6589172546875 0.68725503125 0.68638350625 0.64926989375 0.70300869375 0.634810875 0.704171240625 0.6297898203125001 0.69517533125 0.615778021875 0.680584365625 0.603530803125 0.667345015625 0.5970942140625 0.6460255328125 0.5932990453125 0.610464134375 0.5972536140625 0.5930686046875 0.6033914765625 0.5764143296875 0.61618408125 0.5531769765625 0.6457608015625 0.5411733640625 0.6743079734374999 0.537787528125 0.6952035796875 0.5547908500000001 0.702407928125 0.5661991171875 0.711376859375 0.5778546265625 0.7345103 0.5870541484375 0.7601869906250001 0.5934200187500001 0.8025823484375 0.5977943515625 0.80250599375 0.6221069921875 0.7629089812500001 0.6450534734375 0.716668134375 0.6491951078125 0.7032604765625
2 0.6753848265625 0.842824659375 0.6554169609375 0.8448401203125 0.6244771375 0.8628828437499999 0.5918952984375 0.8942895906249999 0.5676553765625 0.9380526359375001 0.552774484375 0.98081885625 0.5518300921875 0.99833800625 0.7236789140625 0.995338375 0.7303637984375 0.9843867046874999 0.735972925 0.9476165453125001 0.7375713109375 0.9317529 0.735914278125 0.9084449359375 0.728066371875 0.888578875 0.7160332 0.8796208515625 0.693652503125 0.8508404 0.6753848265625 0.842824659375
2 0.4366917625 0.20355973125000001 0.438711440625 0.1760202890625 0.430892621875 0.1578206421875 0.42198397343750005 0.1488080796875 0.39351420937500003 0.1293019734375 0.3594784765625 0.1132268640625 0.3130609953125 0.1040355609375 0.28684408125 0.10616010000000001 0.277557771875 0.1113229546875 0.257938953125 0.1333353703125 0.2537536875 0.1442434078125 0.2549021640625 0.1742279296875 0.2799715484375 0.21379643593750003 0.2977743 0.23098835312500002 0.323017734375 0.244716553125 0.342607465625 0.2210377234375 0.3611509984375 0.209045603125 0.3892717140625 0.208554753125 0.4202556421875 0.2288504328125 0.4295274078125 0.2228543734375 0.4366917625 0.20355973125000001
2 0.22577167031249998 1 0.2202233203125 0.9807893359375001 0.20667855156249998 0.9568554140625001 0.19689775781250002 0.9336892499999999 0.19285745468749999 0.91709056875 0.18447190625 0.9022346546875 0.1614953921875 0.875131521875 0.1362519578125 0.861403321875 0.1155428359375 0.8567640390625 0.10117002500000001 0.8570149171875 0.083789040625 0.8639859875000001 0.0500155671875 0.8987473749999999 0.04335976875 0.9113654562500001 0.0393635703125 0.933105178125 0.0400034921875 0.9697662609375 0.044654154687499996 0.9855208281250001 0.0516459109375 1 0.22577167031249998 1
2 0.1584857984375 0.774335359375 0.16928323125 0.748309621875 0.183815075 0.685546446875 0.185994734375 0.6671722765625 0.184918975 0.641353784375 0.181474490625 0.62307778125 0.1716936953125 0.59991161875 0.16152069375 0.590087665625 0.152742940625 0.5885739609375 0.13736756249999998 0.603011165625 0.11732745 0.6366993765625 0.115627259375 0.6467305765625 0.1035218421875 0.6694453046875 0.098871653125 0.689529521875 0.090282965625 0.6988475015625 0.08035720625000001 0.7031880562499999 0.0675687109375 0.7225808671875 0.0627730828125 0.73433301875 0.058907778125 0.763571596875 0.0547516 0.776146046875 0.054897035937500005 0.7844781125 0.0614805890625 0.80353278125 0.0691248828125 0.811733953125 0.09115653124999999 0.8205174515625 0.1049044375 0.82027748125 0.12231451093750001 0.8149728250000001 0.145086940625 0.7945722843749999 0.1584857984375 0.774335359375
2 0.8993690359375 0.24549128593749997 0.9320526812500001 0.2199169828125 0.9325466921875 0.2124072171875 0.931107815625 0.20159734999999998 0.9232744531250001 0.18256449531250002 0.9028702765625001 0.15958376406250002 0.8815362515625 0.1549553890625 0.8559296968749999 0.1562358140625 0.8373861640625 0.16822793593750002 0.8263705765625 0.181755578125 0.8119109765625 0.212846 0.8066213390625 0.23210791875 0.8068690546875 0.2821112109375 0.8111275109375 0.3112079890625 0.8180596390625 0.3144208296875 0.8273459484375 0.309257975 0.8385942359375 0.309061634375 0.8524294031249999 0.313820903125 0.8707552546875 0.32516946875 0.870885675 0.2968295421875 0.8816540203125 0.269137390625 0.8993690359375 0.24549128593749997
2 0.2835413703125 0.9196749750000001 0.2977251140625 0.9085924140625 0.3099614234375 0.89337654375 0.3225753953125 0.86398525625 0.32157235625 0.8423327984375 0.31324498125 0.8308097078125 0.2683677125 0.802421934375 0.25396581406249996 0.8010064 0.2359308359375 0.8063219640625 0.21645698124999999 0.8008276578125001 0.1958351234375 0.8011876140625 0.1740798046875 0.8082350375 0.169138740625 0.811655125 0.16490984375 0.8200635437500001 0.16390727656249998 0.8342498671874999 0.1674390234375 0.8575251093749999 0.17713255625 0.8756920328125 0.1962432921875 0.8961949609375001 0.202085590625 0.9085948875 0.215412203125 0.9200307140625 0.22423358906250002 0.9240440390625 0.24681742343750002 0.9286505984375 0.2618151390625 0.9283888125 0.2835413703125 0.9196749750000001
2 0.328151178125 0.5029996328124999 0.3313338765625 0.50627791875 0.3381787421875 0.504491521875 0.35234794062499997 0.492575753125 0.355966003125 0.449172665625 0.3600785515625 0.4340985953125 0.36914670625 0.41643764531249994 0.36955345624999997 0.40392864062499995 0.36481553125 0.383174834375 0.344978084375 0.3568503703125 0.3278584109375 0.3429803703125 0.31146545 0.33493190781250004 0.3002026203125 0.334295040625 0.26350775937500004 0.344937075 0.255500346875 0.3517445265625 0.23611422656249997 0.3870882453125 0.2290516796875 0.4122153296875 0.22899397812500003 0.4447212875 0.233673728125 0.46214226875 0.24361403125 0.45863491874999995 0.258111821875 0.45838185937500003 0.27873959375 0.4655229421875 0.29779215468750003 0.48269304531249996 0.313851084375 0.50741654375 0.31822541875 0.5073401890625 0.3206523203125 0.503130525 0.328151178125 0.5029996328124999
2 0.47359354375 0.45545407187500003 0.48705057656250006 0.438549971875 0.4875591328125 0.43187341406249996 0.478577765625 0.41869481875 0.47850504843749997 0.4145287875 0.45779545468749994 0.3740507203125 0.447709715625 0.36922600625 0.43396180937500006 0.3694659765625 0.4221322484375 0.37217284375 0.40171400156250003 0.38419769062500003 0.376456496875 0.40547506718750004 0.361967809375 0.43489907812500006 0.357303075 0.4541500890625 0.35775392968749997 0.47997948749999997 0.3611693265625 0.49658907656249995 0.3663140015625 0.504833878125 0.39689070625 0.5017997796875 0.4233839515625 0.5155061625 0.43611474531249994 0.5286193109374999 0.4392101828125 0.5268983578124999 0.44452890937499995 0.509302853125 0.45779687343750003 0.481567071875 0.47359354375 0.45545407187500003
2 0.3182075640625 0.255635496875 0.3181348453125 0.251469465625 0.3098511015625 0.24244599687499999 0.28899654531249996 0.2294746484375 0.2808873265625 0.23044965624999997 0.2645379953125 0.2249008125 0.2408207 0.22698172031250002 0.22471861093749998 0.23559738593750001 0.21447336562500002 0.257446184375 0.211552453125 0.2691656140625 0.2116833453125 0.276664471875 0.21557821093750001 0.2849310890625 0.2334973125 0.3087886578125 0.2541923625 0.34843351718750004 0.2839696375 0.33541184999999996 0.31081145781249997 0.333276403125 0.31188674375000003 0.323256109375 0.30909624999999996 0.3066356125 0.309503 0.2941266078125 0.3182075640625 0.255635496875
2 0.47414052656249994 0.0570505140625 0.46263045468749997 0.0422491375 0.44802494531250003 0.0291687125 0.4271703875 0.0161973671875 0.40458655156249995 0.0115908078125 0.3814941625 0.0136608078125 0.3542746796875 0.029971670312499997 0.33958238125 0.047730790625000005 0.3335951203125 0.062837584375 0.3307760125 0.0803894578125 0.330456525 0.0978977 0.332999775 0.1003536875 0.429278746875 0.10117351249999999 0.4413846375 0.11429756718749999 0.45148492031250004 0.1199554890625 0.4820325375 0.11525497656249999 0.48754033124999996 0.1084911546875 0.488615615625 0.0984708625 0.481261721875 0.0710950359375 0.47414052656249994 0.0570505140625
2 0.8720853515625 0.9027342203125001 0.8511149171874999 0.91893600625 0.8253343140625 0.9460567375 0.80586093125 0.976401215625 0.8053378328124999 0.98224456875 0.8198415359375 0.989492546875 0.8224138734374999 0.9936149484374999 0.9580182171875 0.9912479671875 0.96064825625 0.962864409375 0.9552854265624999 0.9421215109375 0.928384959375 0.9050853484375001 0.9150728906250001 0.894482728125 0.8962675718750001 0.8914771343749999 0.8720853515625 0.9027342203125001