1 0.8952904015625001 0.8926366703124999 0.8927617937500001 0.9007501375 0.8995238515624999 0.9081642484374999 0.9208105062499999 0.9129153359375 0.9313654734375 0.9081592421875 0.93315241875 0.8991298999999999 0.92556159375 0.8916286828125 0.9041878328124999 0.8877063625 0.8952904015625001 0.8926366703124999
1 0.9052331171875 0.8777611421874999 0.9042749406249999 0.8868775937500001 0.9283092203125 0.8894036984374999 0.9342400062499999 0.8808098890625 0.9341952015625001 0.87326386875 0.925949821875 0.8640180093750001 0.9157432812499999 0.8654590296875 0.9052331171875 0.8777611421874999
1 0.9177392359375001 0.7986349265625 0.918744721875 0.8129853078125 0.9120722718750001 0.820663240625 0.91246550625 0.824894190625 0.9241578703125001 0.84120573125 0.933274321875 0.8421639093750001 0.941255878125 0.8379752625 0.9440458046875 0.8273754906249999 0.9415146968749999 0.8195681468749999 0.9322215296874999 0.8043466953125 0.921970184375 0.79824169375 0.9177392359375001 0.7986349265625
1 0.9203972515625001 0.7813179 0.9204868625 0.79640994375 0.9345336203124999 0.806265553125 0.93968044375 0.8051306593750001 0.9466142124999999 0.794966421875 0.947659496875 0.785021203125 0.94504128125 0.7780426281249999 0.9405042078125 0.77337614375 0.92715680625 0.7728112 0.9203972515625001 0.7813179
1 0.8778139359375 0.7081324812500001 0.8695710578125 0.7148074328125 0.8703152218750001 0.73164411875 0.8831847843749999 0.74472769375 0.8982768265625 0.744638084375 0.9022016484375 0.739185134375 0.9019826296875 0.73329665 0.8981424125 0.7220000203125 0.8861016171875 0.7090035515625 0.8778139359375 0.7081324812500001
1 0.8819204796875001 0.748784428125 0.8806138734375001 0.7612159515625 0.8921320250000001 0.7791850296875 0.9058278515625 0.7764349015625001 0.9079632249999999 0.7640904843749999 0.89635796875 0.746950175 0.8880702859375 0.7460791046875 0.8819204796875001 0.748784428125
1 0.8887323468749999 0.7955861796875 0.8848946328125 0.8002103609375 0.89061140625 0.817569690625 0.9052679124999999 0.8216239218749999 0.9185705078125 0.8146428453125001 0.91913545 0.8012954453125 0.91145751875 0.7946229984375 0.89994186875 0.79257473125 0.8887323468749999 0.7955861796875
1 0.80892929375 0.91707669375 0.8090189046875 0.9321687359374999 0.8183991781250001 0.9465614203125 0.8276027359375 0.9466908296875 0.8365001671875 0.9417605234374999 0.839071078125 0.9252722640625001 0.8258082828125 0.9079577421874999 0.8180880484375 0.9096600828125 0.80892929375 0.91707669375
1 0.867674721875 0.8604068203124999 0.86108938125 0.867255984375 0.856467703125 0.8793390796875 0.8619231546874999 0.8991847140625 0.8711267125 0.899314121875 0.879456696875 0.8918104031249999 0.8851684656250001 0.8773281109375001 0.8853849828125 0.867295784375 0.8802804609375 0.8600558890625001 0.8728215453124999 0.859271925 0.867674721875 0.8604068203124999
1 0.8169506500000001 0.8885924468749999 0.8163409015624999 0.8943938265625 0.8211841015625 0.9041200249999999 0.825240834375 0.9053843296874999 0.8457410218750001 0.9016735203125 0.8567315265625 0.8927735859375 0.8568609359374999 0.8835700296875 0.8524109687499999 0.878074778125 0.834832621875 0.8779030640625001 0.8169506500000001 0.8885924468749999
1 0.8203600984375001 0.6568459671875 0.8197951531250001 0.670193365625 0.829088321875 0.68541481875 0.8416069515625001 0.68589265625 0.848846846875 0.680788134375 0.848321703125 0.6698399328125 0.8414277312499999 0.655708571875 0.8284287625 0.651828553125 0.8203600984375001 0.6568459671875
1 0.8338767062500001 0.623911753125 0.8283391515625 0.6367365109375 0.8335755859375 0.650693659375 0.8448299125000001 0.6552282296875 0.8511539328125 0.6508653703125 0.85525296875 0.6437548843750001 0.8559050203125 0.6295787171875 0.8469179796875 0.61941698125 0.8393719578125 0.6194617859375 0.8338767062500001 0.623911753125
1 0.7870053640625 0.7429980656249999 0.78552454375 0.757087125 0.7916320484375 0.762756590625 0.8006613921874999 0.7645435375 0.8113034671875001 0.7589586765624999 0.8224681859375 0.7484012046874999 0.822639896875 0.7308228578125 0.8082447109374999 0.7242823203125 0.7994343859375 0.7283838593749999 0.7870053640625 0.7429980656249999
1 0.8267912453124999 0.779020825 0.823914209375 0.7904493671874999 0.8385284140625 0.8028783875000001 0.850611509375 0.8075000671874999 0.8613406921875001 0.8010864375000001 0.8624730843749999 0.7903124499999999 0.8478588796875 0.777883428125 0.8356015703124999 0.7749192859375 0.8267912453124999 0.779020825
1 0.86294841875 0.7618730078125 0.8596781515625 0.7690706015625 0.8610320640625 0.780105909375 0.878787128125 0.7945408953124999 0.8821022015625 0.7948893234375001 0.889690525 0.7864697296875 0.890648703125 0.777353278125 0.8803525515624999 0.76370225625 0.8707557609375 0.7593419 0.86294841875 0.7618730078125
1 0.8402655515624999 0.7544614015625 0.827311384375 0.7581274046875001 0.8270500640625 0.7606137093750001 0.8342924609375 0.7714299984374999 0.8498648453125 0.7747425703124999 0.8581948296874999 0.76723885 0.858585559375 0.7555489890625 0.8535681453124999 0.747480325 0.8495114109375 0.7462160203125 0.8402655515624999 0.7544614015625
1 0.8229485249999999 0.7518033859375 0.8270500640625 0.7606137093750001 0.8385209078125 0.7551159546874999 0.8460221234375 0.7475251296875001 0.848157496875 0.7351807124999999 0.83991211875 0.725934853125 0.8266095234374999 0.7329159296875 0.8229485249999999 0.7518033859375
1 0.8009402296875001 0.8735029078125001 0.8040387875 0.8838836625000001 0.8135484703125 0.8890727890625 0.8224459015625 0.8841424796874999 0.828202475 0.8772062078125 0.8292477593750001 0.8672609890625 0.824011328125 0.8533038421875 0.8093125171875 0.8576243984374999 0.8009402296875001 0.8735029078125001
1 0.8257559703125 0.8526492875 0.8299894218749999 0.868176865625 0.8400665515625001 0.8759394015625 0.8517564156249999 0.8763301328124999 0.8562486828125 0.8734505953125 0.8605219343750001 0.8646825734375 0.8604771296875 0.8571365515625 0.849919659375 0.845971834375 0.8358305984375001 0.8444910140624999 0.8257559703125 0.8526492875
1 0.7866794578125 0.889600434375 0.78388953125 0.9002002078125001 0.797500753125 0.9141996578124999 0.806530096875 0.9159866046875 0.8173463859375 0.90874420625 0.81813035 0.9012852921875 0.81337425625 0.8907303234375 0.79714731875 0.8856731109375 0.7866794578125 0.889600434375
1 0.7764256109375001 0.8675746234374999 0.786547546875 0.8828831812500001 0.798934265625 0.876643765625 0.8051263750000001 0.8655636546875 0.804514121875 0.8554442203124999 0.793521115625 0.8484233437500001 0.7782996640625 0.8577165125 0.7764256109375001 0.8675746234374999
1 0.7162141390625 0.7548298484375 0.713118084375 0.76036990625 0.7152584625 0.7798671109375 0.7261643609374999 0.78771675625 0.7433494765625001 0.7836575203125 0.7460522968750001 0.7738865140625 0.7353629140625 0.75600454375 0.7222768359375 0.75295329375 0.7162141390625 0.7548298484375
1 0.743518684375 0.7501583609375 0.7547730125000001 0.7546929328124999 0.7607486031249999 0.7536451453125 0.7676823734375 0.7434809078125 0.767157228125 0.73253270625 0.7617465812499999 0.7202330953125 0.7419880562500001 0.724859778125 0.743518684375 0.7501583609375
1 0.7357461375 0.6965522484375 0.7355744265624999 0.7141305953125 0.7425978046874999 0.7190584 0.7569481859375 0.7180529156250001 0.7623563296875 0.714431715625 0.7695514218749999 0.701781175 0.769506615625 0.694235153125 0.7585136109375 0.6872142765625 0.7407610499999999 0.6887001015624999 0.7357461375 0.6965522484375
1 0.679920046875 0.733418790625 0.6835412453124999 0.7388269359375 0.6875979796875 0.740091240625 0.6963211968749999 0.73681846875 0.69889210625 0.7203302109374999 0.6825332578125 0.7085557437500001 0.6831032078125 0.7270499671875 0.679920046875 0.733418790625
1 0.6565478296875 0.7803997625 0.6492208265625 0.786333053125 0.6510550796875 0.8007705406250001 0.6651018375 0.8106261515625001 0.68477325625 0.8068282343750001 0.6848155593749999 0.7984534453125 0.678314821875 0.78855303125 0.6688922453124999 0.7825351375 0.6565478296875 0.7803997625
1 0.66165735625 0.8194812796875001 0.6618763734375 0.8253697656250001 0.6692929859375 0.8345285171875 0.6785836515625 0.8338291578125 0.693805103125 0.8245359921875 0.695198815625 0.8112757 0.685602025 0.8069153421875 0.6684169109375 0.8109745796875 0.66165735625 0.8194812796875001
1 0.611072703125 0.9021465921875 0.6105077578125 0.9154939921875 0.6182727984375 0.9213376734375001 0.6317944109375 0.92024508125 0.6428720218749999 0.9105163781250001 0.64391730625 0.9005711578125 0.632618175 0.888490565625 0.6249850453125 0.8893641390625 0.611072703125 0.9021465921875
1 0.5778273578124999 0.8517286484375 0.5833251125000001 0.863199490625 0.596411190625 0.8662507406250001 0.605308621875 0.8613204328125 0.6056122453125 0.8504593390625 0.6029069218750001 0.8443095328125001 0.585764109375 0.8399939796875 0.5778273578124999 0.8517286484375
1 0.65440745 0.7609025578125 0.6486508765625 0.7678388296875001 0.6507464515625 0.7797900140625 0.6706368890625 0.7818805828125 0.680188875 0.7786949187500001 0.68559701875 0.7750737203125 0.6869907328125 0.761813428125 0.682540765625 0.7563181765625 0.6745144046875 0.7529608015625 0.65440745 0.7609025578125
1 0.7595986953125 0.6529734578124999 0.7598177140625 0.6588619421875 0.7635260203125 0.66344131875 0.7817589218750001 0.6653576734375 0.793403978125 0.6582023828125 0.7927046203125 0.64891171875 0.78511379375 0.6414105015625 0.7734239328125 0.641019771875 0.7595986953125 0.6529734578124999
1 0.7902158125 0.6327295859375 0.7869455453125 0.6399271796875 0.792791728125 0.6480829499999999 0.7949744078125 0.659205365625 0.8058355015625001 0.6595089890625 0.8113730562500001 0.64668423125 0.8107608046875001 0.6365647984375 0.8031699781249999 0.6290635828125 0.7956239578125001 0.6291083875 0.7902158125 0.6327295859375
1 0.7789244296875 0.9474399984374999 0.7777049296875 0.9590427531250001 0.789788025 0.9636644328124999 0.799252903125 0.9613075375 0.81342656875 0.946038778125 0.8123787828125 0.9400631859375 0.8054425109375 0.9343066140625 0.7934913265625 0.9364021875 0.7789244296875 0.9474399984374999
1 0.690972871875 0.8435105546875 0.688750390625 0.8566837390625001 0.69468368125 0.8640107421875 0.7154028875 0.86618841875 0.7235586578125 0.8603422359374999 0.7230335125 0.8493940343749999 0.7097284171875 0.8404543 0.700699071875 0.8386673531250001 0.690972871875 0.8435105546875
1 0.6693029968750001 0.8982117609375001 0.6682577109375 0.9081569796875 0.671791803125 0.91439389375 0.6885861875 0.92202451875 0.696132209375 0.9219797140624999 0.7025433359375 0.9167880859374999 0.7043302812500001 0.9077587421875 0.694514471875 0.8975099 0.6840889125 0.8930624359375001 0.6693029968750001 0.8982117609375001
1 0.7095667140625 0.921715890625 0.6989246390625 0.9273007515625 0.704029159375 0.9345406468749999 0.7130585046875 0.93632759375 0.7295915671875 0.9464445234375001 0.7373118015625 0.9447421828125 0.7372669984375 0.9371961609374999 0.732162475 0.929956265625 0.7161968609375 0.922412746875 0.7095667140625 0.921715890625
1 0.6384618546875 0.8807255265625 0.6345370328125 0.886178475 0.642214965625 0.8928509234374999 0.663850046875 0.8942869390625001 0.6710028343750001 0.8900111859375001 0.6700421546875 0.883206825 0.663192990625 0.876621484375 0.6491039296875 0.8751406640624999 0.6384618546875 0.8807255265625
1 0.72485775625 0.8001482796875001 0.72455413125 0.8110093734375001 0.73445705 0.8204294484375 0.74182885625 0.8220421796874999 0.7537775375 0.8040257937499999 0.7532523921875 0.79307759375 0.7472319953125 0.786579359375 0.7309627562500001 0.789896934375 0.72485775625 0.8001482796875001
1 0.746669553125 0.81584756875 0.7451887328125 0.829936628125 0.7560075265624999 0.8386150421874999 0.7679587109375 0.83651946875 0.775721246875 0.8264423359374999 0.7775504953125 0.809038203125 0.7707013296875 0.8024528625 0.7589243609375 0.8028909015625001 0.746669553125 0.81584756875
1 0.7663682609375 0.7081500000000001 0.7633170109375 0.7212360765625 0.7708655359375001 0.7371120828125 0.7821198609375 0.7416466546875 0.794942115625 0.7312633984375 0.7970774890625 0.7189189812500001 0.7921471828125 0.7100215484375 0.77709744375 0.7017363703124999 0.7663682609375 0.7081500000000001
2 0.6504626078125 0.638989021875 0.6414357671875 0.6531228859375 0.6529091124999999 0.66354594375 0.66996481875 0.6686902640625 0.6830931984374999 0.6633667234375 0.686144446875 0.6502806453125001 0.67262033125 0.635452428125 0.6583570578125 0.63562914375 0.6504626078125 0.638989021875
2 0.6032328265625 0.6977071625 0.6018391140625 0.7109674546875 0.61265790625 0.71964586875 0.629930128125 0.7147578625000001 0.64000475625 0.7065995890625001 0.6432750234375 0.6994019953125 0.6423143453125 0.6925976375 0.6316697671875 0.6822616874999999 0.6155747421875 0.683921725 0.6032328265625 0.6977071625
2 0.6654725484374999 0.6715698015625 0.6591062265625001 0.6843074515625001 0.6577125125000001 0.69756774375 0.6626428203125 0.7064651750000001 0.67581600625 0.70868765625 0.6829687921875001 0.704411903125 0.6869782203125 0.682209375 0.6844471109375 0.6744020328125 0.6789941609375 0.670477209375 0.6654725484374999 0.6715698015625
2 0.6952659015625 0.6830804453125 0.6845392234375 0.7054148859375 0.68872786875 0.7133964421875 0.7016397328124999 0.718105228125 0.717777059375 0.7080704 0.7230955953125 0.6893571578125 0.7193872890625 0.68477778125 0.7107934796875 0.67884699375 0.703334565625 0.6780630296875 0.6952659015625 0.6830804453125
2 0.6497334593749999 0.7176772 0.645634421875 0.7247876859375 0.645766334375 0.7315049390625 0.651612515625 0.7396607093750001 0.6683620953125 0.7397453140625 0.677346634375 0.7339862390625 0.682361546875 0.726134090625 0.6823167421874999 0.7185880703125 0.677473540625 0.7088618703125 0.6632102671875 0.7090385859375 0.6497334593749999 0.7176772
2 0.584228475 0.782853775 0.584537103125 0.8038343031249999 0.5916923953125 0.8154793609375 0.61140861875 0.8192274656249999 0.6158137796875 0.8171766968749999 0.619738603125 0.811723746875 0.6204777609375001 0.7967188125 0.6084792718750001 0.7753475546875 0.5926455671874999 0.7745212875 0.584228475 0.782853775
2 0.5190121000000001 0.7416443921875 0.51103054375 0.7458330375 0.50889516875 0.7581774546875 0.5142187093749999 0.771305834375 0.5195845515624999 0.7760594249999999 0.5385591140625 0.77889165625 0.5426581500000001 0.77178116875 0.5427004531249999 0.76340638125 0.53820568125 0.7503651078125 0.5313565171875 0.7437797671874999 0.5190121000000001 0.7416443921875
2 0.5146119421875001 0.7755367828125 0.50322820625 0.7802057687499999 0.50183449375 0.7934660625000001 0.5051943718749999 0.8013605109374999 0.5215532203125 0.813134978125 0.5366452625 0.8130453687499999 0.541485959375 0.80685075625 0.5424441359375 0.7977343078125 0.53860391875 0.7864376765625 0.532496415625 0.7807682109375 0.5146119421875001 0.7755367828125
2 0.56894970625 0.70499686875 0.567991528125 0.7141133187500001 0.5712643 0.7228365375 0.5857465937499999 0.7285483046875 0.5928993796875 0.72427255 0.598436934375 0.7114477953125 0.5991760937499999 0.6964428593750001 0.59258825 0.6873712140625 0.5780636546875 0.690034234375 0.56894970625 0.70499686875
2 0.7318012953124999 0.5746387125 0.7278341703125 0.5884664515625 0.7448475734375 0.6019855609375 0.7561890078125 0.6056913640625 0.7656090828125001 0.5957884484375 0.765738490625 0.586584890625 0.75500680625 0.5770777093749999 0.7420949421875 0.5723689234375 0.7318012953124999 0.5746387125
2 0.7096485765625 0.6100169281250001 0.7103056328124999 0.6276823828125 0.721472853125 0.6330457218750001 0.7329436968749999 0.6275479671874999 0.7405743218749999 0.610753584375 0.740049178125 0.5998053828125001 0.727398634375 0.5926102921874999 0.71884963125 0.5942255265624999 0.7096485765625 0.6100169281250001
2 0.6912364546875 0.5779164875 0.6826028484375 0.5962813015624999 0.683040884375 0.6080582703124999 0.68600753125 0.611721771875 0.6990936078125001 0.6147730203124999 0.707249378125 0.6089268390625 0.7118710562499999 0.59684374375 0.7121746812499999 0.5859826484374999 0.707986034375 0.5780010921875001 0.70004678125 0.5738149484374999 0.6912364546875 0.5779164875
2 0.6874087515625 0.6462239109375 0.6895043249999999 0.6581750953125 0.7018487421875 0.66031046875 0.716811375 0.6694244171875 0.7212165374999999 0.6673736484375 0.7250965546875 0.654374678125 0.7142777625 0.6456962640625 0.6972220578125 0.64055194375 0.6874087515625 0.6462239109375
2 0.6728368484375 0.6254201015625 0.6730558656250001 0.6313085859374999 0.6867541953125 0.64447926875 0.694822859375 0.639461853125 0.699837771875 0.63160970625 0.6993126265625 0.62066150625 0.6908059265625 0.61390195 0.681689475 0.612943771875 0.6728368484375 0.6254201015625
2 0.5513838703125 0.784429209375 0.5579294124999999 0.801875646875 0.56512700625 0.8051459140624999 0.5770781890625 0.8030503390625 0.581916384375 0.7809349171875 0.580039828125 0.77487221875 0.5685664828125 0.7644491625 0.55578653125 0.7664576296875001 0.5513838703125 0.784429209375
2 0.53679945625 0.6840213453125 0.532045865625 0.6893871875 0.5329642437500001 0.7045663375 0.546704875 0.7093622296875 0.5653733125 0.7071347453125 0.5714783140625 0.6968833984375 0.5717819359375 0.6860223046875 0.5648456640624999 0.6802657328125 0.5515853734375 0.67887201875 0.53679945625 0.6840213453125
2 0.720584265625 0.5298877296875 0.716311015625 0.5386557515625 0.7201512328125 0.54995238125 0.7266942703125 0.55147800625 0.7362462578125 0.5482923421875 0.7502457078125 0.53468111875 0.75146520625 0.5230783640625 0.7485856703125 0.5185860953125 0.73864045 0.517540809375 0.720584265625 0.5298877296875
2 0.6652708078125 0.49809841875 0.6687177906249999 0.5051641015625 0.667368884375 0.5259704140625 0.6760497984375 0.5310724328124999 0.68516625 0.5320306109375 0.70152009375 0.51196345625 0.7010820546875001 0.5001864874999999 0.6893473875 0.49224973437499997 0.6699372890624999 0.49356134531249996 0.6652708078125 0.49809841875
2 0.6836729171875 0.4665156171875 0.6769581671875 0.482568340625 0.685290653125 0.49098543125000005 0.7076673953125 0.493337321875 0.7168261499999999 0.48592070937500004 0.7163881125 0.47414374062500003 0.7096260546875001 0.46672963125000005 0.6909128124999999 0.4614110953125 0.6836729171875 0.4665156171875
2 0.663167725 0.4383848046875 0.6578466875 0.441177234375 0.6517416859375 0.451428578125 0.650524690625 0.4789521453125 0.6559776390625001 0.48287696875 0.665094090625 0.4838351453125 0.6747331828124999 0.47982071406250004 0.68035784375 0.4661671890625 0.6799198078125 0.45439021874999996 0.6759924828125 0.44392235781249995 0.6713683015624999 0.44008464218750004 0.663167725 0.4383848046875
2 0.58967868125 0.49182921406249996 0.5798230734375001 0.505875971875 0.58431784375 0.5189172453124999 0.5983197984374999 0.5212268328125 0.6137154640625 0.5102761296875 0.61759548125 0.497277159375 0.61183640625 0.4882926203125 0.6081281 0.48371324375 0.6031554906250001 0.4831906015625 0.58967868125 0.49182921406249996
2 0.568650846875 0.4686710109375 0.5605821843750001 0.473688425 0.5580112749999999 0.4901766828125 0.5647310296875 0.5059655828125 0.571841515625 0.51006461875 0.5789943046875 0.505788865625 0.5890241281249999 0.4900845703125 0.5888922171875 0.48336731874999994 0.5856194453125 0.4746441 0.57877028125 0.468058759375 0.568650846875 0.4686710109375
2 0.627503403125 0.5385388546875001 0.6213535968749999 0.541244178125 0.6130236124999999 0.5487478984374999 0.6143352234375 0.5681579953125 0.620529834375 0.5729986921875 0.6382823953125001 0.57151286875 0.6433844140625 0.562831953125 0.643426715625 0.5544571640625 0.640153946875 0.5457339453125 0.6340464421875 0.5400644781249999 0.627503403125 0.5385388546875001
2 0.4345150359375 0.6925430609375 0.43338264375 0.70331705 0.44402722343749995 0.7136529984375 0.465575196875 0.71591778125 0.47935813125 0.712338884375 0.4823222734375 0.700081575 0.472680678125 0.688175196875 0.4445025578125 0.68521355625 0.4345150359375 0.6925430609375
2 0.44202125781249996 0.7167938578124999 0.4337783796875 0.7234688078125 0.43596106093750003 0.7345912234374999 0.45271314374999994 0.7505966390625 0.4585145203125 0.7512063890625 0.464925646875 0.7460147593750001 0.46540348593749997 0.733496128125 0.4605602859375 0.7237699296875 0.45196647656250005 0.7178391421875 0.44202125781249996 0.7167938578124999
2 0.3644927578125 0.6013910671875 0.35272079375 0.6336707265625 0.35211104375 0.6394721046875 0.35573224375 0.64488025 0.37095619687500003 0.6515078921875 0.383255809375 0.6460972453125 0.3911029515625 0.6192705359375 0.391406575 0.6084094421875 0.38102331875 0.5955871875 0.37347729687500003 0.595631990625 0.3644927578125 0.6013910671875
2 0.568887384375 0.5860051703125 0.5721601546875 0.5947283890625 0.585420446875 0.5961221015625 0.5956692890624999 0.5863062921875 0.5995941109375 0.5808533421875001 0.6006393953125 0.5709081234375 0.5969310890624999 0.566328746875 0.58118449375 0.5646737125 0.5728545078125 0.5721774328125 0.568887384375 0.5860051703125
2 0.6243950765624999 0.74350343125 0.6171999859375 0.756153971875 0.6167221484375001 0.768672603125 0.6299401375 0.7784411046875 0.6423268578125 0.7722016890625001 0.646251678125 0.766748740625 0.646336284375 0.7499991609375 0.6418863171875 0.744503909375 0.6337728484375 0.741975303125 0.6243950765624999 0.74350343125
2 0.5949501500000001 0.7286777140625 0.5947784390625 0.7462560609375 0.6149750015625 0.7534063468750001 0.6225633265625 0.7449867515624999 0.62203818125 0.7340385515625 0.6141412296875 0.7214776171875 0.6042831171875 0.719603565625 0.5949501500000001 0.7286777140625
2 0.5989868656249999 0.6025755312500001 0.5985513296875 0.6067193718749999 0.6045294234374999 0.6215923953125 0.615129196875 0.624382325 0.634320275 0.617182228125 0.6375457390625 0.6024386140625 0.62821026875 0.5955919515625 0.612376565625 0.5947656859375 0.5989868656249999 0.6025755312500001
2 0.6608756546875 0.5638324328125 0.6609652625 0.578924475 0.6666372328125 0.58873778125 0.6812937390625 0.5927920125 0.6875729546875 0.58088313125 0.6877894718750001 0.57085080625 0.68080839375 0.5575482109375 0.6674609953124999 0.55698326875 0.6608756546875 0.5638324328125
2 0.6159752421875 0.456886534375 0.6154102984375001 0.47023393281250003 0.6197731578125001 0.47655795312500004 0.6411469171874999 0.48048027187500003 0.64829970625 0.47620451875 0.650041846875 0.45962915468750004 0.6447631125 0.454046796875 0.6222992625 0.45252367343750005 0.6159752421875 0.456886534375
2 0.6294047421875 0.4247810890625 0.61710513125 0.43019173593750004 0.6154924 0.4375635421875 0.621818921875 0.44912149375 0.6449373265625 0.452389259375 0.6511742390624999 0.4488551671875 0.6551413640625 0.43502742968749997 0.651607271875 0.428790515625 0.645238446875 0.42560735312500003 0.6294047421875 0.4247810890625
2 0.5014137328125 0.61410619375 0.497620821875 0.626276396875 0.5017223609375 0.635086721875 0.5109707234374999 0.6427621515624999 0.5240568015625 0.6458134015625 0.5360079843750001 0.643717828125 0.5407615765625 0.6383519843750001 0.5418939671875 0.6275779984375001 0.539756090625 0.6240016046875 0.5259706546875 0.6116596890625 0.5078248609375 0.608914565625 0.5014137328125 0.61410619375
2 0.41557777187499995 0.6494944203124999 0.4162771296875 0.6587850859375 0.4213816515625 0.6660249796875 0.4394403390625 0.669598871875 0.45008241406250005 0.664014009375 0.455358646875 0.653675559375 0.4531336640625 0.6509279328125 0.455313840625 0.6461295375 0.4482904625 0.6412017328124999 0.42390775625000005 0.6419907015625 0.41557777187499995 0.6494944203124999
2 0.538867503125 0.5208436109375 0.5398729875 0.5351939906250001 0.54995011875 0.5429565296875001 0.5579316750000001 0.5387678828125 0.5705797140625 0.5300421625 0.571973428125 0.516781871875 0.5614159578125 0.5056171546875 0.5496389875000001 0.5060551906249999 0.538867503125 0.5208436109375
2 0.4902665328125 0.736109340625 0.48904703437499997 0.7477120953124999 0.49340989375 0.7540361156250001 0.4991241640625 0.755474634375 0.50693150625 0.7529435234374999 0.50754125625 0.747142146875 0.5164809906250001 0.7338370484375 0.51669750625 0.7238047234375 0.5045273046875 0.7200118125 0.49554276562500005 0.7257708890625 0.4902665328125 0.736109340625
0 1 0.35050826874999996 0.9928680578125 0.3548904828125 0.991954684375 0.37155295312500003 0.998542528125 0.3806246 1 0.3809434515625 1 0.35050826874999996
0 0.9408248671875 0.3159035796875 0.9383833671874999 0.32318827968749997 0.94536444375 0.3364908734375 0.965735221875 0.3419836234375 0.9767257265625 0.3330836890625 0.9778581171875 0.3223097015625 0.9671264328125 0.3128025203125 0.9505510671874999 0.3110603796875 0.9408248671875 0.3159035796875
0 0.9266436953125 0.28340990625 0.9243341062500001 0.2974118609375 0.9327537015624999 0.3050001828125 0.942960240625 0.3035591625 0.9580945875 0.2950947640625 0.9609716203125 0.2836662234375 0.9522459 0.2710181828125 0.9412977 0.27154332812500004 0.9266436953125 0.28340990625
0 0.9299935640625 0.22762111406250002 0.9236695421875 0.2319839734375 0.92122804375 0.23926867343749997 0.9246327265625001 0.25470914375000003 0.9328781046874999 0.2639550046875 0.9483633812500001 0.2680963421875 0.9511981140625 0.26504259218750004 0.9515017374999999 0.2541814953125 0.948664503125 0.24131443749999998 0.9398516750000001 0.229495165625 0.9299935640625 0.22762111406250002
0 0.8830150937499999 0.22016970625 0.8778707718750001 0.2372254109375 0.883455634375 0.24786748749999998 0.8957129437500001 0.250831628125 0.9065292328125001 0.24358923125 0.908706909375 0.22287002500000003 0.9042569421875 0.2173747734375 0.8952275984375 0.21558782656250003 0.8830150937499999 0.22016970625
0 0.8900011750000001 0.26531392187499997 0.8842023015624999 0.280624984375 0.8900932875 0.2963267765625 0.8982938624999999 0.2980266140625 0.9080200640625 0.2931834140625 0.9122933140624999 0.2844153921875 0.912858259375 0.27106799375 0.9070120765624999 0.262912221875 0.8971539640625 0.26103816874999997 0.8900011750000001 0.26531392187499997
0 0.2992045296875 0.935563890625 0.2962403890625 0.9478211999999999 0.30265401875000003 0.95855038125 0.31840061406250003 0.9602054156250001 0.3323577625 0.9549689828125001 0.33802722812499997 0.948861478125 0.337982425 0.9413154562500001 0.3314816875 0.9314150437500001 0.31067537500000003 0.9300661359375001 0.2992045296875 0.935563890625
0 0.3232861171875 0.9615568265625001 0.32237274375 0.9782192984375 0.33279830312500003 0.9826667625000001 0.3430919515625 0.980396975 0.3530346671875 0.965521446875 0.353338290625 0.9546603546875 0.34731789375 0.9481621203125 0.3398589796875 0.9473781562499999 0.3232861171875 0.9615568265625001
0 0.1674178671875 0.8421098140625001 0.15716902500000002 0.8519256234375 0.15751995624999998 0.8645313609375 0.162885796875 0.8692849515625 0.17208935625 0.8694143625 0.188619915625 0.86361048125 0.1988687578125 0.853794671875 0.1991723828125 0.842933578125 0.19472241562499998 0.8374383249999999 0.18817937499999998 0.8359127015625001 0.1674178671875 0.8421098140625001
0 0.157338234375 0.8184264656250001 0.1528907703125 0.8288520234375 0.1584756296875 0.8394940999999999 0.170907153125 0.8408007046874999 0.1899240203125 0.835258146875 0.19123062500000002 0.8228266218750001 0.18464278125 0.8137549765625 0.1739559 0.8117938171875 0.157338234375 0.8184264656250001
0 0.112813778125 0.8832944125 0.11887897812499999 0.89733866875 0.1269053390625 0.90069604375 0.13746030781250002 0.89593995 0.14064346875 0.889571125 0.140466753125 0.8753078500000001 0.1316539265625 0.8634885796875 0.11547179375000001 0.8659773875000001 0.112813778125 0.8832944125
0 0 0.8738741187500001 0.0085631921875 0.8706613875 0.0147553015625 0.8595812734375 0.0143172625 0.8478043046874999 0.007293882812499999 0.8428765 0 0.8437112484375 0 0.8738741187500001
0 0.0582169546875 0.6932128703125 0.053640081250000006 0.7128419874999999 0.059879495312499996 0.72522870625 0.0722239125 0.7273640796875 0.0793767015625 0.7230883265625 0.0825598625 0.716719503125 0.0832119140625 0.7025433359375 0.0753149625 0.6899824015625 0.0671143875 0.6882825640625 0.0582169546875 0.6932128703125
0 0.0308275640625 0.435605365625 0.021668809375 0.4430219765625 0.0221516515625 0.46234496875 0.030877371874999997 0.474993009375 0.040822590625 0.47603829375 0.0480624875 0.47093377187499996 0.05080760937499999 0.45278797812500005 0.048276501562500004 0.44498063437499996 0.0399440140625 0.43656354375 0.0308275640625 0.435605365625
0 0.11109618125000001 0.501020740625 0.103594965625 0.508611565625 0.10551632500000001 0.5222202859375 0.1239259421875 0.538399915625 0.1361384484375 0.5338180375 0.1391025890625 0.521560728125 0.1322086203125 0.5074293640625 0.12278604374999999 0.5014114703125 0.11109618125000001 0.501020740625
0 0.083709290625 0.25933404531250004 0.074811859375 0.264264353125 0.0729826125 0.2816684859375 0.08384620781249999 0.2978929203125 0.09379142812499999 0.2989382046875 0.099112465625 0.296145775 0.102163715625 0.2830596953125 0.09875903281250001 0.267619225 0.094309065625 0.2621239734375 0.083709290625 0.25933404531250004
0 0.0684928453125 0.300468834375 0.0619075046875 0.307318 0.06282588125 0.32249715 0.07552122812499999 0.3372382609375 0.082151375 0.33793511718749997 0.09104880625 0.3330048109375 0.094448484375 0.316603659375 0.09331358906250001 0.3114568359375 0.0804440296875 0.29837325937500003 0.0684928453125 0.300468834375
0 0.077397784375 0.343300959375 0.07373678593750001 0.36218841562500004 0.077838325 0.37099873906249997 0.0908372953125 0.37487875625 0.10165358437500001 0.367636359375 0.10562070937500001 0.35380862031250004 0.100384275 0.339851471875 0.088039859375 0.3377160984375 0.077397784375 0.343300959375
0 0.06889358437500001 0.3524622140625 0.059777134375 0.3515040375 0.05245013281250001 0.3574373265625 0.050750293749999995 0.3656379015625 0.053848850000000004 0.37601865624999997 0.0666313046875 0.38993099999999997 0.072345575 0.39136951875000003 0.0794983625 0.38709376562500003 0.0846003828125 0.37841285 0.08329127343750001 0.3749235625 0.0762678953125 0.3699957578125 0.0720344453125 0.3544681796875 0.06889358437500001 0.3524622140625
0 0.0412033125 0.4006651875 0.042557225 0.41170049531249997 0.0518926953125 0.4185471578125 0.062099234375 0.4171061375 0.0686845765625 0.4102569734375 0.0713425921875 0.392939946875 0.0580374953125 0.3840002125 0.0521490109375 0.3842192328125 0.0412033125 0.4006651875
0 0.027967804687499997 0.279451009375 0.0208150171875 0.2837267625 0.0185502328125 0.3052747375 0.0315492046875 0.30915475468750003 0.0445033703125 0.3054887515625 0.0546651046875 0.29650170937500003 0.0547074078125 0.2881269203125 0.0457203671875 0.27796518593749997 0.039177326562499996 0.27643955937500003 0.027967804687499997 0.279451009375
0 0.08133261562500001 0.40153125312500004 0.0755337421875 0.416842315625 0.080376940625 0.4265685140625 0.09088960625 0.4301872109375 0.099045378125 0.424341028125 0.103231521875 0.4164017734375 0.1021389296875 0.4028801609375 0.09751474843749999 0.399042446875 0.08756952968750001 0.39799716093750004 0.08133261562500001 0.40153125312500004
0 0.19388816250000002 0.2474524515625 0.189221678125 0.251989525 0.1883954109375 0.2678232296875 0.19371895156250002 0.280951609375 0.2028802078125 0.28945580937500004 0.21365419375 0.2905882 0.217404803125 0.2867927875 0.2208044796875 0.2703916359375 0.21408472500000003 0.2546027359375 0.207148453125 0.2488461640625 0.19388816250000002 0.2474524515625
0 0.177566609375 0.19546157343749998 0.17560545 0.2061484546875 0.1860758125 0.21814193906249998 0.200906534375 0.220538634375 0.211461503125 0.21578254062500002 0.2135097703125 0.2042668921875 0.20303940625 0.1922734078125 0.189124559375 0.18913505 0.177566609375 0.19546157343749998
0 0.22541865312499998 0.2105461078125 0.22219318906250002 0.225289721875 0.23331810625 0.2390278515625 0.2425216640625 0.23915726093749998 0.252509184375 0.23182775625000002 0.253902896875 0.2185674640625 0.24369385625 0.20408767343749998 0.236060728125 0.204961246875 0.22541865312499998 0.2105461078125
0 0.09373911562500001 0.24362975156250002 0.105954121875 0.2549686828125 0.11515768125 0.2550980921875 0.12946325625 0.2465465859375 0.12902521875 0.234769615625 0.12431392968749999 0.23176066875 0.0980994734375 0.23403296093749998 0.09373911562500001 0.24362975156250002
0 0.23172515312500003 0.09473757187500001 0.22596858125 0.10167384374999999 0.22492329687499998 0.1116190640625 0.2287635140625 0.12291569218750001 0.240411075 0.1316812125 0.24978884687499997 0.1301530859375 0.2552840984375 0.12570311875 0.25768079374999997 0.11087239687499999 0.24987094999999998 0.0974826953125 0.2411900328125 0.092380678125 0.23172515312500003 0.09473757187500001
0 0.20268096875000002 0.1319052375 0.1970115015625 0.138012740625 0.1987586484375 0.15327899843749998 0.20992586875 0.1586423359375 0.23033894843749997 0.15576029687499998 0.2377530578125 0.1489982390625 0.239233878125 0.1349091796875 0.2308142828125 0.1273208546875 0.22418413906249998 0.1266239984375 0.20268096875000002 0.1319052375
0 0.24469433437500002 0.186596434375 0.2442164984375 0.19911506406249999 0.25023689375 0.2056132984375 0.273877940625 0.2039084546875 0.2822950328125 0.1955759671875 0.2841690859375 0.18571785624999998 0.2750078296875 0.17721365625000002 0.2565136078125 0.17778360625 0.24469433437500002 0.186596434375
0 0.25400251875 0.2973427515625 0.2521284640625 0.3072008625 0.2603738453125 0.316446721875 0.2735470296875 0.31866920312499997 0.2819641203125 0.3103367171875 0.2823548515625 0.298646853125 0.2750253484375 0.28865933125 0.2625067171875 0.28818149531250004 0.25400251875 0.2973427515625
0 0.2276188515625 0.3331141984375 0.23629976562500002 0.33821621875 0.257018971875 0.34039389531249997 0.2632981875 0.3284850140625 0.263166275 0.321767759375 0.2476361953125 0.31008040000000003 0.2256526859375 0.3119594578125 0.2276188515625 0.3331141984375
0 0.15419689375 0.2583633546875 0.1514069671875 0.2689631296875 0.1546797375 0.277686346875 0.16218345625 0.28601633125000003 0.17204156875 0.2878903828125 0.1798489109375 0.28535927499999997 0.1837737328125 0.279906325 0.1844257859375 0.2657301578125 0.17469708125 0.254652546875 0.163268540625 0.2517755109375 0.15419689375 0.2583633546875
0 0.09190235937499999 0.2132714515625 0.0901154125 0.22230079531250002 0.0973578125 0.23311708593749997 0.1209988578125 0.23141224062500002 0.1254040203125 0.22936147187499997 0.12579475 0.21767160937500002 0.1158047265625 0.209080303125 0.1026315421875 0.206857821875 0.09190235937499999 0.2132714515625
0 0.144762396875 0.313869584375 0.1562302 0.310943934375 0.16537450781250002 0.3065347890625 0.1715054171875 0.2993295046875 0.169373725 0.29208281875000003 0.15037774843750001 0.2801107796875 0.1328640953125 0.28942446093749996 0.128513909375 0.299354975 0.13249745625 0.3125804875 0.144762396875 0.313869584375
0 0.152865503125 0.39061534375 0.15090434375 0.4013022234375 0.1559217578125 0.4093708875 0.16460267343749999 0.41447290625 0.17969471718750002 0.414383296875 0.1897693453125 0.406225025 0.1899858609375 0.3961926984375 0.1809117125 0.3868597296875 0.1609341671875 0.3855979296875 0.152865503125 0.39061534375
0 0.11421451875 0.35973940781249997 0.1180547359375 0.3710360375 0.12992131406250002 0.38569004218749997 0.1341522625 0.385296809375 0.13554847812499998 0.387957328125 0.1430944984375 0.387912521875 0.1476738765625 0.38420421718750003 0.1471039265625 0.36570999375 0.137810759375 0.35048854375 0.12180284062499999 0.3513198140625 0.11421451875 0.35973940781249997
0 0.116215478125 0.3247569265625 0.1073180453125 0.329687234375 0.1041796890625 0.3436020796875 0.11452064375 0.3647991234375 0.1160462671875 0.3582560859375 0.1227187171875 0.3505781515625 0.13641454375 0.3478280234375 0.13645684687499998 0.33945323437499997 0.1347545046875 0.33173299843750004 0.1269894640625 0.32588931875 0.116215478125 0.3247569265625
0 0.279662040625 0.3721011015625 0.2742987 0.38326832187500004 0.27495575781250003 0.4009337765625 0.2842041203125 0.4086092078125 0.291750140625 0.4085644015625 0.3034375015625 0.393034321875 0.3044827859375 0.383089103125 0.3002941390625 0.375107546875 0.2900427953125 0.3690025453125 0.279662040625 0.3721011015625
0 0.3272402484375 0.3100678875 0.322573765625 0.3146049625 0.3220511234375 0.319577571875 0.329599646875 0.335453578125 0.344169046875 0.3403365765625 0.3501446390625 0.3392887890625 0.3575587484375 0.33252673125 0.3597812296875 0.319353546875 0.3549380296875 0.30962734687500004 0.34268071875 0.3066632046875 0.3272402484375 0.3100678875
0 0.304826209375 0.3479324078125 0.29946286875 0.35909962812499996 0.2994205671875 0.36747441875 0.3082333953125 0.3792936890625 0.3164339703125 0.380993528125 0.324589740625 0.375147346875 0.32724775625 0.3578303203125 0.3252392890625 0.34505036875 0.317212928125 0.34169299375 0.304826209375 0.3479324078125
3 0.4162868984375 0.4434397546875 0.41323565156250003 0.45652583281250003 0.41812365468749996 0.47379805468749997 0.4234894984375 0.4785516453125 0.4400648625 0.48029378593749994 0.44599564843749995 0.47169997812500003 0.4459508453125 0.46415395625 0.43595831875 0.43964184062499995 0.4295023859375 0.437287446875 0.4162868984375 0.4434397546875
3 0.391807075 0.3813742484375 0.38639893125 0.3849954484375 0.3808613765625 0.3978202046875 0.3785094859375 0.420196946875 0.38064736250000003 0.4237733421875 0.397309834375 0.42468671406249997 0.40437551562499996 0.4212397296875 0.4096517484375 0.4109012765625 0.4103909078125 0.395896340625 0.408688565625 0.38817610625 0.40009475781250003 0.38224531875 0.391807075 0.3813742484375
3 0.4657193796875 0.523210515625 0.4600947203125 0.536864040625 0.464721403125 0.5566225671875 0.47846203593750003 0.561418459375 0.4881882359375 0.556575259375 0.492200165625 0.550293540625 0.4925908953125 0.5386036796875 0.48255606718750005 0.522466353125 0.47195629375000003 0.5196764234375 0.4657193796875 0.523210515625
3 0.2669569234375 0.5727053203125 0.2633382265625 0.5832179859375 0.2725865890625 0.5908934171875 0.2955307796875 0.59581871875 0.302509353125 0.5932005015625 0.302900084375 0.5815106390625 0.295396365625 0.5731806546875 0.278166446875 0.5696938703125001 0.2669569234375 0.5727053203125
3 0.4972050671875 0.4787581515625 0.4906645296875 0.4931533375 0.4919313359375 0.5050174140625 0.50462418125 0.5038377140625 0.5192781859375 0.4919711359375 0.5254254890625 0.47334500156250003 0.5234618265625001 0.46811107031250004 0.516264234375 0.464840803125 0.4972050671875 0.4787581515625
3 0.5555597640625 0.43377813906249996 0.5345369343749999 0.44246155781249996 0.5342333125 0.45332265156249996 0.5426529062500001 0.4609109765625 0.5509405890625 0.46178204687499996 0.5689967734375 0.4494351265625 0.5730958109375 0.442324640625 0.5730510046874999 0.4347786203125 0.5669435015625 0.4291091546875 0.5586558187499999 0.42823808281250003 0.5555597640625 0.43377813906249996
3 0.4425609375 0.265209778125 0.43527873906250003 0.2786890890625 0.43938278124999997 0.30342022343749997 0.4508984296875 0.3054684921875 0.461366290625 0.3015411671875 0.4659879703125 0.289458071875 0.467904325 0.27122516874999997 0.4620581421875 0.2630693984375 0.4504553859375 0.26184989999999997 0.4425609375 0.265209778125
3 0.334467871875 0.5043878859375 0.335602765625 0.509534709375 0.3450253421875 0.515552603125 0.3622975640625 0.5106645984375 0.37062755 0.5031608796875 0.3719341546875 0.49072935624999997 0.3673099734375 0.48689163906250005 0.3459810171875 0.49051534218750004 0.334467871875 0.5043878859375
3 0.39515468125000003 0.5886932171875 0.3899655546875 0.5982029015625 0.3990845078125 0.6150818890624999 0.4066305296875 0.615037084375 0.42185198125 0.6057439171875 0.42795698125000003 0.595492571875 0.4272576234375 0.5862019078125 0.42263344218750004 0.5823641921875 0.40614518437499997 0.5797932828125 0.39515468125000003 0.5886932171875
3 0.3560233546875 0.5544151015625001 0.354236409375 0.56344444375 0.35620007187499997 0.568678375 0.37242700625 0.5737355890625 0.38411436718749997 0.558205509375 0.383502115625 0.548086075 0.3776559328125 0.5399303046874999 0.3682781609375 0.5414584328125 0.3560233546875 0.5544151015625001