2 0.6367718046874999 0.24642301875 0.6320427234375 0.2602935890625 0.628005509375 0.30010895625 0.62712785625 0.3484989421875 0.6346620203125 0.3841112484375 0.643475053125 0.40143488125 0.6458948765625 0.4116285109375 0.65872346875 0.43424514687500004 0.68561735 0.452833115625 0.697521553125 0.4528301703125 0.7168653140625 0.44499376718750006 0.7452124546875 0.44279915000000003 0.7549715296875 0.43763399375 0.76513751875 0.42664971406249996 0.7767408109375 0.404070784375 0.782442153125 0.38525599062500004 0.7865956265625 0.34377801875 0.7810641140625 0.2974459625 0.76731113125 0.25220974375 0.7546569296875 0.22709919687500002 0.7431755953125 0.21209508281249997 0.7179196250000001 0.196963121875 0.6967213890624999 0.195480796875 0.679755278125 0.205154196875 0.6682420312499999 0.20852595468750001 0.654277046875 0.2200799515625 0.646039621875 0.230363721875 0.6367718046874999 0.24642301875
2 0.036220465624999997 0.18855638125000002 0.0334780765625 0.2008951390625 0.0326904671875 0.2300779515625 0.037788851562499996 0.2646845640625 0.050268662500000005 0.292289021875 0.06412764531250001 0.3091301328125 0.0811199734375 0.3170012984375 0.10736416093750001 0.3180011015625 0.125851921875 0.3134463140625 0.1610470546875 0.2849987734375 0.1943877125 0.247232503125 0.2087755671875 0.220671446875 0.22444228906250002 0.1758217171875 0.2266934171875 0.1525888203125 0.22491302968750002 0.133250853125 0.21691382187500002 0.104288975 0.20968057031249998 0.0912526515625 0.1700264859375 0.0759492453125 0.15375794062499998 0.07564700468749999 0.1217702375 0.0851053625 0.0982787 0.098499303125 0.0848790625 0.1109282 0.062211610937499995 0.1394163953125 0.0467511921875 0.1633963453125 0.036220465624999997 0.18855638125000002
2 0.036824584375000004 0.493508034375 0.036877018750000004 0.5285971671875 0.044759964062500004 0.5592216546875 0.061704421875000005 0.594656625 0.0765356640625 0.6065535125 0.1008512890625 0.6082538265624999 0.1098124953125 0.6055389828125 0.12366121875 0.59564759375 0.1507671015625 0.5574453453125 0.159760221875 0.5363546312499999 0.16199539375 0.52230966875 0.1639558703125 0.5032332890625 0.159681571875 0.48372093125 0.15993005 0.47120778281250003 0.1554072734375 0.4642085734375 0.1510167140625 0.446358821875 0.135752340625 0.422736490625 0.11094545781250001 0.4101420375 0.097910559375 0.40839518124999996 0.08515035625 0.411679740625 0.057785735937500006 0.4356626375 0.04703844375 0.4549599515625 0.036824584375000004 0.493508034375
2 0.39119234375 0.5149463703125 0.39244955937500003 0.5417660671875 0.3968982484375 0.5587845140625001 0.40362428437500003 0.5701146328125 0.419137134375 0.581223815625 0.4360132015625 0.5907575875 0.465665428125 0.5878188640625 0.48456010312500003 0.5774449515625 0.5138532859375 0.5527615484374999 0.5393053015625 0.520291228125 0.560118278125 0.48248430468750003 0.5609321031250001 0.4708460578125 0.5423235187500001 0.41441051562500003 0.538746784375 0.384922515625 0.531788228125 0.3769176125 0.5124763812500001 0.3663781453125 0.4911037546875 0.3673897296875 0.4718602984375 0.38275146250000003 0.46017265937499996 0.3886171296875 0.4407548109375 0.40647277031250006 0.4149540140625 0.44393091093750003 0.3961699046875 0.48856265 0.39119234375 0.5149463703125
2 0.5950090703125 0.2702344671875 0.574201790625 0.272120953125 0.5701702734375 0.276015884375 0.5584666781250001 0.291069484375 0.5468474296875 0.32283635 0.5426836953125 0.337581821875 0.5405488265625 0.3591521125 0.5430210828125 0.404434875 0.5492079875 0.43243465781249996 0.562918796875 0.46931424374999997 0.5731531765625 0.4842311625 0.5914927624999999 0.49971485 0.6060493109375 0.506580321875 0.6142126484375 0.5063157890625 0.6383117078125 0.5021533828125 0.6618613765625 0.4879281390625 0.6720854953125001 0.47611255625000004 0.6800482265625 0.46079736718750003 0.68170209375 0.45506543906249997 0.679556965625 0.449903228125 0.66030325 0.4385324578125 0.651141434375 0.4261966453125 0.6444735296874999 0.414035225 0.6308208515625 0.3763243328125 0.6253155546875 0.3475368453125 0.6276567265625 0.3050967765625 0.626557946875 0.284971103125 0.6248619046874999 0.2823464 0.6075207953125 0.2794630546875 0.5950090703125 0.2702344671875
2 0.60062036875 0.27062684843749996 0.610130965625 0.2779748390625 0.627704596875 0.2775329703125 0.6325077671875 0.2536431609375 0.6435457109375 0.2301893296875 0.656903175 0.2094038015625 0.67024468125 0.19780620625 0.6854144468750001 0.1779827734375 0.7156593703125 0.0948901421875 0.7179686296875001 0.07082594375 0.7152581546875 0.06478882968750001 0.684232453125 0.0425704640625 0.6786211546875001 0.0421780828125 0.6489689281250001 0.0451168078125 0.6257520859375 0.06354216562500001 0.6050713265625001 0.090498546875 0.59568725 0.10822045 0.5855896515625 0.145105928125 0.57986665625 0.2090290921875 0.587791775 0.24801021093750003 0.60062036875 0.27062684843749996
2 0.492259503125 0.028311039062499998 0.481237515625 0.0425769359375 0.47099743906249997 0.0635804546875 0.44644359843750003 0.1011257890625 0.446020728125 0.1161328484375 0.435933390625 0.179750828125 0.435378303125 0.205608428125 0.4397950796875 0.24100274531250002 0.45276615 0.2795013421875 0.4656688296875 0.2920987421875 0.48833058593749995 0.2995309828125 0.502844959375 0.298039821875 0.5133437734374999 0.29125565625 0.524001021875 0.29116551562500004 0.5364283999999999 0.283680840625 0.5447820859375 0.2717344640625 0.550567775 0.269632934375 0.5530776421875 0.260619390625 0.5606756328125 0.25947995625 0.5662025828125 0.24315907499999997 0.56958440625 0.2216759796875 0.5756767046875 0.2062299984375 0.57878383125 0.1797154859375 0.58254635 0.1348687015625 0.5828426999999999 0.094791746875 0.57910753125 0.058609725 0.5691797609375 0.030348356250000003 0.5639172453125 0.0249681546875 0.5490700453125 0.0222592 0.519333471875 0.008484660937500001 0.5070804859375 0.013475428125 0.504079359375 0.01159483125 0.5004387984374999 0.0188585734375 0.4925501546875 0.024154521875 0.492259503125 0.028311039062499998
2 0.7785007078125 0.8268901828124999 0.769697934375 0.8362990515625001 0.7608792046875 0.8548958546875 0.7558013406249999 0.8737542453125 0.7557534703125001 0.9013180515625001 0.759536509375 0.9099362687499999 0.7699452796874999 0.9223592765624999 0.774684621875 0.9352212078125 0.79042999375 0.9430051781250001 0.8213713484375 0.9485102812499999 0.8469920578125001 0.9494664875 0.9126053734375 0.9340057796875 0.9329795234375 0.92039385 0.9430452078125 0.901884240625 0.9440915546875001 0.88692078125 0.94178799375 0.87506454375 0.9391937796875001 0.8673648249999999 0.9255091875 0.848029803125 0.9096635109375001 0.8327205046874999 0.881290153125 0.8173705546875001 0.8640653031250001 0.8128246046875001 0.858961221875 0.8141384265625 0.8386189859375 0.8093744875000001 0.7987585968750001 0.8149408593749999 0.792058778125 0.821155309375 0.7785007078125 0.8268901828124999
2 1 0.329856928125 0.9832292671875 0.3182656734375 0.96945463125 0.318137825 0.9265292890625 0.35857534375 0.8985092765625 0.40089050937500004 0.88198655625 0.4490218546875 0.8785568625 0.4980687546875 0.8840781156249999 0.51766830625 0.8930655406250001 0.5324980296875 0.90994160625 0.5420318015625 0.91576946875 0.548286903125 0.9219461140625 0.549554184375 0.9326614937500001 0.5486327390625 0.9488878656249999 0.5405783484375 0.9794280046875 0.5159821390625 1 0.49220795156249997 1 0.329856928125
2 0.9067079578125 0.54347641875 0.896108840625 0.5427352562500001 0.8806062499999999 0.558358575 0.869277653125 0.5859689234375 0.8676500015625 0.6092454171874999 0.86990569375 0.6486654578125 0.8831833734375 0.673819603125 0.9090468640625 0.6981830984374999 0.9278514937500001 0.7070163593750001 0.9551101140625 0.7114285734375 0.984704209375 0.7093211515625 0.986632771875 0.7086206421875 0.9998283718750001 0.5199147765625 0.9917812953125 0.5185167015625 0.9777741375 0.521714065625 0.9552389015625 0.53935171875 0.9324871015625 0.5511266499999999 0.9155950781250001 0.5507808140625 0.9067079578125 0.54347641875
2 0.6818023984375 0.4625907671875 0.6813954843750001 0.468409890625 0.6897115609375 0.5107598203125 0.7057578453125 0.5411197750000001 0.7139052265625 0.5500431765625 0.73078129375 0.5595769484375 0.7519214 0.561890578125 0.7744988078125 0.55260955625 0.796875609375 0.5282778796875001 0.812235721875 0.49677260156249997 0.8215935828125 0.46150613281249997 0.8254883187500001 0.40580880468749997 0.8145301578125 0.3833229625 0.8096585984375 0.3813115734375 0.7979709609375 0.387177240625 0.7840219328125 0.3895433015625 0.7705322515625 0.4211793734375 0.7534339234375 0.441703315625 0.7399339828125 0.44660688593750003 0.7242889140625001 0.44634824375 0.697970640625 0.455367678125 0.68600830625 0.45620192656249997 0.6818023984375 0.4625907671875
2 0.2712931765625 0.6168308125 0.2675625703125 0.643301728125 0.268703525 0.67178403125 0.28471789687500004 0.7205198546875 0.2930818421875 0.7353059796875 0.3058682625 0.749565984375 0.32976101562500004 0.7662733578125 0.3419980453125 0.7704705265625 0.35889006874999996 0.7708163640625 0.376305265625 0.763680471875 0.39032838124999997 0.7512951703125 0.40209010625 0.735410265625 0.40750079687499996 0.7207519890625 0.4096356640625 0.6991816984375 0.408071840625 0.6857064546875 0.39171894687500003 0.6686909515624999 0.37175740625000003 0.640563321875 0.3536241234375 0.6042098515625 0.34950825937499996 0.59139151875 0.323787246875 0.582909984375 0.318625034375 0.5850551125 0.29374406406250003 0.582479896875 0.2872186375 0.5862004359374999 0.2752243890625 0.605410553125 0.2712931765625 0.6168308125
2 0.184498715625 0.5230478859375001 0.1852646703125 0.53897344375 0.1998052625 0.5550268484374999 0.217537328125 0.5612790046875 0.2444049921875 0.5623224078125 0.25977536562500003 0.55754963125 0.27804656250000004 0.547132121875 0.2928094140625 0.5331278125 0.3012793625 0.519518828125 0.3095487015625 0.4908591890625 0.31074322187500003 0.4558572515625 0.301713625 0.4326708984375 0.28383908125 0.41053678125 0.2663395375 0.40095941249999995 0.2320482734375 0.3985615328125 0.20220569843749997 0.41318210312500003 0.1721146453125 0.44031581875 0.1670527390625 0.449986275 0.1618586125 0.47050727343750004 0.1617263953125 0.4813578140625 0.1670732578125 0.503451278125 0.184498715625 0.5230478859375001
2 0.08545699375 0.8552817234375001 0.08429438593750001 0.871907790625 0.0865398171875 0.8845953312500001 0.0934824171875 0.9017881703124999 0.10428214375 0.9175799890624999 0.12267986093750001 0.9322323734375001 0.1390487109375 0.9400599421875 0.1671052 0.9420218421875 0.18984104375 0.9394348453125 0.204138853125 0.9320809640625001 0.21568401406249998 0.9103333375 0.2191137078125 0.8612864390625001 0.21616045 0.8318420375000001 0.2132915421875 0.8191109000000001 0.196996778125 0.8012640953125001 0.175930759375 0.7889312265624999 0.16040195156249998 0.7870099796875001 0.146220403125 0.79270125625 0.1185810875 0.81165273125 0.09726659062500001 0.8118330140625 0.0924372046875 0.8181782562500001 0.0894463375 0.8430301609375 0.08545699375 0.8552817234375001
2 0 0.9172584 0.011817121875 0.922809359375 0.031710271875 0.9250357921875001 0.048560121875 0.9170249984375 0.067819534375 0.8924753328125 0.07993004375 0.87160260625 0.08798281718749999 0.8370802453125 0.08834755625 0.8229044890624999 0.0857533421875 0.8152047703124999 0.06299128281250001 0.8002471999999999 0.048175996875 0.7791623765625 0.0418568734375 0.762013134375 0.0314481046875 0.749590128125 0 0.75576674375 0 0.9172584
2 0.1864466640625 0.6743857531249999 0.18115223593750002 0.6873814234375 0.17769632500000002 0.7188837546875 0.18273657968749998 0.7543216703125 0.2018261640625 0.7949188515625 0.219351925 0.8220407875 0.23439973281249998 0.8398003984375 0.2481002828125 0.8499474859375 0.2603954421875 0.8533133515625 0.296049921875 0.85413581875 0.31671472500000003 0.836367371875 0.32469341093750004 0.8118642484375 0.32704484375 0.79615668125 0.32165580781249997 0.7657065859375 0.2986771828125 0.74488629375 0.2866886328125 0.7281759765625 0.26734030937500003 0.6733594421875 0.2627594015625 0.6671915359375 0.2547704546875 0.6649621578125 0.2424912515625 0.65240835625 0.22078579999999998 0.6492198265625 0.21794310625 0.65403325625 0.204110340625 0.6547367109375 0.1864466640625 0.6743857531249999
2 0.37360275625 0.5245761734375 0.36729389375 0.5341594328125 0.3573285125 0.5601943703125001 0.3532069515625 0.5832964734375 0.35397290625 0.59922203125 0.3691050609375 0.6336949046875 0.3912698609375 0.6661534437500001 0.40536136562499997 0.6796693406250001 0.44585549062499996 0.7008790687500001 0.468575378125 0.7074800078125 0.490397090625 0.7090059296875 0.50077964375 0.7038843703125 0.5082192015625 0.6960509125 0.5207206656250001 0.678547 0.5269873546875 0.66060710625 0.5288897 0.6423620296875 0.526876790625 0.626349278125 0.514122284375 0.5937134015625001 0.5007283453125 0.5702218640625001 0.49698747968749996 0.5699602765625 0.475873590625 0.585191215625 0.46554916718749995 0.5894814703125 0.435896940625 0.5924201953125 0.40231919843749997 0.5708587406250001 0.395027815625 0.5586537203125 0.3875517828125 0.5222101109375 0.37360275625 0.5245761734375
2 0.52241670625 0.681171703125 0.5099152421875 0.698675615625 0.513682325 0.71648176875 0.5267856125 0.744129825 0.5606220937499999 0.77991063125 0.589270146875 0.800292 0.613078553125 0.8002861109375001 0.6253315390624999 0.79529534375 0.6386149156250001 0.784529053125 0.6601516734375 0.75429105625 0.67040770625 0.724099603125 0.6721356609375 0.7083484359375001 0.6701968390624999 0.6823164453125 0.6558146812500001 0.6729570640625 0.64297013125 0.6595283625 0.6150356 0.61998341875 0.6123673000000001 0.6223029375 0.6068722625 0.62024795 0.594170190625 0.6227012078125 0.5681847421875 0.63592075625 0.53677834375 0.63706608125 0.5319489578125001 0.643411321875 0.52241670625 0.681171703125
2 0.7719148546875 0.5716423390625 0.7679414671875 0.5747059640625001 0.7608871703125 0.6218286703125 0.73364906875 0.6708814609375 0.7522736109375 0.7181290687499999 0.77081380625 0.748663415625 0.7893699578125 0.770009825 0.8031867671875 0.7784943046875 0.8098706281249999 0.781467790625 0.8336209046875 0.782293203125 0.8485421921875 0.7749829187499999 0.8718331234375001 0.746538321875 0.8777510296875001 0.7335862515625 0.8805515484375 0.7204161890624999 0.8830351984375 0.6938580812499999 0.88226924375 0.6779325218750001 0.867020828125 0.64512225625 0.8670686984374999 0.6175584515625 0.8636925718749999 0.603121109375 0.859386359375 0.601984621875 0.853616628125 0.594898215625 0.8444810296874999 0.6001069703125 0.8149450640625 0.6013830890625 0.7950097390625 0.5908000234374999 0.781774234375 0.5740025109375 0.7719148546875 0.5716423390625
2 0.260782940625 0.238509415625 0.25561503124999996 0.27657498125 0.25646533437499996 0.3092138015625 0.2626522390625 0.33721358437500004 0.2686966671875 0.34933140625000003 0.2791054359375 0.361754415625 0.28964642343749997 0.3633268796875 0.2981004140625 0.35890583125000003 0.3122979203125 0.344026621875 0.324783428125 0.3357106421875 0.36647777187499997 0.2859979953125 0.40212768906249996 0.2241675265625 0.41644145468750005 0.20762570937499997 0.4330485234375 0.1762076265625 0.43460208749999996 0.16295036875 0.4290648765625 0.15253875 0.4164368921875 0.1449727703125 0.410667159375 0.137886365625 0.403243559375 0.1365318890625 0.36303438906249996 0.14708608125 0.34943414375000004 0.144464321875 0.3355592046875 0.136811146875 0.326597996875 0.13952599062499998 0.3058750640625 0.158125740625 0.28377295937499997 0.18748883593750001 0.260782940625 0.238509415625
2 0.32733546874999997 0.33505372968749997 0.3095133578125 0.34800874843749996 0.3079176203125 0.352909371875 0.3156580890625 0.3676518984375 0.3291261171875 0.3811241984375 0.34175410156249997 0.3886901796875 0.3626616859375 0.394329021875 0.3984324265625 0.39348888125000003 0.4162967109375 0.388890496875 0.434002559375 0.3775980859375 0.45972926875000003 0.350159184375 0.47417525312500003 0.322766825 0.479369378125 0.302245828125 0.463058659375 0.2935869578125 0.452475496875 0.283657859375 0.442880553125 0.2595966046875 0.43595390937499995 0.23321583124999998 0.43330726249999996 0.190426978125 0.42894291874999996 0.19012179375 0.4012716890625 0.22744914062500002 0.374382371875 0.271514109375 0.3690879421875 0.2845097796875 0.358007825 0.2996069796875 0.32733546874999997 0.33505372968749997
2 0.3120922484375 0 0.303937375 0.033520375000000005 0.300962465625 0.049184346875 0.30058176875 0.0725480359375 0.3066683703125 0.093022490625 0.3178750078125 0.10299518593749998 0.3376621578125 0.1336167265625 0.355161703125 0.143194096875 0.3752292453125 0.14292661874999998 0.407623859375 0.1276491375 0.44281899375 0.09920159687499999 0.470780875 0.0577177328125 0.48933246406249997 0.0164112046875 0.49166392031250006 0 0.3120922484375 0
2 0.5390215078125 0.8469003671875001 0.547110759375 0.8566550749999999 0.57377211875 0.87856825625 0.606277296875 0.8975486046875 0.6517170703125 0.9107504828125 0.6780193875 0.9109189828125 0.6877203328125 0.9065851296874999 0.7091830031249999 0.8863663703125001 0.7143030421875001 0.8758646125 0.7157722578125 0.8458940921875 0.69424689375 0.8042912171875001 0.6780102609374999 0.7856131078125 0.6540593765625 0.7697370375 0.63248044375 0.791618403125 0.6129622921875 0.8019487156249999 0.5849058031250001 0.799986815625 0.5558086640625 0.7770679390625 0.5460495890625 0.7822330953125001 0.5372308593749999 0.8008298999999999 0.532818646875 0.8280885203125001 0.5390215078125 0.8469003671875001
2 0.8938622468749999 0.1716746578125 0.9140882234375001 0.1781012046875 0.9284282062500001 0.1791039546875 0.9463506203125001 0.173674265625 0.9830252312500001 0.14198870624999999 0.9907554390625 0.12999873125 0.9966311718749999 0.10869002812499999 0.999188909375 0.072112678125 0.99592904375 0.05601273125 0.9874647937500001 0.033701278125 0.817255428125 0.0217990796875 0.816457559375 0.0242493921875 0.820615596875 0.045424357812499996 0.8320228437500001 0.07044770781250001 0.83974735625 0.0943781703125 0.8423256140625 0.1112658234375 0.8493844734374999 0.12679605625 0.8699113625000001 0.1557985875 0.8938622468749999 0.1716746578125
2 0.831153184375 0.34271694531249997 0.8273804046875 0.3608312265625 0.826201840625 0.38664523125 0.828040359375 0.40515189375 0.8357648718749999 0.4290823546875 0.845042946875 0.439755559375 0.853655371875 0.44202853593749997 0.8702305265625 0.4289863234375 0.8931305015625 0.397172915625 0.8956984984374999 0.38732806875 0.9097375703124999 0.3657548328125 0.91612051875 0.34615233437500004 0.9254886390625 0.33761836562499997 0.93575493125 0.33415941562499996 0.950184959375 0.315954990625 0.9559866046875 0.304665525 0.9623855109375 0.2758750921875 0.967621809375 0.2637107265625 0.9682031140625 0.25539769218749997 0.9633053374999999 0.2358417375 0.9564049109375 0.22700552968749999 0.9352226312499999 0.21633527031250002 0.9215061265625 0.21537611874999998 0.9036999734375 0.21914319999999998 0.879236175 0.2374813625 0.8641245390625001 0.2564734921875 0.8510999015625 0.2814591359375 0.831153184375 0.34271694531249997
2 0.044033915624999996 0.7487994765625 0.044525175 0.759693615625 0.050669906249999994 0.7793367671875 0.06899353593749999 0.8040083906250001 0.089842990625 0.8104785359375001 0.11546369999999999 0.8114347437499999 0.1349818515625 0.8011044296875 0.1471345328125 0.7885883359375 0.16424881875 0.7588764593749999 0.171197115625 0.7401488609375 0.175308415625 0.69031425625 0.173602115625 0.66095705 0.1669763828125 0.6571522625 0.1572754375 0.661486115625 0.1460528421875 0.6607013546875 0.13268511875 0.6547543828125 0.115418096875 0.6418517984375 0.1128181859375 0.6700725171874999 0.0996772875 0.69672076875 0.0799687875 0.7187329265625 0.0451805671875 0.74136134375 0.044033915624999996 0.7487994765625
2 0.723600446875 0.1246833265625 0.7084728546875 0.152863390625 0.7075849421875 0.174520875 0.714876325 0.1867258953125 0.757108665625 0.21891695625000002 0.7713323875 0.2215823125 0.7897620187500001 0.21785882812500001 0.808682909375 0.22502948437499998 0.8292576687500001 0.22646821093749997 0.8515444249999999 0.22134370625000002 0.8567647671874999 0.2183672765625 0.8617104140625 0.2103594265625 0.8639455859374999 0.196314465625 0.8624558484374999 0.17281998125 0.8543825546875 0.153877340625 0.8371314875 0.131786821875 0.832392146875 0.11892489218749999 0.8201129437500001 0.10637109062500001 0.8116749109375 0.101604203125 0.7895785015625 0.0950468625 0.774615040625 0.094000515625 0.7522120234375 0.1007876265625 0.7371163453125 0.11059182187500001 0.723600446875 0.1246833265625
2 0.6615969421875 0.509629221875 0.6464431328125 0.5202647203125 0.639056009375 0.5631873109375001 0.6336453203125 0.5778455874999999 0.62307241875 0.594648990625 0.6215769843750001 0.60707494375 0.6244880671875 0.6281627140625 0.6419556984375 0.656115953125 0.657801375 0.6714252515625 0.6734304875 0.6808718265625 0.6845949515624999 0.6824878921875001 0.722077690625 0.6750845203125 0.7306479421875001 0.6690008640625 0.7530407 0.635481253125 0.7622663421875 0.611065325 0.7651569046875 0.578688090625 0.7620133 0.5609255359375 0.7518051390625 0.563553184375 0.737340459375 0.562541715625 0.7174135703125 0.5536299765625 0.6999299828125001 0.5348646718750001 0.6860869562499999 0.5088356265625 0.6817226140625 0.508530440625 0.6789380515625 0.5125125671874999 0.671456321875 0.51198939375 0.6685714546875 0.5084461921875 0.6615969421875 0.509629221875
2 0.506455903125 0.5689516359375 0.5142545015625 0.5828628609375001 0.51396385 0.5870193765625 0.5310667421875 0.6291483718750001 0.5406936 0.6348337578125001 0.55441010625 0.635792909375 0.5664305703125 0.6341273562499999 0.5878191546875 0.6239278359375 0.6148349921875 0.6049327625 0.6318330171875 0.576883490625 0.6381578375 0.5581122953125 0.6399598796875 0.5323418906249999 0.6380051 0.515497834375 0.6335985828124999 0.50683601875 0.6028737921875 0.5071936359375 0.577675953125 0.49123037031249994 0.5661364890625 0.4770575609375 0.562902840625 0.47850217968750003 0.5560708046875 0.49556717031249997 0.5404359953125 0.52204103125 0.5224235375 0.5466778921875 0.5075444234375001 0.5623448078125 0.506455903125 0.5689516359375
2 0.6669780140625 0.7731465015625 0.6866226859375 0.787886084375 0.6947860234375 0.78762155 0.7105895265625 0.79457421875 0.734397934375 0.7945683265625 0.751189653125 0.7873888359375 0.7633001625 0.7665161109375 0.7672313749999999 0.7550958515625 0.7677545484375 0.747614121875 0.7645949875 0.7390395015625 0.7488233984375 0.7137109640625 0.7316623765625 0.6724132734375 0.7008634984375 0.6827901296875 0.673937703125 0.68257803125 0.671993184375 0.6924664765624999 0.6733244859374999 0.7092669359375 0.671829053125 0.7216928890625 0.6598028921875 0.7592788765625 0.6595122390625 0.76343539375 0.6669780140625 0.7731465015625
2 0.5107416234375 0.97356955625 0.5303862953125 0.9883091374999999 0.5524827046875 0.9948664781250001 0.575667634375 0.9948169890624999 0.6042051234375 0.9809405281249999 0.6203893218750001 0.9645295046875001 0.6276704453125 0.950002021875 0.6320085703125 0.9327626406249999 0.6338527859374999 0.9153488671875 0.6315332671875 0.9126805656249999 0.53569211875 0.9034725953124999 0.52477613125 0.8893433843749999 0.5152074046874999 0.88282669375 0.484366353125 0.8848469203124999 0.47829001250000003 0.8911049671875 0.4763454921875 0.9009934124999999 0.48128544218749997 0.9289059984374999 0.48715547812500004 0.94351773125 0.4973317265625 0.9592659515624999 0.5107416234375 0.97356955625
2 0.081655225 0 0.0849805 0.019880154687500002 0.10855068906250001 0.0591199140625 0.120888021875 0.0708424125 0.1393598265625 0.07547556093749999 0.1644311453125 0.0663689296875 0.186733859375 0.05205649062499999 0.21478008750000002 0.027285889062500002 0.235861465625 0 0.081655225 0