1 0.8650358890625001 0.5690533234374999 0.8594356578125 0.5761555406250001 0.854410434375 0.5932001671875 0.8539678484375001 0.60102724375 0.8567487937499999 0.6093073578125 0.8660464984375 0.6086417453124999 0.8712389937499999 0.6044407046875 0.8770099859375 0.5914455281250001 0.8781321265625 0.5787831578125 0.8765046812499999 0.5716513171875001 0.87060126875 0.5668770078125001 0.8650358890625001 0.5690533234374999
1 0.8163867546875 0.512908146875 0.8138392906249999 0.5263563609374999 0.81695826875 0.5415871 0.8250676218749999 0.5446991156250001 0.8338913796874999 0.5380499359375001 0.8357941375 0.5245111140625001 0.8343374546875 0.5114863140625 0.8240570125 0.5051106937500001 0.8163867546875 0.512908146875
1 0.8335847078124999 0.544909953125 0.829611921875 0.5591440109375 0.8356163953125 0.5678771625000001 0.84661124375 0.5644915890625 0.8602894671874999 0.5466907437499999 0.85893384375 0.5376247859375 0.8509604046874999 0.5335457124999999 0.8384043218749999 0.5386841875 0.8335847078124999 0.544909953125
1 0.8843457015625 0.5579609046875 0.888245296875 0.57231519375 0.8985605890624999 0.5737649125 0.9022267015625 0.5663908734375 0.9037565765625001 0.550827328125 0.8998221296875 0.5413989406249999 0.8884543984375 0.5427597890625 0.8843457015625 0.5579609046875
1 0.78885605625 0.5731393421875 0.780844275 0.5927227140625 0.779756984375 0.600459184375 0.78128336875 0.6036321828125 0.7916997203125 0.60904074375 0.79560280625 0.6046584890625 0.8029350328125 0.589910409375 0.803583228125 0.5712644734375 0.8011751671875 0.5650090828125001 0.7979516375 0.5645560453125 0.78885605625 0.5731393421875
1 0.8348322874999999 0.5874901578125 0.8305876796874999 0.6036583328125 0.83496121875 0.6239961890625 0.8417811609375001 0.6269269890625 0.8497232406249999 0.61719541875 0.851932671875 0.596796578125 0.8491517265624999 0.5885164640625 0.841958903125 0.583560940625 0.8348322874999999 0.5874901578125
1 0.8175158234375001 0.6452122328125001 0.81391591875 0.6614710140625 0.8187668921875 0.6690558921875 0.8305075078125 0.66971976875 0.8386865625000001 0.66297998125 0.8419135796875 0.644696475 0.8336021062500001 0.633666775 0.832821490625 0.6345432265625 0.82389666875 0.6372335640625 0.8175158234375001 0.6452122328125001
1 0.7509543265625 0.5668264421875 0.7540733046875 0.5820571812499999 0.7605203625 0.58296325625 0.765712859375 0.5787622156250001 0.7712120296875 0.5677011578125 0.7724700796875 0.554071728125 0.766873340625 0.5424374000000001 0.756251375 0.5478476984375 0.7509543265625 0.5668264421875
1 0.7502302624999999 0.5205960734375 0.7549207671875 0.5247196609375 0.7597494296875 0.5245669515625 0.768688384375 0.5103010859375 0.76988195 0.5031229265625 0.7681742890625001 0.498171059375 0.7639088359375 0.4956308265625 0.7588555328125001 0.49672234531250004 0.7514724187499999 0.5064949984375 0.7494864125 0.5153635015625 0.7502302624999999 0.5205960734375
1 0.8143899171875001 0.4850150375 0.808587565625 0.4841995703125 0.8028862734375 0.48734294375 0.7995268328125 0.48785696562499997 0.7966761875 0.48942865312499995 0.7951149531249999 0.4911815546875 0.793044925 0.4918767921875 0.7914836921874999 0.49362969375 0.7905323125 0.5003991046875 0.793212196875 0.5047203765625 0.7957910203125 0.50508280625 0.7962998140625 0.506140471875 0.79823393125 0.5064122953125 0.7987427265625 0.5074699609375 0.8013215499999999 0.507832390625 0.8018303437500001 0.5088900578125 0.8115009296875 0.5102491703124999 0.812281546875 0.50937271875 0.8155050749999999 0.5098257562499999 0.8187634546875 0.5053528921875 0.8201225671874999 0.49568230625 0.8193768015625 0.49163285625 0.8196486234375 0.4896987390625 0.818122240625 0.486525740625 0.8148987109375 0.48607270312499995 0.8143899171875001 0.4850150375
1 0.8389897968750001 0.4924169640625 0.8347835281249999 0.48492269375 0.8323406171875 0.48359320468749994 0.8306783234375 0.4813872640625 0.8298977046875 0.482263715625 0.8279635875 0.48199189374999996 0.8271829703125 0.48286834375 0.82267003125 0.4822340921875 0.81890285625 0.4856492890625 0.816832828125 0.48634452499999997 0.8187669453125 0.4866163484375 0.8197845359375 0.4887316796875 0.8196486234375 0.4896987390625 0.821039096875 0.493838796875 0.8206313625 0.496739971875 0.82114015625 0.4977976375 0.8212412171875 0.5017564796875 0.8234123078125 0.5050200859375 0.8292146593749999 0.5058355531250001 0.829723453125 0.5068932203125 0.8316575703125 0.5071650421875 0.8333198656249999 0.50937098125 0.8365433953125001 0.5098240203125 0.8395299515625 0.5072852734375 0.83915706875 0.5052605484375 0.8402443578125001 0.4975240796875 0.8397355640624999 0.49646641249999995 0.8396345015625 0.4925075703125 0.8389897968750001 0.4924169640625
1 0.8159894921875 0.4595996890625 0.8168014671874999 0.47253388125000007 0.8201260578125 0.4769457609375 0.8307131734375 0.4764613640625 0.8360764312500001 0.4663673640625 0.8372996328125 0.4576638359375 0.831838803125 0.44506245 0.8226770109375 0.444761003125 0.8159894921875 0.4595996890625
1 0.8070750890625 0.5885199375 0.8086328328124999 0.6055035796875 0.8164703640625 0.6105497109375 0.8215269484375 0.6073157296875 0.8259736796875 0.5990652390625 0.826858846875 0.5834110859375 0.81892025625 0.5744061109375 0.8107760531249999 0.576219996875 0.8070750890625 0.5885199375
1 0.8980657546874999 0.49776106875000004 0.8981981765624999 0.5155305546875 0.9115313859375 0.528252171875 0.91801329375 0.5242323468750001 0.9195083171875 0.5135947015625 0.9131658109374999 0.4979109234375 0.9058370765625 0.4939224578125 0.8980657546874999 0.49776106875000004
1 0.8884717984374999 0.6315166109375 0.8861961578124999 0.64303070625 0.892709425 0.652821525 0.899700128125 0.649859365625 0.9115452953125001 0.6357455390625 0.9111062015625 0.6248360703125 0.90455808125 0.6199711531250001 0.8918660875000001 0.6260766890625 0.8884717984374999 0.6315166109375
1 0.7912571374999999 0.6168678203125 0.7904068203125 0.6275960734375 0.7947489984375 0.6341232859375 0.805200203125 0.634605946875 0.8170105171875001 0.6254180218750001 0.8183696296875 0.615747434375 0.8065628046875 0.606198815625 0.7963485734375 0.6087079375 0.7912571374999999 0.6168678203125
1 0.869726571875 0.526321528125 0.8633108734375 0.539226096875 0.8654471125000001 0.5474156031249999 0.8759645265625 0.5567830078125 0.8829203796874999 0.5587467484374999 0.8883533375000001 0.538800946875 0.8813312765625 0.5279524624999999 0.8725772171875 0.524749840625 0.869726571875 0.526321528125
1 0.8372543109375 0.5187993703125 0.8367420265625001 0.5364782484374999 0.8523857265625001 0.53275986875 0.8594809812499999 0.51502000625 0.8521870953124999 0.5061056390625 0.8431263625 0.5097630359374999 0.8372543109375 0.5187993703125
1 0.875706665625 0.483770946875 0.87173388125 0.49800500468750003 0.876076059375 0.5045322156250001 0.8874089406250001 0.50809726875 0.8926014375 0.5038962265625 0.897184078125 0.494678678125 0.8977625734375 0.48588454218750005 0.894472834375 0.47654676250000005 0.8840216296875001 0.47606410156249995 0.875706665625 0.483770946875
1 0.7071212625000001 0.7056315875 0.7048804718749999 0.712219784375 0.7058632109375 0.7192610171875 0.7102053890625 0.725788228125 0.7239811828125 0.7306827703125001 0.7346031484375 0.725272471875 0.7367777281250001 0.7097995328125 0.7307732546875 0.70106638125 0.71865975625 0.6983777796874999 0.7071212625000001 0.7056315875
1 0.6783638734374999 0.79330285625 0.6709305875 0.8040920937499999 0.6699443578125 0.8157874046875 0.67479533125 0.8233722828125 0.6862989749999999 0.8210443749999999 0.6964469953125 0.809650509375 0.6966526078124999 0.79883165 0.6912928390624999 0.7901891062499999 0.6854904875 0.7893736375 0.6783638734374999 0.79330285625
1 0.8389270765625 0.4647956765625 0.8364144640625 0.4733179890625 0.8421819656249999 0.4790593578125 0.8517166406250001 0.481385528125 0.8592509890625 0.47455513437499997 0.861491778125 0.46796693749999996 0.8577943046875 0.461530334375 0.8454089859374999 0.46077585 0.8389270765625 0.4647956765625
1 0.85123920625 0.49413850625 0.853919090625 0.498459778125 0.8637255890625 0.49885183125 0.8687821734375 0.49561785 0.8735355765625 0.480507340625 0.8715003984375 0.4762766765625 0.8598956937500001 0.47464574062500003 0.8506642015624999 0.484196096875 0.85123920625 0.49413850625
1 0.8304204609375001 0.40837520468750005 0.828552553125 0.41698812500000004 0.8317412328125 0.42236706249999995 0.8485035828124999 0.4247228578125 0.8578709874999999 0.41420544374999996 0.8567523375 0.40813126874999994 0.8520024234375001 0.4045052328125 0.8356129578125 0.40417416250000004 0.8304204609375001 0.40837520468750005
1 0.847688115625 0.430525209375 0.851113765625 0.43889593125 0.8624466468750001 0.4424609828125 0.869744021875 0.43263880468749993 0.8695419015624999 0.4247211203125 0.8598051046874999 0.414477265625 0.8497929937500001 0.424904071875 0.847688115625 0.430525209375
1 0.864889559375 0.443790471875 0.8667888265625001 0.4489881953125 0.8782576203125 0.4515861890625 0.884638465625 0.4436075203125 0.8849451390624999 0.4367475015625 0.8816205484375 0.43233562187499996 0.8724587578125 0.4320341765625 0.864889559375 0.443790471875
1 0.7850296515624999 0.5301967078125001 0.7839423625 0.5379331765625001 0.7869951296875 0.5442791734375 0.7979551296875 0.5458195015625 0.80511659375 0.5369643828124999 0.8058310000000001 0.5272031875 0.8014888203125 0.5206759765625 0.7921911171875 0.5213415890624999 0.7850296515624999 0.5301967078125001
1 0.8559786484374999 0.553974175 0.8496988609375 0.5659116859375 0.8550586296875 0.5745542296874999 0.8595715687500001 0.57518848125 0.8658165062500001 0.5681768734375 0.8720265921875001 0.5660911640624999 0.8733857046875 0.556420578125 0.8713505250000001 0.5521899125 0.8638858796875001 0.54916850625 0.8559786484374999 0.553974175
1 0.89189331875 0.5899190234375 0.8956142281249999 0.5978776078125 0.9010775687500001 0.6011847921875 0.9086143468750001 0.6000675625 0.915352534375 0.5943037359375001 0.9187684171875 0.5880739765625 0.9174368203125001 0.5811947515625 0.912125971875 0.576802528125 0.902471878125 0.578348003125 0.8946102734375 0.5817765015624999 0.89189331875 0.5899190234375
1 0.9353855 0.53160465 0.933179559375 0.5332669437499999 0.9318901484375001 0.5330857296875 0.9303289140625 0.53483863125 0.9297852687500001 0.538706865625 0.9301581531249999 0.540731590625 0.9293775359374999 0.5416080421875 0.9281543343750001 0.5503115703125 0.9304264859375 0.55753401875 0.9311722515625 0.5615834671875 0.9309004296875001 0.5635175859375 0.9314092234375 0.5645752515625 0.9385009875 0.5655719343750001 0.9428118046874999 0.5582885015625 0.94403500625 0.5495849734375 0.943289240625 0.545535525 0.9435610625 0.54360140625 0.9430522671875 0.542543740625 0.9433240906249999 0.5406096234375 0.9425783234375 0.5365601734375 0.9398984406249999 0.5322389015625 0.9353855 0.53160465
1 0.8548111859375 0.6277720796875 0.8510091624999999 0.636113178125 0.85619816875 0.6506486812500001 0.862000521875 0.6514641484375 0.874692515625 0.6453586140625001 0.8758146546875001 0.63269624375 0.8736435640625 0.6294326375 0.8590871546875001 0.6254145484375 0.8548111859375 0.6277720796875
1 0.8597005015624999 0.6116945125 0.857560771875 0.62224155 0.8595959499999999 0.626472215625 0.8744241828125 0.6285561875 0.880432146875 0.6185527937499999 0.8799582015625 0.6125692265625 0.8735459953125 0.6067372515625 0.8695418484375 0.607160665625 0.8597005015624999 0.6116945125
2 0.6455989546875001 0.5352549953125 0.6421698140625 0.5456208171875 0.6458324359375001 0.556983321875 0.6512270531250001 0.560699965625 0.66184901875 0.5552896671875 0.6633440421875 0.544652021875 0.6599532421875 0.5313554 0.6524885953124999 0.5283339921875 0.6455989546875001 0.5352549953125
2 0.6167614453125 0.506548153125 0.6121439546875 0.520691603125 0.6191311671874999 0.5364659890625 0.6293105484375 0.5388827671875001 0.6335865171874999 0.5365252359375 0.637831125 0.5203570609375 0.6279932671874999 0.5061543640624999 0.6210374140625 0.5041906218750001 0.6167614453125 0.506548153125
2 0.5946044781250001 0.500475715625 0.595517515625 0.5173687499999999 0.6006403109375 0.5230195109375 0.608648603125 0.5221726828125 0.6146914171875 0.5072433890625 0.61476111875 0.49739158906250003 0.607874965625 0.4855760453125 0.6012919984375 0.4856370296875 0.5946044781250001 0.500475715625
2 0.5772601421875 0.5256506015625 0.5768837687499999 0.5423624203124999 0.58509418125 0.5494332765625 0.598667853125 0.5464101343750001 0.601894871875 0.5281266265625 0.5940921921875 0.5181545937500001 0.5836409890625001 0.5176719328125 0.5772601421875 0.5256506015625
2 0.61579610625 0.5882637421875 0.6185770515625 0.5965438562500001 0.625396990625 0.59947465625 0.6329313390625 0.5926442625 0.63737806875 0.5843937718750001 0.637346709375 0.570583128125 0.627846884375 0.56333105625 0.621737859375 0.56937560625 0.61579610625 0.5882637421875
2 0.6493939984375 0.5643869859375 0.6468465343750001 0.5778352 0.6493905062499999 0.5831235296874999 0.658144565625 0.5863261515625 0.6682577359375 0.5798581875 0.6710073203125 0.5743276578125001 0.6714499046875 0.5665005812499999 0.66968655 0.5603358 0.6626296359375 0.5544132171875 0.6493939984375 0.5643869859375
2 0.5792047296875 0.46971278906249997 0.57587665 0.48403745468750003 0.5804209499999999 0.4984823515625 0.5890390984375 0.50265203125 0.5950122109375 0.4975745390625 0.5971170890625 0.491953403125 0.597594525 0.479200425 0.5954582859374999 0.47101091874999995 0.5866031671874999 0.4638494546875 0.5792047296875 0.46971278906249997
2 0.5900671578125001 0.44855773125000004 0.5883003109375 0.46112949375 0.5970195203124999 0.469258015625 0.6037384 0.46822997343750006 0.6111716875 0.45744073749999997 0.6124297375000001 0.4438113078125 0.6042193250000001 0.4367404515625 0.5995704734375 0.43707325781249995 0.5900671578125001 0.44855773125000004
2 0.655820165625 0.4952727828125 0.6524572359375 0.5145233484375 0.6555100031250001 0.5208693453125 0.6618211484375001 0.5227424796875 0.66959246875 0.51890386875 0.6767887828125 0.5051228484375 0.6766215125 0.49227926406250005 0.6694635375 0.48239783750000004 0.65921445625 0.48983286093749995 0.655820165625 0.4952727828125
2 0.6804548968749999 0.497748809375 0.672579025 0.516365121875 0.672544175 0.5212910234375 0.680482765625 0.530295996875 0.68384220625 0.5297819765625 0.6939902265625 0.5183881109375 0.6964366296875 0.5009810546875 0.6932479500000001 0.4956021171875 0.68551148125 0.4945148265625 0.6804548968749999 0.497748809375
2 0.6842150890625 0.5318067015625 0.6829570375 0.5454361296875 0.6946279515625 0.5559518078125001 0.7033506515625 0.5453437859375 0.7074593484375 0.5301426703125001 0.7038977859375 0.5227390062499999 0.6943631109374999 0.5204128359375 0.6842150890625 0.5318067015625
2 0.5939109609375001 0.5802571875 0.5925169968749999 0.594853675 0.5998108828125 0.603768040625 0.606937496875 0.5998388218749999 0.6140989609374999 0.590983703125 0.6165453640624999 0.573576646875 0.61128665625 0.5688929453125 0.603142453125 0.57070683125 0.5939109609375001 0.5802571875
2 0.584142803125 0.5562026875 0.5833273343750001 0.562005040625 0.586209340625 0.574243996875 0.5966605453125 0.5747266578125 0.6062649203125 0.5672010265625 0.6076240328125 0.557530440625 0.6035536765625 0.5490691109375 0.596597825 0.5471053703125001 0.584142803125 0.5562026875
2 0.6083596531250001 0.47707049062499995 0.6111948515625001 0.48590949375000003 0.619141271875 0.4887727796875 0.6272488609375 0.48496466250000003 0.6338339375 0.4754112015625 0.6352754984375 0.463773965625 0.626430646875 0.45486942812500003 0.6168700359375 0.4593470734375 0.6108659390625 0.4675266140625 0.6083596531250001 0.47707049062499995
2 0.6308942359375 0.5087621906249999 0.639220884375 0.5172092968750001 0.6490719140625 0.514809875 0.6530511296875 0.5072194921875 0.6546855109374999 0.49697025625 0.65233119375 0.49092655625 0.6416592828125001 0.48466060625 0.6344042062499999 0.486552115625 0.6296026640625 0.49722898750000005 0.6308942359375 0.5087621906249999
2 0.6462227703125001 0.46532532499999996 0.644727746875 0.4759629703125 0.6475086906249999 0.48424308437499997 0.6572803390625 0.48956103906250004 0.6697353609375 0.4804637203125 0.6720458515625001 0.46402372343750004 0.66576955625 0.4572246890625 0.6545377359375 0.4576184796875 0.6462227703125001 0.46532532499999996
2 0.518417665625 0.5420348234375 0.5195014640625 0.5530348984375 0.52384364375 0.5595621109375 0.5347025796875 0.5571435953125 0.5426446609375 0.5474120250000001 0.5428502734375 0.536593165625 0.5399334171875 0.5292801093749999 0.5258509515625 0.5312455875000001 0.518417665625 0.5420348234375
2 0.5629498421875 0.6152783125 0.563941746875 0.6206591546875 0.5713227078124999 0.62536598125 0.57957064375 0.623903940625 0.5868621859375 0.61680373125 0.5882800406250001 0.6054708453125001 0.587989003125 0.6038086953125 0.582442890625 0.5960008796875 0.5737979328125 0.595310546875 0.5656759515625 0.6033423359375 0.5629498421875 0.6152783125
2 0.6233618671875 0.41280444687499995 0.6209189546875 0.411474959375 0.620410159375 0.41041729218749995 0.6152525140625 0.40969243281249995 0.6124018671875 0.41126412031250004 0.61111245625 0.4110829046875 0.6070734609375 0.4164322203125 0.6060210203125 0.4192427875 0.6044597875 0.42099569062500003 0.604187965625 0.4229298078125 0.603407346875 0.42380625937499994 0.6023200578125001 0.431542728125 0.603337646875 0.4336580609375 0.603201734375 0.43462511875 0.605644646875 0.43595460781249995 0.6061534421875 0.43701227343750004 0.607442853125 0.4371934890625 0.6091051484375 0.43939942812500005 0.610394559375 0.43958064375 0.6120568546875 0.44178658281249994 0.6165697953125 0.44242083593750003 0.62162638125 0.439186853125 0.623323525 0.4364668921875 0.6235953484375 0.434532775 0.6252924921874999 0.43181281406250005 0.6259720484375 0.42697752031249997 0.6267526671875 0.4261010703125 0.626787515625 0.42117516874999994 0.62604175 0.41712571875000004 0.6253970437499999 0.41703511249999997 0.6233618671875 0.41280444687499995
2 0.563860721875 0.5040442406250001 0.5644357265625 0.51398665 0.576514375 0.5216011515625001 0.5859828390625 0.5150425796875 0.5865613359374999 0.50624844375 0.5737369203125 0.49458449218749995 0.5681715406250001 0.496760809375 0.563860721875 0.5040442406250001
2 0.6916274875 0.45099718749999995 0.691623996875 0.46973373125 0.6943038796875001 0.474055003125 0.704110378125 0.4744470578125 0.70764058125 0.4680400765625 0.7076754296875001 0.46311417656250004 0.699126984375 0.44909269375000005 0.6953946609375 0.447581990625 0.6916274875 0.45099718749999995
2 0.6021143390625 0.8072406765625001 0.59444408125 0.8150381296875 0.5927120859375 0.8226839921875 0.5984098859375 0.8382771609375 0.609335034375 0.8447433890625 0.6172422640625 0.8399377203125 0.6200615515625 0.8245553890625 0.6166359 0.8161846671875 0.6097148984375 0.809295025 0.6021143390625 0.8072406765625001
2 0.573925028125 0.7598878984375 0.5727680375 0.7774761703124999 0.577246128125 0.7830363234375 0.5899032703125 0.7818566890625 0.5979812640625 0.7711580609375 0.59883158125 0.7604298078125 0.5934718140624999 0.7517872640625 0.58095058125 0.7519998390625 0.573925028125 0.7598878984375
2 0.4880432484375 0.7488041625 0.48739505312500003 0.7674500984375 0.4943160546875 0.774339740625 0.502969053125 0.7735835203125 0.5083323109375 0.7634895203125 0.5099980953125 0.7469589156249999 0.5003972109375 0.7357480015625 0.4943230359375 0.7368666515625 0.4880432484375 0.7488041625
2 0.5180830703125 0.6987871984375 0.5165531953125 0.7143507437500001 0.5226587296874999 0.7270427374999999 0.5298864046875 0.7270723609374999 0.5376925734375 0.71830785 0.5397312421875 0.70380196875 0.535559825 0.6913817984375 0.5247357390625 0.6888744124999999 0.5180830703125 0.6987871984375
2 0.5112038984375 0.649498565625 0.5039065234375 0.65932074375 0.5039378828125 0.6731313875 0.5145563578125001 0.686457634375 0.5220558546875 0.6845531406250001 0.52687546875 0.6783273750000001 0.5281335203124999 0.6646979453124999 0.5225367796875 0.65306361875 0.51649745625 0.6492563671875 0.5112038984375 0.649498565625
2 0.466482228125 0.640254865625 0.465597059375 0.65590901875 0.4704480328125 0.663493896875 0.47896511875 0.6637047359375 0.489621934375 0.6533685375 0.49023528125000004 0.6396485015625 0.4846036890625 0.6329400734374999 0.47194654687500004 0.6341197078125 0.466482228125 0.640254865625
2 0.6652153875 0.6997421015625 0.6605978953125 0.7138855515625 0.6623264015625 0.7249762343749999 0.6729797265624999 0.7333765796875 0.6797334578124999 0.7274226359375 0.68360518125 0.7092297375000001 0.681841825 0.7030649546875 0.6762102359375 0.696356528125 0.6710525890625 0.69563166875 0.6652153875 0.6997421015625
2 0.47906618125 0.667663578125 0.47641765625000004 0.67715295 0.4840495734375 0.6930179421875 0.4897160140625 0.69480046875 0.49650459687500004 0.6839206250000001 0.4963024734375 0.6760029390625 0.49223211874999995 0.6675416109375 0.48632870468749995 0.6627673015625 0.47906618125 0.667663578125
2 0.6537744640625001 0.729691296875 0.6470207343750001 0.7356452390625 0.6438285640625 0.7490028453125 0.6512235109375 0.7618760546875001 0.65767056875 0.7627821296875 0.6715509125 0.7528989671875 0.673791703125 0.746310771875 0.6728089640625 0.7392695390624999 0.6705368140625 0.732047090625 0.6664316078125 0.7285116625 0.6537744640625001 0.729691296875
2 0.5116220499999999 0.7728273015625 0.50971929375 0.786366121875 0.5139917703125 0.8027451359375 0.5186057734375 0.8073382296875 0.52260991875 0.806914815625 0.5302801765625 0.7991173625 0.5332353734375 0.7827679734374999 0.527673484375 0.7662077453125 0.5194282203125 0.7640627890625 0.5116220499999999 0.7728273015625
2 0.6071535265625 0.7152498734375 0.600263884375 0.722170875 0.598904771875 0.7318414609375 0.60501030625 0.7445334546875 0.6140013375 0.7507278609375 0.6236057140625 0.7432022296875 0.6256443828125 0.72869635 0.6238810265625 0.72253156875 0.6181135249999999 0.7167901999999999 0.6071535265625 0.7152498734375
3 0.326769234375 0.703456903125 0.3181475984375 0.7180237671875 0.31946836875 0.7320156250000001 0.329950934375 0.74630893125 0.337042696875 0.7473056125 0.3428798984375 0.7431951796875 0.3465460125 0.7358211406249999 0.3468875359375 0.724035221875 0.342987940625 0.7096809328125 0.33850985 0.7041207796875 0.326769234375 0.703456903125
3 0.37906359375 0.6822077640625 0.3690166328125 0.6975604718749999 0.3660265859375 0.7188357609375 0.37474579375 0.7269642843749999 0.384179409375 0.7253316140625 0.39191936875 0.707682359375 0.39395803749999997 0.6931764796875 0.3923305921875 0.6860446390625 0.388870090625 0.6825998171875 0.37906359375 0.6822077640625
3 0.29669107499999997 0.7771363124999999 0.300081875 0.7904329359375 0.3096165515625 0.79275910625 0.317795603125 0.78601931875 0.32159762812500003 0.777678221875 0.32302644062499997 0.7581558328125 0.313017821875 0.7498460953125 0.3031764734375 0.7543799421874999 0.29669107499999997 0.7771363124999999
3 0.332087171875 0.7544984375 0.326486940625 0.7616006546875 0.325601775 0.7772548078125 0.329299246875 0.7836914125 0.3354744828125 0.7865316046874999 0.34232927343749997 0.784536503125 0.3494907390625 0.775681384375 0.35152940625 0.7611755046875001 0.3499019625 0.7540436640625 0.3450161390625 0.7513846859375 0.332087171875 0.7544984375
3 0.3394856609375 0.5661955578125 0.33476710781249996 0.576380165625 0.334289675 0.5891331421875 0.3441623828125 0.5984099390625001 0.3529512921875 0.5966866609375 0.3612000453125 0.580095071875 0.3626950703125 0.5694574265625 0.3564536234375 0.5577324921875 0.3465112140625 0.558307496875 0.3394856609375 0.5661955578125
3 0.3460756109375 0.5286614843749999 0.3433922359375 0.54307675625 0.34410315156250004 0.5520521078125 0.34613833125000004 0.5562827718750001 0.3608306515625 0.559333803125 0.3646013171875 0.5371820609375 0.3601929265625 0.52177010625 0.354153603125 0.5179628562499999 0.3460756109375 0.5286614843749999
3 0.3285012828125 0.5133714968749999 0.3330107328125 0.5327422937499999 0.335962440625 0.5351294484375 0.34308905312500004 0.5312002312499999 0.346891078125 0.5228591328125 0.34842095156249997 0.5072955859375 0.3420784453125 0.491611809375 0.332237096875 0.49614565624999996 0.3285012828125 0.5133714968749999
3 0.3828378 0.4588799328125 0.38208854531249997 0.473567028125 0.38819407968749997 0.48625902187500003 0.39514993125000003 0.48822276249999996 0.40451733437500004 0.4777053484375 0.4042490015625 0.460902921875 0.3964463234375 0.4509308890625 0.38857394218749997 0.4508106578125 0.3828378 0.4588799328125
3 0.36301919374999997 0.46891468593749996 0.356941528125 0.48876988125 0.3607400625 0.49916532656249996 0.3656258859375 0.5018243046875 0.3726165890625 0.4988621453125 0.375637996875 0.49139749843749997 0.37730378125 0.47486689374999996 0.37503163125 0.4676444453125 0.370926425 0.4641090171875 0.36301919374999997 0.46891468593749996
3 0.344221665625 0.4623282265625 0.340214028125 0.481488184375 0.34530197500000004 0.49206484687499996 0.3550074109375 0.4884980578125 0.36067734218749997 0.4715440390625 0.36061113125 0.46265929687499996 0.3567777484375 0.4571897515625 0.3504666015625 0.45531661718749994 0.344221665625 0.4623282265625
3 0.3912433546875 0.5113415640625 0.386998746875 0.5275097375 0.389201196875 0.5445839875 0.39500354843749996 0.5453994546875001 0.40291077968750005 0.5405937859375001 0.405796275 0.534096196875 0.40668144375 0.51844204375 0.40339170468749996 0.5091042640625 0.3957911453125 0.507049915625 0.3912433546875 0.5113415640625
3 0.40824267656249996 0.5166891421875001 0.4107518 0.5269033734375 0.42225544375 0.524575465625 0.426803234375 0.5202838171875 0.4308770796875 0.5100086015625 0.430674959375 0.5020909171875 0.42402577968750005 0.49326715937500004 0.41418443125 0.49780100625 0.40824267656249996 0.5166891421875001
3 0.4325742265625 0.507288640625 0.42873735156250004 0.520555640625 0.43409711875 0.529198184375 0.44828064687499997 0.5311915484374999 0.4543896703125 0.5251469984375 0.45656425 0.509674059375 0.45286677812500004 0.5032374546875 0.43725792812500003 0.502029934375 0.4325742265625 0.507288640625
3 0.403921440625 0.3977426625 0.401917621875 0.4073226421875 0.4073784515625 0.41992402812499996 0.418610271875 0.41953023749999996 0.42655235312500006 0.40979866718749997 0.4278104046875 0.3961692390625 0.42295943124999996 0.38858436093750004 0.41702116875 0.3887359515625 0.403921440625 0.3977426625
3 0.3426709015625 0.4078714953125 0.337579465625 0.416031378125 0.33479503125 0.426487809375 0.33855871406250004 0.44180915625 0.34615927343749997 0.4438635046875 0.351079946875 0.44159658124999995 0.3586491453125 0.4298402859375 0.36095963593749997 0.41340028906250004 0.358823396875 0.4052107828125 0.3477274875 0.4046375140625 0.3426709015625 0.4078714953125
3 0.3151053546875 0.4730285921875 0.3141539765625 0.479798003125 0.3174437140625 0.4891357828125 0.326333684375 0.491371346875 0.33464864843750003 0.48366450156249996 0.337398234375 0.478133971875 0.339708725 0.46169397500000003 0.3314983125 0.45462311718750004 0.32556004843749997 0.454774709375 0.3151053546875 0.4730285921875
3 0.42859795 0.5402592421875 0.4260853375 0.54878155625 0.4294761375 0.5620781781249999 0.4400284015625 0.56651968125 0.44481316406250004 0.5652198171875 0.4524834234375 0.5574223640625 0.45693015312499996 0.5491718734375 0.4551667984375 0.543007090625 0.44746517812500003 0.5369938999999999 0.43521576875 0.5352723578125 0.42859795 0.5402592421875
3 0.3077347875 0.5114391171875 0.30569612031250004 0.5259449968750001 0.30681476875 0.5320191703125 0.312990003125 0.5348593625 0.3232042359375 0.532350240625 0.327211871875 0.5131902828125 0.3194091921875 0.50321825 0.31204560625 0.5041556843749999 0.3077347875 0.5114391171875
3 0.2624415484375 0.6559560062500001 0.2607095546875 0.66360186875 0.262065175 0.6726678265625 0.2670520609375 0.6792856453125 0.279165559375 0.6819742468750001 0.2881252296875 0.674358009375 0.2900279875 0.6608191875 0.2804271015625 0.6496082734375 0.27140122031249997 0.64833976875 0.2624415484375 0.6559560062500001
3 0.229415171875 0.7085117171875 0.2283278828125 0.7162481859375001 0.23572282968749997 0.7291213953125 0.2488539171875 0.733925328125 0.2576776765625 0.7272761484375 0.26049696093749997 0.7118938171875 0.25269428125000004 0.7019217859375 0.236339665625 0.6966648140625 0.229415171875 0.7085117171875
3 0.36730901718750003 0.756490065625 0.3647615546875 0.7699382796875 0.36781432187499996 0.7762842765625 0.3721913515625 0.7778855874999999 0.38152390468749997 0.772294075 0.389601896875 0.7615954453125 0.39123283125 0.749990740625 0.38739944843749996 0.7445211953124999 0.37681233281250004 0.7450055921875001 0.36730901718750003 0.756490065625
3 0.358345909375 0.6004033046874999 0.37897649375000003 0.60330274375 0.37809830624999996 0.5814838078125 0.3758261578125 0.5742613609375 0.3661555703125 0.5729022484375 0.358345909375 0.6004033046874999
3 0.3163076671875 0.3943047875 0.3143038484375 0.403884765625 0.320273471875 0.41754381875 0.32451458906249997 0.42011218906250003 0.3356453484375 0.41575955625 0.3416533125 0.4057561640625 0.3419599859375 0.3988961453125 0.33415730625 0.3889241125 0.32435080781250003 0.388532059375 0.3163076671875 0.3943047875
3 0.4085459125 0.34612612343750004 0.40430130468750003 0.3622942984375 0.41855104218749994 0.37317240625000003 0.42530477187500004 0.3672184625 0.42697055781250004 0.3506878578125 0.42330793437500003 0.339325353125 0.415062671875 0.337180396875 0.4085459125 0.34612612343750004
3 0.4353517328125 0.35186575468750003 0.4302951484375 0.3550997375 0.42611675 0.3801526546875 0.4303230171875 0.3876469265625 0.44270833906249996 0.388401409375 0.4450188296875 0.37196141250000003 0.44417200156250003 0.3639531203125 0.43908405625 0.353376459375 0.4353517328125 0.35186575468750003
3 0.393881409375 0.558061825 0.40090347031249995 0.568910309375 0.41549473125 0.5680024984375 0.42055131718750005 0.564768515625 0.422520284375 0.5601144375 0.42180936874999997 0.5511390875 0.4013146953125 0.5472725890625 0.39534158124999996 0.55235008125 0.393881409375 0.558061825
3 0.394090459375 0.710945965625 0.3917799671875 0.7273859625 0.395341528125 0.734789625 0.406200465625 0.7323711109375 0.4095947578125 0.7269311875 0.4109887203125 0.7123347015625 0.4081067140625 0.70009574375 0.39816430468749997 0.70067075 0.394090459375 0.710945965625
3 0.3750873703125 0.532738821875 0.37006214531250003 0.549783446875 0.3689400046875 0.5624458171875 0.37185686093750003 0.5697588734375 0.3768785953125 0.5714507921875 0.38458370468749997 0.5587274375 0.3879117859375 0.5444027734375 0.3872008703125 0.5354274218749999 0.3839111296875 0.5260896421875 0.379262278125 0.5264224484375 0.3750873703125 0.532738821875
3 0.2873864953125 0.45039592656250005 0.28680800156249997 0.45919006093750003 0.2949835640625 0.47118681875 0.3004130328125 0.4699775609375 0.30574144062499997 0.4648094625 0.3063547859375 0.45108942656249995 0.302793225 0.4436857625 0.2931226375 0.44232665000000004 0.2873864953125 0.45039592656250005
3 0.3599525171875 0.35507532343750003 0.354993503125 0.3810046921875 0.35570441875 0.38998004218750004 0.35902900937500004 0.394391921875 0.36547606718750003 0.395297996875 0.370839325 0.385203996875 0.3749166625 0.3561922375 0.3726445109375 0.3489697890625 0.3682674828125 0.347368478125 0.3599525171875 0.35507532343750003
3 0.46791109375 0.4382929328125 0.466280159375 0.4498976375 0.4673639578125 0.4608977125 0.47133325312499996 0.46540020000000004 0.478560928125 0.4654298234375 0.4811746015625 0.460866353125 0.48321327031249994 0.446360471875 0.47880488125 0.4309485171875 0.471849028125 0.4289847765625 0.46791109375 0.4382929328125
3 0.4601606625 0.5121518218750001 0.45435482031249996 0.5300728984374999 0.45649105937499995 0.5382624046875 0.4622934109375 0.5390778734375 0.4702354921875 0.529346303125 0.474852984375 0.515202853125 0.47533041875000004 0.502449875 0.47302341875 0.500153328125 0.46667742187499994 0.5032060953124999 0.4601606625 0.5121518218750001
0 0.29188891250000004 0.68967935625 0.2905298 0.6993499421875 0.296771246875 0.711074878125 0.3085118609375 0.7117387546875 0.317879265625 0.701221340625 0.319917934375 0.686715459375 0.31493105 0.680097640625 0.3024098171875 0.6803102156249999 0.29188891250000004 0.68967935625
0 0.199580965625 0.747709821875 0.1937437625 0.7518202546875 0.18963506562500002 0.7670213703125001 0.19163539375 0.7761779359375 0.2033411578125 0.7817677125 0.21019595 0.7797726125 0.2148796515625 0.7745139046875 0.21701938125 0.7639668671875001 0.21501905312499997 0.7548103015625001 0.2104050515625 0.7502172078125 0.199580965625 0.747709821875
0 0.23074990624999997 0.6475573984375 0.22640423593749998 0.65976673125 0.22803168125 0.666898571875 0.23379918281249998 0.6726399390625 0.2413997421875 0.6746942875 0.25114002812499997 0.6662015984375 0.2526350515625 0.6555639531249999 0.24690240000000002 0.644896684375 0.2393018421875 0.6428423359375001 0.23074990624999997 0.6475573984375
0 0.19895720156250002 0.635199946875 0.1960020046875 0.6515493359375 0.199699478125 0.6579859406249999 0.20964188749999998 0.6574109359375 0.2213511421875 0.64426416875 0.2244073984375 0.6318736203124999 0.21982824843749998 0.622354625 0.2105305453125 0.6230202375 0.19895720156250002 0.635199946875
0 0.20705608281250001 0.6945215953125 0.20878458906250003 0.705612278125 0.2158415015625 0.7115348609375001 0.227752878125 0.7063057781250001 0.232980225 0.6971788359375 0.232812953125 0.68433525 0.22304130625 0.679017296875 0.21255525312499998 0.6834605359375 0.20705608281250001 0.6945215953125
0 0.12959038125 0.49725030937500003 0.12551653437500002 0.5075255249999999 0.124938040625 0.5163196609375 0.129482340625 0.5307645562500001 0.13993354375 0.53124721875 0.1446172453125 0.5259885109375 0.1477432046875 0.5037461624999999 0.14431755468750002 0.495375440625 0.1389229359375 0.491658796875 0.12959038125 0.49725030937500003
0 0.1661818109375 0.43336171874999996 0.16468678750000001 0.44399936406249996 0.1753052625 0.45732560937500005 0.1786647015625 0.4568115890625 0.18918560625 0.4474424484375 0.19173306875 0.43399423437499995 0.18406630156249998 0.4230551421875 0.1731063015625 0.421514815625 0.1661818109375 0.43336171874999996
0 0.1413449578125 0.4229680078125 0.1403935796875 0.42973741875 0.14259602968750001 0.44681166875 0.15172297031249998 0.45203901562500004 0.1621079640625 0.4436369328125 0.16672545625 0.429493484375 0.1670669796875 0.4177075640625 0.15614183125 0.4112413359375 0.14616457031250002 0.4167422421875 0.1413449578125 0.4229680078125
0 0.1588495859375 0.448109796875 0.153385265625 0.4542449546875 0.149956125 0.46461077812499996 0.149952634375 0.483347321875 0.15700954843749998 0.48926990625 0.1664431625 0.487637234375 0.1711617140625 0.4774526265625 0.1730993234375 0.45898790468749995 0.17082717187500002 0.45176545625 0.1662131703125 0.44717236250000003 0.1588495859375 0.448109796875
0 0.13890902656249998 0.3841654296875 0.1363615640625 0.39761364375 0.138971746875 0.4117867171875 0.14942295156250002 0.4122693796875 0.15838262187500002 0.40465314062499996 0.1626934390625 0.397369709375 0.164087403125 0.382773221875 0.1597452234375 0.376246009375 0.15071934375 0.3749775046875 0.13890902656249998 0.3841654296875
0 0.15578634687499998 0.49797343437499997 0.14944035 0.5010262015625 0.146924246875 0.5282850578125 0.152827659375 0.5330593671875 0.1613447453125 0.53327020625 0.1693216765625 0.5186127359375 0.170036084375 0.508851540625 0.168272728125 0.502686759375 0.162878109375 0.498970115625 0.15578634687499998 0.49797343437499997
0 0.1483809296875 0.5413098578125 0.143627528125 0.5564203671875 0.143251153125 0.5731321859375 0.1592677375 0.57143853125 0.1637144671875 0.5631880406249999 0.1662967796875 0.5448139265624999 0.1641605421875 0.5366244203125 0.15435404375 0.536232365625 0.1483809296875 0.5413098578125
0 0.12411908281249999 0.5408585578125 0.1189927953125 0.553944340625 0.12146706874999999 0.5690844734375 0.1308658328125 0.572377703125 0.1364312109375 0.5702013874999999 0.144171171875 0.5525521328125 0.1454292234375 0.538922703125 0.1433940453125 0.5346920390625 0.1375916921875 0.533876571875 0.12411908281249999 0.5408585578125
0 0.07042107812500001 0.4248480296875 0.0682873953125 0.43791555625 0.0784115265625 0.4420118890625 0.0887986796875 0.4336692796875 0.09455275625000001 0.42021907968749994 0.0920635359375 0.40991001406249994 0.082725878125 0.40919925 0.074041996875 0.41599924687499995 0.07042107812500001 0.4248480296875
0 0.1979501359375 0.3944354375 0.18817499843750002 0.40785402656249997 0.187833475 0.41963994531250004 0.19193868281249998 0.4231753734375 0.201881090625 0.42260036875000007 0.2126738171875 0.4112971109375 0.2146776359375 0.40171713281250004 0.212032603125 0.392469959375 0.20365142656250002 0.3912920625 0.1979501359375 0.3944354375
0 0.1820137234375 0.33006765625 0.1785497328125 0.34535937968749997 0.1832647953125 0.3539113171875 0.1955142046875 0.355632859375 0.206069959375 0.3413378171875 0.20770089375 0.3297331140625 0.20040700937499997 0.320818746875 0.1915170390625 0.318583184375 0.1820137234375 0.33006765625
0 0.12174925625 0.8758198109374999 0.12042150468749999 0.8993010421875001 0.126969621875 0.9041659578125 0.136675059375 0.9005991703125 0.1472308140625 0.886304128125 0.149778278125 0.872855915625 0.1426551546875 0.8580485890625 0.13400215625 0.858804809375 0.12174925625 0.8758198109374999
0 0.1386579875 0.8209989140625 0.1359746140625 0.8354141859374999 0.138755559375 0.8436942999999999 0.1513430015625 0.85236646875 0.160302671875 0.8447502296874999 0.1619684578125 0.828219625 0.158305834375 0.8168571203124999 0.15033239375000002 0.812778046875 0.1386579875 0.8209989140625
0 0.1056385921875 0.836081534375 0.1047534234375 0.8517356890625001 0.1110297203125 0.8585347234375 0.11825739531249999 0.8585643468749999 0.122669275 0.8552397562499999 0.1332250296875 0.840944715625 0.13451793125 0.8223893859375 0.1225403453125 0.8187337265625001 0.1124271734375 0.825201690625 0.1056385921875 0.836081534375
0 0.0360033875 0.8637690156250001 0.0334559265625 0.8772172296875 0.0401051046875 0.8860409875 0.047841575 0.8871282781250001 0.0554769828125 0.884256725 0.060160684374999995 0.8789980187499999 0.0623004140625 0.86845098125 0.05656776249999999 0.8577837125000001 0.046116559375 0.8573010515625 0.0360033875 0.8637690156250001
0 0.126784953125 0.8025655515624999 0.1252899296875 0.8132031968750001 0.1357062828125 0.818611759375 0.14917889374999999 0.8116297734375 0.1542703296875 0.803469890625 0.154475940625 0.7926510296875 0.14999785000000002 0.7870908765625 0.1384942078125 0.789418784375 0.126784953125 0.8025655515624999
0 0.082788159375 0.7273510234375 0.08054736875 0.7339392203124999 0.0810213125 0.7399227859375 0.08726275781250001 0.7516477218750001 0.0953721109375 0.7547597359375 0.1041958703125 0.74811055625 0.105453921875 0.734481128125 0.099585359375 0.7247809171874999 0.088252478125 0.721215865625 0.082788159375 0.7273510234375
0 0.032180528125 0.6196502921875 0.0284795640625 0.63195023125 0.0325499203125 0.6404115609375001 0.040387451562499996 0.64545769375 0.045579946875 0.6412566515625 0.0502985 0.6310720437499999 0.0517935234375 0.6204343984375 0.049657284375 0.6122448921875 0.041276109374999995 0.6110669953125 0.032180528125 0.6196502921875
0 0.117870603125 0.7490462546875001 0.11729210781249999 0.757840390625 0.1245859921875 0.7667547578125 0.13364672500000002 0.7630973609375 0.1410800109375 0.752308125 0.138434978125 0.7430609515625 0.1324305046875 0.7343278 0.1257116234375 0.7353558421875 0.117870603125 0.7490462546875001
0 0.2374792578125 0.590319721875 0.2342870875 0.6036773281250001 0.241037328125 0.6164599296875 0.25416841562500003 0.6212638625 0.2624833796875 0.6135570171875 0.2637414328125 0.5999275890625 0.257364075 0.5891697125 0.24681181093750001 0.5847282093749999 0.2374792578125 0.590319721875
0 0.11033287031250001 0.40973410625 0.10307034531249999 0.41463038281250003 0.0977070875 0.42472438281249997 0.09912891874999999 0.44267508437499997 0.102453509375 0.4470869640625 0.114465946875 0.445816721875 0.12291682343749999 0.43714281875000005 0.1257361078125 0.4217604875 0.12373578125 0.412603921875 0.1183411625 0.40888727812500003 0.11033287031250001 0.40973410625
0 0.13362245 0.346934540625 0.1263912859375 0.3656414609375 0.136466115625 0.3828359421875 0.1489211375 0.37373862343750003 0.15041616093750002 0.363100978125 0.1448194203125 0.3514666515625 0.136981890625 0.34642051875 0.13362245 0.346934540625
0 0.1762880015625 0.46436684218749996 0.1731306828125 0.4727985484375 0.17292507031249998 0.48361740781250007 0.1797450109375 0.48654820781249997 0.19114759375 0.48026145937500003 0.1976643515625 0.47131573125 0.199431196875 0.45874396875 0.19407143124999998 0.450101425 0.18735255 0.4511294671875 0.1762880015625 0.46436684218749996
0 0.43522983593750003 0.0954470921875 0.43152887343749996 0.10774703125 0.43777031875 0.1194719671875 0.4494760828125 0.12506174375 0.45792695937500005 0.11638783906250001 0.4594219828125 0.10575019375000001 0.4538252421875 0.09411586718750001 0.443272978125 0.0896743640625 0.43522983593750003 0.0954470921875
0 0.38826737499999997 0.0927915875 0.38507520624999997 0.10614919375000001 0.38761917968750004 0.111437525 0.39430320937499996 0.1153353828125 0.4021755890625 0.1154556140625 0.410490553125 0.10774876874999999 0.4114767828125 0.09605345625 0.406117015625 0.08741091250000001 0.39502110625000003 0.08683764375 0.38826737499999997 0.0927915875
0 0.2338863875 0.3866658703125 0.23140862499999998 0.3902622828125 0.229742840625 0.4067928875 0.23503290781250002 0.425287234375 0.24249755468749998 0.42830864062499996 0.2521019296875 0.420783009375 0.2547504546875 0.41129363906250005 0.2533948328125 0.40222768125 0.2501050921875 0.3928899 0.24111406249999998 0.3866954953125 0.2338863875 0.3866658703125
0 0.15215513593750002 0.317982028125 0.14859008437500001 0.32931490937499996 0.1526604421875 0.3377762390625 0.15948038125 0.3407070375 0.17607546093749998 0.3302192484375 0.177570484375 0.319581603125 0.1709213046875 0.31075784375 0.160334190625 0.311242240625 0.15215513593750002 0.317982028125
2 0.625365578125 0.76810355625 0.6256339109375 0.784905984375 0.6334714421875 0.789952115625 0.6405980546875 0.786022896875 0.646334196875 0.777953621875 0.6494253046875 0.7606371734375 0.6427761265624999 0.7518134140625 0.6333425109374999 0.7534460859375 0.625365578125 0.76810355625
2 0.45668963749999997 0.747356178125 0.4531245859375 0.758689059375 0.4598748265625 0.7714716609375001 0.47110664687500003 0.771077871875 0.480202228125 0.7624945750000001 0.48302151406249993 0.74711224375 0.476372334375 0.738288484375 0.46707463281250006 0.738954096875 0.45668963749999997 0.747356178125
2 0.4658967515625 0.686522090625 0.4628404953125 0.6989126375 0.4661964453125 0.7171351609375 0.474950503125 0.7203377828125 0.48326546718749996 0.7126309375 0.48452351875 0.699001509375 0.47947042343749996 0.683498946875 0.4721416875 0.67951048125 0.4658967515625 0.686522090625
2 0.497013390625 0.6849782906249999 0.4918522546875 0.702989975 0.49188361406250003 0.71680061875 0.49493638124999995 0.7231466156249999 0.501892234375 0.72511035625 0.51058008125 0.7194282359375 0.5144866578125 0.6963094359374999 0.510315240625 0.6838892640625 0.5050565328125 0.6792055625 0.497013390625 0.6849782906249999
2 0.624926590625 0.392315 0.62312489375 0.4098126640625 0.630011046875 0.42162820625 0.635949309375 0.42147661562499994 0.63988724375 0.41216845781250006 0.6402287671875 0.4003825390625 0.6365661453125 0.389020034375 0.631035615625 0.38627045 0.624926590625 0.392315
1 0.89391871875 0.53662463125 0.9044361328124999 0.545992034375 0.9123433625 0.541186365625 0.9142112703124999 0.53257344375 0.901658678125 0.518975375 0.8935144749999999 0.5207892625 0.89391871875 0.53662463125
1 0.8218998843750001 0.426900909375 0.818707715625 0.44025851562499996 0.8215235109375 0.4436127296875 0.830176509375 0.442856509375 0.835435215625 0.44754021093749996 0.8455483859375 0.441072246875 0.8453114140625001 0.43808046406249995 0.8416487921875 0.4267179578125 0.8263117640625 0.4235763203125 0.8218998843750001 0.426900909375
1 0.7945085890625 0.467428503125 0.79128156875 0.485712009375 0.7947420703125 0.48915682968749996 0.8058728296875 0.48480419843749994 0.8125254999999999 0.4748914125 0.81323990625 0.46513021875 0.8055382874999999 0.459117028125 0.7977321171875 0.4678815390625 0.7945085890625 0.467428503125
3 0.3691386890625 0.4066605015625 0.371240078125 0.41977590937500003 0.379858225 0.423945590625 0.3842701046875 0.42062099999999997 0.38807561874999996 0.3935433578125 0.37996626718750004 0.39043134375 0.3708706859375 0.399014640625 0.3691386890625 0.4066605015625
3 0.3936444890625 0.372630496875 0.39177658125 0.3812434171875 0.393641 0.3913670421875 0.402123234375 0.39650378124999996 0.4178017859375 0.38785950156250004 0.41824436875000004 0.3800324234375 0.4128846015625 0.37138987968750004 0.40053413125 0.3657094953125 0.3936444890625 0.372630496875
3 0.417477609375 0.6708417859375 0.417780790625 0.6827183125 0.42466694218749995 0.6945338546875 0.43681529062499996 0.6922965546875 0.4408542875 0.686947240625 0.4422134 0.6772766546875 0.4338357140625 0.6573622125 0.42518271875 0.6581184328125 0.417477609375 0.6708417859375
3 0.383531265625 0.5615380062499999 0.379150746875 0.5786732390625 0.38209896250000003 0.5997969390625 0.387901315625 0.60061240625 0.3943832234375 0.59659258125 0.39733841875000003 0.580243190625 0.39398246875 0.5620206671875 0.3879431453125 0.5582134171875001 0.383531265625 0.5615380062499999
3 0.442969690625 0.44267692500000005 0.44418940156250003 0.45270994218749994 0.45406210937499997 0.4619867390625 0.46179857812499997 0.463074028125 0.464276340625 0.4594776171875 0.4648548359375 0.45068348125 0.46129327499999995 0.44327981875000005 0.45165753750000004 0.43699480468749996 0.442969690625 0.44267692500000005
0 0.22016284375 0.46560225156249996 0.218023115625 0.4761492890625 0.22127800312499998 0.49041297031250003 0.23298376875 0.496002746875 0.242825115625 0.4914689 0.24635531875 0.48506191875000004 0.24720563593749997 0.47433366718750003 0.2413370734375 0.46463345624999997 0.22949539687499998 0.46001073750000004 0.22016284375 0.46560225156249996
0 0.2962172890625 0.2238341125 0.2949940875 0.232537640625 0.29970915 0.24108957812499998 0.3104321765625 0.23963812187500003 0.3179665234375 0.2328077265625 0.32010625312499996 0.2222606890625 0.317834103125 0.21503824218749998 0.306365309375 0.2124402484375 0.2962172890625 0.2238341125
0 0.3930451578125 0.1289648109375 0.39076951718749997 0.1404789078125 0.39931796406250003 0.154500390625 0.40953219531249996 0.15199126875 0.4159130421875 0.1440126 0.4168644203125 0.1372431890625 0.41347362031249996 0.1239465671875 0.404991384375 0.11880982656250001 0.39929009375 0.1219532015625 0.3930451578125 0.1289648109375
0 0.3285536375 0.23232332968749997 0.3264139078125 0.24287036718750002 0.33241838281249997 0.25160351875 0.3405625859375 0.2497896328125 0.348640578125 0.23909100312499998 0.3502715125 0.22748629999999997 0.3456923609375 0.2179673046875 0.33934636406249996 0.221020071875 0.3285536375 0.23232332968749997
0 0.323842065625 0.20503484843750003 0.32309280937499996 0.21972194374999998 0.3288603109375 0.2254633109375 0.34155230468750003 0.21935777656250002 0.3446747734375 0.215851971875 0.346204646875 0.2002884265625 0.3426430859375 0.1928847640625 0.3289335015625 0.196874965625 0.323842065625 0.20503484843750003
0 0.1940993 0.4826486140625 0.1942665703125 0.4954921984375 0.202647746875 0.49667009531249995 0.21069088749999998 0.4908973671875 0.215545353125 0.47974570156249996 0.21744810937499998 0.4662068796875 0.21246122500000003 0.4595890609375 0.2035015546875 0.4672052984375 0.1940993 0.4826486140625
0 0.10472566093749999 0.45430941249999995 0.1033665484375 0.46397999843750004 0.1112354375 0.4828367734375 0.125997459375 0.47603600312500005 0.12647489375 0.46328302499999996 0.11663703593750001 0.449080328125 0.1094093625 0.44905070468749997 0.10472566093749999 0.45430941249999995
0 0.13007130625000002 0.4657607875 0.131562840625 0.47385968749999996 0.1399091640625 0.4799634859375 0.14496575 0.47672950312499995 0.150262796875 0.457750759375 0.146802296875 0.45430593906250005 0.1392017375 0.452251590625 0.1319392140625 0.4571478671875 0.13007130625000002 0.4657607875
0 0.0922357875 0.4683326296875 0.08962211406250001 0.4728961015625 0.0883640640625 0.48652552968749996 0.09121121875 0.5036903875000001 0.1048511 0.5095519859375 0.1079422078125 0.49223553750000004 0.1034676078125 0.467938840625 0.09651175625 0.4659751 0.0922357875 0.4683326296875
0 0.223595528125 0.2540603390625 0.222337475 0.26768976875 0.228749684375 0.27352174375 0.2366220640625 0.273641975 0.24544582343750002 0.26699279531250003 0.24744964062500002 0.2574128171875 0.24236169687500003 0.24683615468750003 0.232691109375 0.24547704218750002 0.223595528125 0.2540603390625