1 0.1186532203125 0.093807078125 0.12146344375 0.0857868 0.1149642546875 0.07814121406249999 0.093856378125 0.0726501265625 0.0831418546875 0.077034959375 0.08104087812500001 0.0859964390625 0.08836529062500001 0.0937580015625 0.10958914374999999 0.0984238671875 0.1186532203125 0.093807078125
1 0.10819741249999999 0.10832654687500001 0.1094731671875 0.09924908906249999 0.08554168749999999 0.0958857390625 0.07931459375 0.10426733125000001 0.0790960203125 0.1118103203125 0.0870137 0.12133830625 0.0972643140625 0.1202543671875 0.10819741249999999 0.10832654687500001
1 0.092937446875 0.1869681046875 0.09243339687499999 0.1725913734375 0.0993697375 0.1651509828125 0.0991244 0.1609088890625 0.08800842343750001 0.1441992265625 0.078930965625 0.142923471875 0.0708080890625 0.14683101406250001 0.0676499359375 0.1573269625 0.0699070296875 0.165217884375 0.0786633140625 0.180754390625 0.0886953546875 0.18721343906250001 0.092937446875 0.1869681046875
1 0.0896766953125 0.20418181875000002 0.0901138453125 0.1890958421875 0.0764196 0.1787560109375 0.0712363046875 0.17971059218750002 0.0639520328125 0.189626653125 0.0625603015625 0.19952933281250002 0.0649333734375 0.20659503125 0.0693048265625 0.21141701406250002 0.0826243796875 0.21244743124999999 0.0896766953125 0.20418181875000002
1 0.1296799375 0.27880879062499997 0.1381507453125 0.272425578125 0.13799462812500002 0.255573178125 0.125589515625 0.24204843281250002 0.11050353906249999 0.24161128125000003 0.106390803125 0.2469239359375 0.1064041828125 0.2528164765625 0.1098478140625 0.2642402453125 0.121427703125 0.277649015625 0.1296799375 0.27880879062499997
1 0.126994628125 0.2380382921875 0.12873429218750002 0.2256599421875 0.11785026875 0.20729983125 0.10406680625 0.20957030781250002 0.10150192031250001 0.22183268125 0.11250191875 0.239367565625 0.120754153125 0.2405273421875 0.126994628125 0.2380382921875
1 0.12182026718750001 0.1910273203125 0.125817025 0.186539890625 0.1207095671875 0.16899162343750002 0.106203478125 0.16442835625000002 0.0926653515625 0.17094092656249998 0.091634934375 0.18426047968749998 0.099075325 0.19119681875 0.11051247500000001 0.193645728125 0.12182026718750001 0.1910273203125
1 0.20581466406249999 0.0723959015625 0.20625181406249998 0.057309925 0.1973795515625 0.0425986421875 0.188186115625 0.0421481109375 0.1791220390625 0.0467648984375 0.1759772625 0.0631533890625 0.1886277109375 0.0809202296875 0.196402653125 0.0794883578125 0.20581466406249999 0.0723959015625
1 0.14512727187500002 0.1269810671875 0.1519476328125 0.1203659 0.156988190625 0.108451459375 0.1522286640625 0.088427521875 0.1430352296875 0.08797699375 0.13444844375 0.095185428125 0.1282347296875 0.1094595625 0.127668221875 0.1194782203125 0.13251696562499998 0.1268918515625 0.1399439765625 0.1279356484375 0.14512727187500002 0.1269810671875
1 0.1968041078125 0.10058285468749999 0.1976159515625 0.09480628906250001 0.193115140625 0.084916990625 0.1891050015625 0.08351187812500001 0.16848779687499998 0.08650498125 0.1571933859375 0.09501593124999999 0.1567428546875 0.1042093640625 0.1609983296875 0.1098565703125 0.1785599765625 0.110641653125 0.1968041078125 0.10058285468749999
1 0.1853089015625 0.3320691734375 0.1863393203125 0.318749621875 0.177583034375 0.3032131140625 0.16508870625 0.3022986734375 0.1576750765625 0.3071474171875 0.1578178140625 0.31810727656250004 0.16421440781250002 0.33247062656250004 0.17707004843750002 0.3368019375 0.1853089015625 0.3320691734375
1 0.170651140625 0.3645116015625 0.17663289843750002 0.35188791406250003 0.17188675312499999 0.33775651875 0.160797534375 0.332831940625 0.15432510625 0.3369714375 0.149980415625 0.34393453749999997 0.14883401875 0.3580793125 0.157460946875 0.3685485 0.165003934375 0.3687670765625 0.170651140625 0.3645116015625
1 0.22164998281249998 0.24713361875 0.22362160156250002 0.2331048234375 0.2177156796875 0.22722566249999998 0.2087541984375 0.22512468437500002 0.197923696875 0.23033474062499998 0.1863973296875 0.2404961375 0.1856122484375 0.258057784375 0.19977040468750001 0.2650967203125 0.208718503125 0.26130515625 0.22164998281249998 0.24713361875
1 0.1831455125 0.20974429687499999 0.18641964687499998 0.19842312499999998 0.1722481109375 0.185491646875 0.1603336703125 0.18045108906250001 0.14938719218750002 0.1864863671875 0.14787948281250002 0.1972142734375 0.16205101875 0.21014575 0.1741974140625 0.2135358609375 0.1831455125 0.20974429687499999
1 0.146411915625 0.22561979999999998 0.149931384375 0.2185407234375 0.148963421875 0.20746488593749998 0.131722946875 0.1924190515625 0.1284220546875 0.19195514062500002 0.1205445140625 0.2001047765625 0.119268759375 0.209182234375 0.129082225 0.22318427187499998 0.1385209953125 0.22787689531250002 0.146411915625 0.22561979999999998
1 0.16882230468749998 0.2338185125 0.1818965203125 0.23060683593750003 0.18224445312499998 0.2281311671875 0.1753839515625 0.21706870937499997 0.1599366609375 0.21321468906250002 0.151349875 0.220423125 0.15055141249999998 0.2320922296875 0.155284178125 0.24033108281249999 0.1592943171875 0.24173619531249999 0.16882230468749998 0.2338185125
1 0.18603601875 0.23707926562499998 0.18224445312499998 0.2281311671875 0.1705887296875 0.23322524531250002 0.162827165625 0.2405496578125 0.1602622796875 0.25281203125 0.16817995937500002 0.26234001875 0.1817180859375 0.2558274484375 0.18603601875 0.23707926562499998
1 0.2122781578125 0.1162219578125 0.209543771875 0.1057393890625 0.2002209796875 0.100221540625 0.191156903125 0.1048383296875 0.1851617640625 0.111569475 0.18377003281249998 0.12147215468749999 0.188516178125 0.13560355 0.20335681874999997 0.1317986046875 0.2122781578125 0.1162219578125
1 0.1867497546875 0.1361968171875 0.1830607859375 0.12053095312499999 0.173260703125 0.11242145781249999 0.161591596875 0.1116229953125 0.157001571875 0.114344 0.1524249234375 0.122957546875 0.15220635 0.1305005359375 0.1623677453125 0.142026903125 0.17639654375 0.143998521875 0.1867497546875 0.1361968171875
1 0.22709203906250003 0.10063192968750001 0.23025019218749998 0.09013598125 0.21713583593750002 0.075670034375 0.20817435624999997 0.07356905625 0.1971119 0.0804295609375 0.1960681015625 0.0878565703125 0.20045293437499997 0.0985710953125 0.2164934921875 0.1041915390625 0.22709203906250003 0.10063192968750001
1 0.23657095 0.123002178125 0.226989440625 0.10734969531250001 0.21439251406249998 0.11315301874999999 0.2078174875 0.1240102796875 0.2080762046875 0.134144915625 0.2188174890625 0.14154516718750002 0.23435399375000002 0.13278888125 0.23657095 0.123002178125
1 0.29281100625 0.23777962187499999 0.2960985203125 0.2323509890625 0.2946398890625 0.212790965625 0.28401458125 0.20456549062499998 0.2666982703125 0.20802250312499998 0.26365609375 0.217693228125 0.2737148921875 0.2359373609375 0.28668651093749997 0.2394434484375 0.29281100625 0.23777962187499999
1 0.26536006093750003 0.24149535000000003 0.25427084375 0.23657076875 0.248262325 0.23740937343750002 0.24097805156250002 0.2473254328125 0.241120790625 0.25828529375 0.24609889218749997 0.270766240625 0.26600685 0.26683193906249997 0.26536006093750003 0.24149535000000003
1 0.271257046875 0.2953400640625 0.2720421296875 0.27777841875 0.26519500625000003 0.27260850312499996 0.2508182765625 0.2731125546875 0.2452870484375 0.27654280625 0.2376548421875 0.2889345359375 0.23743626875 0.296477525 0.24817755312499998 0.3038777734375 0.2659711546875 0.303012409375 0.271257046875 0.2953400640625
1 0.3283357546875 0.2604442828125 0.324905503125 0.254913053125 0.3208953625 0.253507940625 0.3120632421875 0.2564742828125 0.3089184671875 0.2728627734375 0.32485642656249997 0.28520098437499997 0.3249322640625 0.26669813593749997 0.3283357546875 0.2604442828125
1 0.353333346875 0.2143076078125 0.3608629546875 0.208633640625 0.359533678125 0.194140934375 0.34583943437500003 0.183801103125 0.326047453125 0.1869101828125 0.32571289999999997 0.19527839375 0.3318641578125 0.20539965 0.34107097343750004 0.211742721875 0.353333346875 0.2143076078125
1 0.3495908578125 0.1750715796875 0.349577478125 0.16917903750000002 0.3424850203125 0.15976702812500002 0.33317560625 0.160141721875 0.3176391 0.16889800625 0.315783459375 0.18210157968750001 0.3252222296875 0.18679420625 0.342538540625 0.1833371921875 0.3495908578125 0.1750715796875
1 0.40302967343749996 0.094222003125 0.4040600921875 0.08090245 0.3965037234375 0.0747913328125 0.382952215625 0.0754113625 0.3715418265625 0.0847475359375 0.3701500953125 0.0946502171875 0.3810207375 0.107117784375 0.3886797046875 0.10651113593749999 0.40302967343749996 0.094222003125
1 0.4344952046875 0.1457694796875 0.42940112656249996 0.13411375625 0.41642950624999997 0.1306076671875 0.40736542968749995 0.13522445624999999 0.4066829453125 0.14606833749999998 0.40917199687499994 0.15230881093749998 0.4261537546875 0.1572200109375 0.4344952046875 0.1457694796875
1 0.3547919796875 0.233867634375 0.3607871171875 0.2271364890625 0.359109909375 0.21511945156249998 0.3393045484375 0.2123359890625 0.329647203125 0.215186353125 0.324115975 0.218616603125 0.322260334375 0.2318201796875 0.326515809375 0.237467384375 0.334420109375 0.24110283125 0.3547919796875 0.233867634375
1 0.2458981421875 0.338059865625 0.24588476250000002 0.332167325 0.2423385328125 0.32746132031249997 0.22418361875 0.3249098125 0.21229593906250002 0.3316543375 0.21267063125000002 0.34096375156250003 0.2199950453125 0.3487253140625 0.23166414999999999 0.3495237765625 0.2458981421875 0.338059865625
1 0.214593175 0.35722288281250003 0.21811264375 0.3501438046875 0.212554653125 0.34178897343750003 0.21076146875 0.330597159375 0.1999175875 0.329914675 0.1939358296875 0.3425383609375 0.1941945453125 0.35267299687500003 0.2015189578125 0.360434559375 0.209061946875 0.360653134375 0.214593175 0.35722288281250003
1 0.23686091562499997 0.0430982484375 0.2384846015625 0.0315451203125 0.22657016093750001 0.026504564062500003 0.21702879375 0.028529703125 0.2023308921875 0.0432945078125 0.20316949375 0.049303026562500005 0.2099006390625 0.0552981640625 0.221917678125 0.0536209578125 0.23686091562499997 0.0430982484375
1 0.321131809375 0.1500338453125 0.32381267343750003 0.13694625 0.31813870624999996 0.129416640625 0.29750812187500003 0.1265172015625 0.289153290625 0.132075190625 0.2892960296875 0.14303505 0.302281028125 0.152433678125 0.31124250781249996 0.15453465625 0.321131809375 0.1500338453125
1 0.344697528125 0.0961222296875 0.346089259375 0.08621955 0.3427749859375 0.079863096875 0.32625713749999996 0.07165100468749999 0.31871415000000003 0.071432428125 0.3121257421875 0.07639715 0.3100247671875 0.08535862968749999 0.3194769171875 0.0959437953125 0.329740909375 0.100752396875 0.344697528125 0.0961222296875
1 0.3052786203125 0.071227234375 0.316109121875 0.06601717812499999 0.31126037968750003 0.0586035484375 0.3022988984375 0.0565025703125 0.2861289828125 0.045814807812500004 0.278354040625 0.0472466796875 0.278135465625 0.05478966875 0.282984209375 0.0622032984375 0.2986768328125 0.0702994140625 0.3052786203125 0.071227234375
1 0.374909621875 0.114674153125 0.3790223578125 0.1093615 0.3715819671875 0.10242516093750001 0.35001018125 0.100234965625 0.3427125296875 0.1042584859375 0.34343515468749997 0.111092228125 0.350050321875 0.117912590625 0.3640791203125 0.119884209375 0.374909621875 0.114674153125
1 0.28575424531250004 0.192187140625 0.28643673125 0.181343259375 0.27686860156250004 0.171583315625 0.26955756875 0.16971429375 0.256987403125 0.1873027015625 0.25713014218749997 0.1982625609375 0.2629200875 0.20496694531249998 0.27929519687500004 0.202219178125 0.28575424531250004 0.192187140625
1 0.2645036328125 0.17573619375 0.2664752515625 0.161707396875 0.255965921875 0.1526567 0.2439488828125 0.15433390625 0.2358393890625 0.164133990625 0.233403859375 0.18146368125 0.24001902656250002 0.18828404375000002 0.2518041078125 0.1882572828125 0.2645036328125 0.17573619375
1 0.241058334375 0.28268068125 0.244564421875 0.2697090625 0.2375745609375 0.2535792890625 0.22648534531250003 0.248654709375 0.21330853125 0.25858415 0.21074364375000001 0.27084652343750004 0.21536043125 0.2799106015625 0.2301118546875 0.28871596093749996 0.241058334375 0.28268068125
2 0.354479696875 0.35584457812500003 0.36399430312500003 0.3420343546875 0.35289170625 0.3312172328125 0.336025925 0.3254808109375 0.322719753125 0.330342934375 0.3192136671875 0.34331455312500003 0.332212046875 0.3586057234375 0.3464727984375 0.358926896875 0.354479696875 0.35584457812500003
2 0.403729940625 0.2988105015625 0.40558558125 0.2856069265625 0.39507625156250004 0.27655622968750004 0.3776439625 0.280838465625 0.367290753125 0.2886401703125 0.363771284375 0.2957192484375 0.36449390937500004 0.3025529890625 0.374771284375 0.3132541328125 0.3909144375 0.3121568140625 0.403729940625 0.2988105015625
2 0.34061595312500004 0.32275980625 0.347422934375 0.3102520953125 0.3492785765625 0.29704852187499997 0.3446617890625 0.2879844453125 0.331574190625 0.2853035796875 0.3242765390625 0.2893271 0.319494696875 0.3113761765625 0.3217517921875 0.319267096875 0.327064446875 0.323379834375 0.34061595312500004 0.32275980625
2 0.3112424640625 0.3102164 0.3227420703125 0.288269921875 0.318834528125 0.2801470453125 0.30609486406249997 0.27499051093750004 0.28961715625 0.28445604062499996 0.283648778125 0.30297226875 0.28719500781249996 0.307678275 0.2955766 0.31390536875 0.3030036109375 0.3149491671875 0.3112424640625 0.3102164
2 0.357954578125 0.27722978125000003 0.362299271875 0.27026668125 0.3624018671875 0.263548915625 0.35684387968750003 0.255194084375 0.34010745625 0.2545249796875 0.330927403125 0.259966990625 0.32564150937499997 0.2676393375 0.32542293437500003 0.275182325 0.3299237453125 0.285071625 0.34418449687499997 0.2853927984375 0.357954578125 0.27722978125000003
2 0.4256942890625 0.21437900000000001 0.42611805937499997 0.1934004828125 0.4193735328125 0.1815128015625 0.3998001265625 0.17707889375000002 0.395326078125 0.1789746765625 0.391213340625 0.1842873296875 0.3899509671875 0.19925732812500002 0.401196303125 0.22103430781250002 0.416991525 0.222412659375 0.4256942890625 0.21437900000000001
2 0.4894327484375 0.25783929843750003 0.49755562500000006 0.25393175625 0.5001205125 0.2416693828125 0.4952583890625 0.2283632125 0.4900617140625 0.2234252515625 0.471197553125 0.21993254375000001 0.46685286093749995 0.22689564375 0.46651830937499994 0.23526385468750002 0.4705552078125 0.24845404843750002 0.47717037500000004 0.2552744109375 0.4894327484375 0.25783929843750003
2 0.4950130546875 0.2241211171875 0.5065528015625 0.21985226249999998 0.5084084421874999 0.20664868749999998 0.5053261234375 0.19864178906250002 0.48938816249999995 0.186303578125 0.4743021859375 0.1858664296875 0.46924825 0.1918883296875 0.46797249687500003 0.20096578593749997 0.471416128125 0.21238955625 0.4773220484375 0.21826871718750002 0.4950130546875 0.2241211171875
2 0.438246584375 0.29272170000000003 0.43952233749999997 0.28364424375 0.43655599531249994 0.2748121203125 0.42228186250000005 0.2685984078125 0.41498421093750004 0.272621928125 0.40900245156250004 0.28524561406250004 0.40774007812499996 0.3002156125 0.4140073125 0.30951164375 0.4286159984375 0.307357146875 0.438246584375 0.29272170000000003
2 0.27094476562500003 0.4173170078125 0.2753920546875 0.4036361421875 0.258860825 0.389531509375 0.24765563125 0.385432153125 0.2378956890625 0.3950002796875 0.237445159375 0.40419371562500006 0.24783850937500002 0.414069634375 0.26057817499999997 0.41922617031250003 0.27094476562500003 0.4173170078125
2 0.294318671875 0.3827334625 0.2942785296875 0.36505583750000004 0.283305290625 0.35930603437499997 0.271649565625 0.3644001125 0.2634374734375 0.3809179609375 0.2635802109375 0.3918778203125 0.2759719421875 0.3995100265625 0.284572109375 0.39819413125 0.294318671875 0.3827334625
2 0.3115992875 0.415456921875 0.3208685578125 0.397404603125 0.3208417984375 0.385619521875 0.3180048140625 0.3818547171875 0.3050331953125 0.3783486296875 0.29667836406250003 0.38390661718749997 0.29163780781250004 0.3958210578125 0.290955321875 0.40666494062499997 0.2948628640625 0.4147878171875 0.30265118593749996 0.41924848593749997 0.3115992875 0.415456921875
2 0.31780855468749997 0.34732469374999997 0.316131346875 0.3353076546875 0.3038689734375 0.33274276875000003 0.289233528125 0.323112184375 0.284759478125 0.325007965625 0.2804281671875 0.33786360625 0.290937496875 0.346914303125 0.3078032765625 0.35265072656249996 0.31780855468749997 0.34732469374999997
2 0.3316455375 0.36862438124999997 0.3316321578125 0.362731840625 0.3184018234375 0.3490911171875 0.3101629703125 0.3538238828125 0.3048770765625 0.361496228125 0.305019815625 0.3724560875 0.31328542812500004 0.3795084046875 0.3223628859375 0.380784159375 0.3316455375 0.36862438124999997
2 0.45857386718750004 0.2139507859375 0.452641184375 0.196286540625 0.44556210625 0.192767071875 0.43354506875 0.19444428125 0.4279380046875 0.2163773796875 0.42960183125 0.22250187656249998 0.440704428125 0.23331899687500002 0.45354669062499997 0.23175776718750002 0.45857386718750004 0.2139507859375
2 0.46964521406250004 0.314806471875 0.4745831734375 0.309609796875 0.47419510000000004 0.29440784375 0.4606302125 0.28913533125 0.441895409375 0.290709940625 0.43543636093750004 0.3007419796875 0.4347538765625 0.3115858609375 0.441485021875 0.317581 0.4546885953125 0.319436640625 0.46964521406250004 0.314806471875
2 0.28059317500000003 0.46243219687500003 0.285169821875 0.4538186515625 0.28172619062500004 0.44239488125 0.27524038125 0.4406418375 0.2655830359375 0.4434922015625 0.25111708906249997 0.45660655937500005 0.249493403125 0.46815968437500005 0.25221440781250004 0.47274971250000003 0.26211708749999996 0.47414144374999995 0.28059317500000003 0.46243219687500003
2 0.33476350625 0.4961325546875 0.33156521250000004 0.4889508796875 0.3336394265625 0.4682043171875 0.325141859375 0.46280244687499994 0.3160644015625 0.46152669218750003 0.2990201859375 0.48101088281250004 0.299046946875 0.4927959640625 0.31049747656250004 0.5011374156249999 0.329941525 0.50050400625 0.33476350625 0.4961325546875
2 0.31527038281249997 0.5270538921875 0.32254127499999996 0.511245290625 0.3145076171875 0.5025425265625 0.2922265859375 0.49941113125000003 0.282814575 0.506503590625 0.2828413359375 0.5182886718749999 0.28934052499999996 0.5259342578124999 0.307856753125 0.5319026359375 0.31527038281249997 0.5270538921875
2 0.334781334375 0.555883190625 0.340196584375 0.5532781625000001 0.3466556328125 0.543246125 0.3488324453125 0.515781796875 0.34351979374999997 0.511669059375 0.3344423359375 0.51039330625 0.3246690125 0.51406889375 0.3185712765625 0.5275178031250001 0.31859803750000004 0.5393028859375 0.322157646875 0.5499014328125 0.3266450765625 0.553898190625 0.334781334375 0.555883190625
2 0.4100907921875 0.5050360671874999 0.420430621875 0.49134182187500003 0.416393721875 0.478151628125 0.40248090156250005 0.47535478593749997 0.38671243906249997 0.48576151875000007 0.38238112812499997 0.498617159375 0.387823140625 0.5077972140625 0.39136937031249996 0.5125032187499999 0.39632070937499997 0.513199084375 0.4100907921875 0.5050360671874999
2 0.43029760625 0.5289140234375 0.43853646093750004 0.5241812593749999 0.441681234375 0.50779276875 0.43551659843749996 0.49177897187499997 0.4285534984375 0.4874342796875 0.42125584531250004 0.49145779999999994 0.410684059375 0.5068024921875 0.4105814625 0.51352025625 0.413547803125 0.522352378125 0.42016297031249994 0.529172740625 0.43029760625 0.5289140234375
2 0.37391925625 0.45703481718749994 0.3801597296875 0.4545457671875 0.388746515625 0.44733733124999997 0.38811310625 0.42789328437499996 0.3820912078125 0.4228393453125 0.36429760624999996 0.42370470937500004 0.358895734375 0.4322022796875 0.3585611828125 0.44057049062500003 0.3615275234375 0.4494026125 0.3674334453125 0.4552817734375 0.37391925625 0.45703481718749994
2 0.572164728125 0.3098596234375 0.5736724375 0.29913171875 0.5633950624999999 0.28843057499999997 0.5419392546874999 0.28541515781250004 0.5280398140625 0.2885108578125 0.5246497046874999 0.30065725312499997 0.5338699 0.31289286562499996 0.5619274937500001 0.316836103125 0.572164728125 0.3098596234375
2 0.5655094203125001 0.2853616359375 0.573980228125 0.2789784234375 0.57218704375 0.267786609375 0.556003746875 0.2512063046875 0.550227184375 0.25039446249999997 0.5436387781249999 0.255359184375 0.5427243374999999 0.2678535125 0.547225146875 0.27774281093750003 0.5556067390625 0.2839699046875 0.5655094203125001 0.2853616359375
2 0.6389631921875 0.40339983281249997 0.6518545296875 0.3715506734375 0.652666371875 0.36577410781249997 0.6492361203125 0.3602428796875 0.6342527421875 0.353087965625 0.62177179375 0.3580660671875 0.6129931921875 0.3846025734375 0.6123107078125 0.3954464546875 0.6222401484375 0.40862326875 0.6297831359375 0.40884184375 0.6389631921875 0.40339983281249997
2 0.4341561171875 0.4116430859375 0.4311897765625 0.4028109640625 0.4179862015625 0.400955321875 0.40740103593750004 0.41040747343749995 0.4032883 0.4157201265625 0.40189656874999996 0.4256228078125 0.4054427984375 0.4303288125 0.4211220421875 0.43253238749999995 0.429708828125 0.42532395 0.4341561171875 0.4116430859375
2 0.3841788484375 0.2523035796875 0.3918110546875 0.23991184843750002 0.39272549375 0.2274175203125 0.3798564734375 0.21719366875 0.367259546875 0.2229969921875 0.3631468109375 0.22830964531250003 0.36247770468749996 0.24504606875 0.3667331796875 0.250693275 0.37475345937500004 0.25350349687499996 0.3841788484375 0.2523035796875
2 0.413088428125 0.268147878125 0.4138735109375 0.25058623125 0.3939387921875 0.24273545156249998 0.38606124999999997 0.2508850890625 0.38620398906250003 0.2618449484375 0.393657759375 0.2746738296875 0.4034444625 0.2768907828125 0.413088428125 0.268147878125
2 0.4046532703125 0.3940323625 0.4052331578125 0.389906246875 0.399777765625 0.37483365 0.3892818171875 0.3716754953125 0.36985115 0.3782014453125 0.36611310625 0.3928235109375 0.37520394375 0.39999180624999997 0.390999165625 0.40137015624999994 0.4046532703125 0.3940323625
2 0.341450065625 0.4305919734375 0.3418872171875 0.415505996875 0.3365611828125 0.4055007203125 0.32205509375 0.40093745312499995 0.31536409062500004 0.41261993906249994 0.31479758125 0.422638596875 0.321310153125 0.43617672343749997 0.33462970468750003 0.437207140625 0.341450065625 0.4305919734375
2 0.38259076875 0.5390397250000001 0.3836211859375 0.5257201734375 0.3794816890625 0.51924774375 0.3582578359375 0.51458188125 0.3509601828125 0.5186054 0.34864063125 0.5351098671875001 0.35372132968750003 0.54087305 0.3761183390625 0.543179221875 0.38259076875 0.5390397250000001
2 0.368048984375 0.5706569296875 0.38052993125 0.5656788296874999 0.3823989546875 0.558367796875 0.376479653125 0.5465960937500001 0.353489375 0.5425234984375 0.3471329234375 0.545837771875 0.342685634375 0.5595186359375 0.3459999078125 0.5658750890625 0.3522537625 0.5692785796875001 0.368048984375 0.5706569296875
2 0.502569378125 0.385913978125 0.5067847109375 0.373883559375 0.502993146875 0.364935459375 0.4940182875 0.3569419421875 0.4810466671875 0.35343585312500003 0.4690296296875 0.3551130609375 0.4640916703125 0.3603097375 0.46258396093750004 0.371037640625 0.46459572031249996 0.3746864671875 0.47794203281250003 0.38750196875 0.4959809703125 0.3908786984375 0.502569378125 0.385913978125
2 0.58958808125 0.353542940625 0.5892133890625 0.344233528125 0.5843646437500001 0.33681989843750004 0.5664416859375 0.3326179453125 0.555611184375 0.33782800156250004 0.5499773578125 0.34797601718750004 0.5521050953125 0.3507996203125 0.549758784375 0.3555190046875 0.55660590625 0.3606889203125 0.5810012953125 0.3607513765625 0.58958808125 0.353542940625
2 0.46188360624999997 0.47781262968749993 0.4613795546875 0.4634359 0.45157947031249995 0.4553264046875 0.44345659375 0.45923394687499997 0.4305117375 0.467512940625 0.4286560953125 0.480716515625 0.438817490625 0.49224288125 0.4506025734375 0.492216121875 0.46188360624999997 0.47781262968749993
2 0.5179676359375 0.264374184375 0.519591321875 0.25282105625 0.5154518234375 0.24634862812499997 0.5097912390625 0.2447115609375 0.5019003171875001 0.24696865625000003 0.501088475 0.2527452203125 0.49168984531250004 0.2657302203125 0.49112333750000003 0.27574887812500004 0.5031537546875 0.27996421250000003 0.5123338093750001 0.2745222 0.5179676359375 0.264374184375
0 0.0530187984375 0.6685997078125 0.05571304375 0.661404653125 0.049200475 0.6478665265625 0.0290337984375 0.6416661921875 0.017739387500000002 0.6501771421875 0.016231678125 0.660905046875 0.026625031249999997 0.670780965625 0.043129498437500004 0.67310051875 0.0530187984375 0.6685997078125
0 0.06605731875000001 0.7015685015625001 0.06885416250000001 0.68765568125 0.060704524999999995 0.6797781421875 0.0504539109375 0.68086208125 0.0350333828125 0.68879314375 0.03175925 0.7001143140625 0.0400382453125 0.7130591734375 0.050998104687500004 0.7129164343750001 0.06605731875000001 0.7015685015625001
0 0.060762490625 0.7572064015625 0.06723492187499999 0.7530669046875 0.069929165625 0.7458718484375 0.067065421875 0.7303219624999999 0.059147740625 0.7207939765625 0.043816428125 0.71611473125 0.0408768484375 0.7190676921875 0.0401943640625 0.729911575 0.042580815625000004 0.7428698125000001 0.0509757875 0.7549894484374999 0.060762490625 0.7572064015625
0 0.1074522921875 0.76629279375 0.11318871562499999 0.7494270140625 0.107978659375 0.7385965125 0.0958322625 0.7352064031250001 0.08476980625 0.7420669046875 0.0818703671875 0.7626974890625 0.0861258421875 0.7683446953125 0.09508732187499999 0.7704456734375 0.1074522921875 0.76629279375
0 0.1020459765625 0.72093226875 0.1083756671875 0.7058329125 0.103036253125 0.6899350921875 0.094899996875 0.6879500937499999 0.085010696875 0.692450903125 0.08043405 0.7010644515625 0.07940363125 0.7143840015625 0.0849616203125 0.7227388328125001 0.0947483234375 0.7249557890625 0.1020459765625 0.72093226875
0 0.7158741109375 0.0717091046875 0.7192642203124999 0.059562709375 0.713228940625 0.0486162296875 0.697549696875 0.04641265625 0.6834183031250001 0.0511588015625 0.6775391421875 0.057064725000000004 0.677320565625 0.0646077125 0.6834718234375 0.0747289671875 0.7042183859375 0.076803184375 0.7158741109375 0.0717091046875
0 0.692714334375 0.044891567187499995 0.6942086640625 0.028271121875 0.6839446687499999 0.0234625203125 0.673578078125 0.02537168125 0.6631222703125 0.0398911515625 0.662439784375 0.050735032812500004 0.668229728125 0.057439417187499994 0.6756567390625 0.058483215624999994 0.692714334375 0.044891567187499995
0 0.84431899375 0.16970553906250002 0.854904159375 0.1602533890625 0.8549933765625 0.1476430828125 0.8497967 0.142705121875 0.840603265625 0.1422545921875 0.8238802234374999 0.147478028125 0.81329505625 0.1569301796875 0.8126125703125 0.1677740609375 0.8168680453125001 0.1734212671875 0.82335385625 0.1751743109375 0.84431899375 0.16970553906250002
0 0.8535659499999999 0.193726234375 0.8583745515625001 0.183462240625 0.8531644953124999 0.1726317390625 0.8407861453125 0.1708920765625 0.82158743125 0.1757675796875 0.8198477671875001 0.1881459296875 0.8261150015625001 0.19744196249999998 0.8367269296875 0.19977489375 0.8535659499999999 0.193726234375
0 0.9003271406250001 0.13045168437500002 0.894755771875 0.11620431093750001 0.8868514718749999 0.11256886562499999 0.8761369484375001 0.1169536984375 0.87273345625 0.12320755312500001 0.872412284375 0.13746830625 0.88080725625 0.149587940625 0.8970663890624999 0.147665396875 0.9003271406250001 0.13045168437500002
0 0.9482569546875 0.3223228359375 0.9535160875 0.30286540781250004 0.9477127624999999 0.29026848125 0.9354503890625001 0.28770359375 0.9281527359374999 0.2917271140625 0.9247492453125 0.2979809671875 0.92360285 0.3121257421875 0.9310566218749999 0.324954625 0.9391928765625 0.3269396234375 0.9482569546875 0.3223228359375
0 0.9666392890625 0.5807292890625 0.9760513 0.57363683125 0.9762431140625001 0.554308759375 0.96796411875 0.5413639015625 0.9580614390625 0.5399721703125 0.9506478078124999 0.5448209140625 0.9472710781250001 0.5628598499999999 0.9495281734375001 0.570750771875 0.9575618328125 0.5794535359374999 0.9666392890625 0.5807292890625
0 0.8887025328125 0.5125524296874999 0.8964640953125 0.505228015625 0.89501884375 0.4915605328125 0.8771850999999999 0.47474827187499996 0.8648201296875 0.4789011484375 0.8614300203124999 0.49104754531249994 0.8678266125 0.5054108953124999 0.8770334265624999 0.5117539671875 0.8887025328125 0.5125524296874999
0 0.9076379953125 0.7550476828125 0.9167020718750001 0.7504308953125001 0.9191376015625 0.7331012046875001 0.908846846875 0.7165075203125 0.8989441656249999 0.7151157890625 0.893528915625 0.717720815625 0.8900228265625 0.7306924359375 0.8928865703125 0.7462423234375 0.8971420453125001 0.751889528125 0.9076379953125 0.7550476828125
0 0.92428075625 0.7144689984375 0.9311011171875 0.70785383125 0.93071304375 0.6926518781250001 0.9185398875 0.677476684375 0.9119381000000001 0.6765488640624999 0.9028740234375 0.6811656515625 0.898904025 0.6974381640625 0.8998586062499999 0.7026214609375 0.9122637171875001 0.7161462078125 0.92428075625 0.7144689984375
0 0.9168760609375 0.6713521890624999 0.9211939906250001 0.65260400625 0.9174024265625 0.64365590625 0.9045467859375 0.6393245953125 0.8934843296875 0.646185096875 0.889037040625 0.6598659625 0.8937831859375001 0.6739973578125 0.906045559375 0.6765622437500001 0.9168760609375 0.6713521890624999
0 0.925694803125 0.66249330625 0.934772259375 0.6637690593750001 0.9423018671875001 0.65809509375 0.9442868656250001 0.6499588375 0.9415524812499999 0.63947626875 0.9292633468749999 0.6251262984375 0.9236027609375 0.62348923125 0.9163051078125 0.6275127515625 0.9109032375 0.6360103203125 0.9120897734375 0.6395431687500001 0.9189368968749999 0.644713084375 0.9226258625 0.6603789484375 0.925694803125 0.66249330625
0 0.9550504671875 0.6152860734375001 0.9540825046875 0.6042102375 0.9449916671875 0.5970419421875001 0.9347410546875 0.5981258828125 0.9279206906249999 0.60474105 0.9246599390625001 0.6219547624999999 0.9376449390625 0.6313533921875 0.9435374796874999 0.6313400109375 0.9550504671875 0.6152860734375001
0 0.964047596875 0.7368883234375 0.97134525 0.7328648046875 0.9743606671875 0.7114089953125 0.9615050249999999 0.707077684375 0.9484308078125 0.7102893609375001 0.9379616203125 0.7189162875 0.9376270671875 0.7272845 0.9462539953125001 0.7377536874999999 0.9527398046875 0.7395067328125 0.964047596875 0.7368883234375
0 0.9149758328125 0.61302004375 0.9213055234375 0.5979206859375 0.9168047140625 0.5880313875 0.9064247421875 0.5840480078125 0.8980699124999999 0.589605996875 0.8936092406249999 0.5973943203125 0.8942292703125 0.6109458265625001 0.8987166999999999 0.6149425859375001 0.90861938125 0.6163343171875 0.9149758328125 0.61302004375
0 0.79711158125 0.7630768531250001 0.8019335640625 0.7587054 0.803311915625 0.742910178125 0.798449790625 0.72960400625 0.789590909375 0.7207852640625 0.7788630046875 0.71927755625 0.7749822234375 0.7229397625 0.771012225 0.7392122765625 0.7771768625 0.7552260734375 0.7839080078125 0.7612212125 0.79711158125 0.7630768531250001
0 0.8116087343749999 0.8156056734374999 0.813941665625 0.804993746875 0.8038962484375001 0.79264215625 0.7891582046875001 0.7897293375000001 0.77844368125 0.79411416875 0.7759947703125001 0.8055513203125001 0.7860401890625 0.817902909375 0.7998370328125 0.821524975 0.8116087343749999 0.8156056734374999
0 0.764312284375 0.798860315625 0.768050328125 0.78423825 0.7574116421875 0.770120234375 0.74821820625 0.7696697046875001 0.7379809749999999 0.776646184375 0.7361253328124999 0.789849759375 0.7458228171875 0.8046770203125 0.753481784375 0.8040703703125001 0.764312284375 0.798860315625
0 0.8970662078125 0.770392375 0.885254365625 0.758634053125 0.8760609296874999 0.7581835234375001 0.8614656249999999 0.7662305625 0.8614923875 0.7780156453125 0.8660957937499999 0.78118718125 0.892373584375 0.7798311453125 0.8970662078125 0.770392375
0 0.753967965625 0.9143782093749999 0.7599631046875001 0.9076470640625001 0.7613548359375 0.897744384375 0.757911203125 0.8863206140625 0.74657665 0.877153940625 0.7371512609375 0.8783538578125001 0.7315040546875 0.8826093328125 0.728591234375 0.8973473750000001 0.7359290281249999 0.9110014796874999 0.744426596875 0.9164033484375 0.753967965625 0.9143782093749999
0 0.784291590625 0.8782468140624999 0.790170753125 0.8723408921875 0.7889574546875 0.8570229609375 0.777984215625 0.851273159375 0.7574829890625 0.8534410375 0.749837403125 0.8599402265625 0.747865784375 0.8739690234375 0.756015421875 0.8818465640625 0.7626172078125 0.882774384375 0.784291590625 0.8782468140624999
0 0.7442125125 0.8221226890625 0.745126953125 0.809628359375 0.739337009375 0.8029239765625 0.715650865625 0.8038027203125001 0.7069481015625 0.8118363796875 0.7047311484375001 0.8216230828125 0.7135900296875 0.8304418234375 0.7320928765625 0.8305176609375 0.7442125125 0.8221226890625
0 0.738774990625 0.711118984375 0.740991946875 0.70133228125 0.7330742640625 0.69180429375 0.7199866687500001 0.6891234296875 0.7112839046875 0.6971570875 0.7104854406250001 0.70882619375 0.7174619203125 0.7190634265625 0.7299562500000001 0.7199778671875 0.738774990625 0.711118984375
0 0.7663909906249999 0.676290103125 0.7578934234375 0.6708882328125 0.7372628375 0.66798879375 0.7305718328124999 0.6796712781250001 0.7304692375 0.68638904375 0.745581971875 0.6986112765625 0.76761766875 0.6975005750000001 0.7663909906249999 0.676290103125
0 0.8371594546875001 0.7535578015625 0.840317609375 0.7430618515625 0.83735126875 0.7342297296875 0.8301428312500001 0.7256429437499999 0.820356128125 0.7234259890625 0.8124652078124999 0.7256830843750001 0.808352471875 0.7309957375 0.8072060765625 0.7451405125 0.81654225 0.7565509015625 0.827863421875 0.7598250359375001 0.8371594546875001 0.7535578015625
0 0.89784235625 0.8007962828125 0.8999433343750001 0.791834803125 0.8930828296875 0.780772346875 0.8693966874999999 0.7816510921875001 0.8649226375 0.7835468734375 0.864124175 0.7952159796875 0.87380828125 0.8041506984375 0.8868958765625001 0.8068315625 0.89784235625 0.8007962828125
0 0.8485253437500001 0.69841464375 0.8369624234374999 0.700938290625 0.8276698093749999 0.7050256187499999 0.8212911734375 0.712012546875 0.8231686609375 0.7193292140625 0.8417352484375 0.731956909375 0.859563275 0.7232601203125 0.8642573812500001 0.713487475 0.860737825 0.7001309953125 0.8485253437500001 0.69841464375
0 0.8431055625000001 0.621432840625 0.84543849375 0.610820915625 0.8407057281249999 0.6025820609375 0.8322081578124999 0.5971801906249999 0.8171221828125 0.596743040625 0.806768971875 0.60454474375 0.8062024640625 0.614563403125 0.8149453687499999 0.6242073687499999 0.8348667078125 0.6261656062500001 0.8431055625000001 0.621432840625
0 0.8806554468750001 0.65363886875 0.8772118156250001 0.6422150984375 0.8658638828124999 0.6271558828125 0.8616217890625 0.62740121875 0.8603192749999999 0.62469359375 0.8527762875 0.62447501875 0.8480702828125001 0.628021246875 0.8479944453125 0.6465240953125 0.8567507296875 0.6620606015625 0.8727779078125 0.6617885046875001 0.8806554468750001 0.65363886875
0 0.8774348359375 0.68853020625 0.8864989124999999 0.6839134171875 0.8901209796874999 0.6701165765625 0.880526090625 0.6485715515625 0.878773046875 0.655057359375 0.8718367062500001 0.6624977515625 0.8580532453125 0.6647682265625 0.8577186921875001 0.6731364390625 0.8591505640625 0.68091138125 0.8667069328125001 0.6870224984375 0.8774348359375 0.68853020625
0 0.715740128125 0.6355106703125 0.72148993125 0.6245374296875 0.721449790625 0.6068598062499999 0.7124749312499999 0.5988662875 0.7049319421875 0.5986477140625001 0.6927097109375 0.61376045 0.6913179796875 0.6236631296875 0.6952255218750001 0.63178600625 0.705257559375 0.6382450546875 0.715740128125 0.6355106703125
0 0.6660259749999999 0.6958456390625 0.6708479578125 0.6914741859375 0.6715438218750001 0.6865228453125 0.6645539625 0.670393071875 0.6501638515625 0.6650045828125 0.6441553328125 0.6658431859375 0.6365097484375 0.6723423765625001 0.6338288828125 0.685429971875 0.63832969375 0.6953192734375 0.6504760890625 0.6987093828125001 0.6660259749999999 0.6958456390625
0 0.6897478140625 0.6587864234375 0.6954976171875 0.647813184375 0.69583216875 0.6394449718749999 0.687437196875 0.6273253375000001 0.679300940625 0.6253403390625001 0.670946109375 0.6308983265625 0.6676853578124999 0.6481120406249999 0.6692465875 0.6609543015625 0.6771508875000001 0.664589746875 0.6897478140625 0.6587864234375
3 0.58168818125 0.5594473343749999 0.58519426875 0.546475715625 0.580912034375 0.5290434265624999 0.57571535625 0.5241054671875001 0.559210890625 0.521785915625 0.552983796875 0.5301675078125 0.5527652203125 0.5377104953125 0.5618962 0.5625564140625 0.5682660312500001 0.56513468125 0.58168818125 0.5594473343749999
3 0.6039870374999999 0.6223293671875 0.609518265625 0.6188991140625 0.615500025 0.6062754296875 0.6186314187499999 0.583994396875 0.616619659375 0.5803455703125 0.5999992140625 0.5788512421875 0.5928175375 0.5820495375 0.5871837140625 0.5921975546875 0.5859213390625 0.607167553125 0.5873532109374999 0.614942496875 0.5957348046875001 0.621169590625 0.6039870374999999 0.6223293671875
3 0.535069771875 0.47800000000000004 0.54116750625 0.464551090625 0.5372332046875 0.44464313125 0.5236683171875 0.43937061875000005 0.5137790171875001 0.44387142968750004 0.5095503031249999 0.45000930625 0.5087518390625 0.46167841093749995 0.5182173703124999 0.47815611718750006 0.52871331875 0.4813142734375 0.535069771875 0.47800000000000004
3 0.7354384921875 0.43547205624999996 0.7394218718750001 0.42509208593750003 0.7304470109375 0.4170985671875 0.7076886874999999 0.41137552499999996 0.700622990625 0.4137485984375 0.699824528125 0.42541770156250003 0.7070329640625 0.4340044890625 0.7241307 0.43809046562500004 0.7354384921875 0.43547205624999996
3 0.5020519015625 0.52132645 0.5090908375 0.50716829375 0.5082388531250001 0.495267234375 0.49551257031249996 0.49600324218749997 0.48045335468749995 0.5073511734375 0.473659753125 0.5257514249999999 0.4754395578125 0.5310506968750001 0.48251863593750005 0.534570165625 0.5020519015625 0.52132645
3 0.44216297187500003 0.5642425125 0.4634760421875 0.55629806875 0.46415852500000004 0.5454541875000001 0.456008890625 0.5375766468750001 0.4477566546875 0.5364168703125001 0.42928056875 0.5481261171875 0.4249358765625 0.5550892171874999 0.424717303125 0.56263220625 0.4306232234375 0.5685113671875001 0.4388754578125 0.5696711421875 0.44216297187500003 0.5642425125
3 0.5492100125 0.7366517890625001 0.5569581953125 0.723434834375 0.55371975625 0.6985755359375 0.5422826078125 0.696126625 0.5316840625 0.699686234375 0.5266435031250001 0.711600675 0.524091996875 0.7297555906250001 0.5296499859375 0.738110421875 0.5412031140625 0.7397341078124999 0.5492100125 0.7366517890625001
3 0.665584425 0.501391775 0.66462984375 0.4962084796875 0.655423028125 0.48986540781250004 0.6379907390625 0.49414764375000003 0.629403953125 0.5013560796875 0.6276642890625 0.5137344296874999 0.63215171875 0.517731190625 0.6535941484375 0.514854065625 0.665584425 0.501391775
3 0.6078767984375 0.4150198609375 0.613394646875 0.4056970671875 0.6048703171875001 0.38851011562500004 0.597327328125 0.388291540625 0.5817908234375 0.39704782656250004 0.575331775 0.4070798640625 0.5757064671875 0.4163892765625 0.580193896875 0.42038603593749996 0.5965823875 0.42353081093749995 0.6078767984375 0.4150198609375
3 0.6457879984375 0.450642759375 0.647888975 0.44168128125 0.6461091703124999 0.43638200781250003 0.6300686140625 0.43076156093750007 0.61784638125 0.44587429843750004 0.618105096875 0.45600893437499995 0.6236630859375001 0.46436376562500004 0.6330884765625 0.4631638484375 0.6457879984375 0.450642759375