3 0.39422115625 0.40429376406250006 0.39653168125 0.436439115625 0.40483551718750005 0.45158083437499996 0.418682975 0.4530803921875 0.43011912499999994 0.4324536015625 0.430305175 0.400177409375 0.4197800015625 0.378476290625 0.41393010625000004 0.3743323265625 0.402928128125 0.379359459375 0.3977760453125 0.38853055625 0.39422115625 0.40429376406250006
3 0.3546598390625 0.4853642359375 0.3669837734375 0.4936194546875 0.37395013593750004 0.4832406390625 0.37654749375 0.47309079374999996 0.37680721250000004 0.454162371875 0.3712325546875 0.4433281671875 0.36237824375 0.44156692968750005 0.35478773750000003 0.4519784546875 0.35224853125 0.46323788906249996 0.3546598390625 0.4853642359375
3 0.4664125546875 0.5039855156249999 0.475732075 0.514623459375 0.485819153125 0.50408109375 0.4904478765625 0.48492370156250003 0.490765746875 0.46710486875 0.48439249218749997 0.452974609375 0.47202592499999996 0.45584798437499996 0.46630785 0.4661613796875 0.4640593984375 0.48296875625 0.4664125546875 0.5039855156249999
3 0.46497037499999994 0.44064084843750007 0.45621684843750004 0.42886060625000005 0.4498591125 0.426968528125 0.448610825 0.42703394843750003 0.4344881296875 0.43222463125 0.42916159374999996 0.43806696250000005 0.4253159484375 0.44828222812499996 0.42771173906250004 0.45817039375 0.429758621875 0.46140102968749996 0.4441720734375 0.46175828750000003 0.45127025625000006 0.46583683125 0.46488510937500005 0.4628980359375 0.467090928125 0.45721925468749997 0.46497037499999994 0.44064084843750007
3 0.46328399375 0.40846278593749996 0.4610626578125 0.401903384375 0.4597562203125 0.40085921718749995 0.45691073906249996 0.3943325265625 0.4542978640625 0.3922441890625 0.455995840625 0.38881729531250003 0.4509445421875 0.3879693859375 0.45026224687500005 0.38689250625 0.4496962546875 0.38803480625 0.4447031078125 0.3882964859375 0.437445990625 0.393127359375 0.43455787656249995 0.3977292609375 0.43252651093749994 0.4067368078125 0.43300723906250005 0.427851696875 0.434371828125 0.43000545468749996 0.439364975 0.42974377500000005 0.44174524687499994 0.42739375781250005 0.45485225937499996 0.42670684843749995 0.45553455468750004 0.427783728125 0.4592794140625 0.42758746875 0.46261721875 0.4196240890625 0.4635165984375 0.41290113906250003 0.46328399375 0.40846278593749996
3 0.3304538171875 0.369806046875 0.3290465953125 0.3787808828125 0.331066365625 0.4053782953125 0.335609821875 0.4084780890625 0.3521127890625 0.4009373890625 0.3516746953125 0.3686939078125 0.3445183625 0.3635057765625 0.338276928125 0.363832875 0.3375946328125 0.3627559953125 0.3304538171875 0.369806046875
3 0.392790571875 0.3053441390625 0.3893577828125 0.30552404375000003 0.3762294546875 0.31177525 0.36887155312500003 0.326625128125 0.3682047765625 0.33778643124999996 0.37451988125 0.3508071015625 0.38854179218749996 0.355635425 0.4015751359375 0.3416007453125 0.4038817375 0.3259029578125 0.4027923859375 0.31705896093749997 0.398524165625 0.30726892499999997 0.392790571875 0.3053441390625
3 0.36353734375 0.41591555781249995 0.3573966921875 0.4062236515625 0.35103895625 0.40433157499999994 0.3503566609375 0.40325469687500004 0.3399788265625 0.40824912031249994 0.337207015625 0.4150702 0.33704808124999996 0.4239796171875 0.3443788671875 0.4324965140625 0.3479647921875 0.4412096703125 0.35574527031250003 0.44636509375 0.365382659375 0.43918420312500006 0.3670806359375 0.435757309375 0.366615428125 0.42688060156249996 0.36353734375 0.41591555781249995
3 0.49340181562499996 0.397983290625 0.4861136609375 0.3783377984375 0.478275034375 0.3720727875 0.47640260312500005 0.3721709171875 0.469087334375 0.37589220156250003 0.4662573734375 0.3816036953125 0.4667381 0.4027185828125 0.46771114999999996 0.4093434046875 0.4775966609375 0.41883905 0.480442140625 0.4253657390625 0.4812833703125 0.4175332015625 0.49347548437500005 0.411331059375 0.4944911671875 0.40682728749999997 0.49340181562499996 0.397983290625
3 0.3661191828125 0.39352753125 0.3676000734375 0.3979004640625 0.37027109999999996 0.4010983890625 0.3916082796875 0.402205428125 0.3987335765625 0.3829171953125 0.3936667609375 0.369831103125 0.38804946875 0.37012549375 0.369340684375 0.3833449765625 0.3661191828125 0.39352753125
3 0.37469825625 0.4019790078125 0.3679489796875 0.40455799531250003 0.365293471875 0.41359825156249996 0.36906936875 0.43787835468749997 0.376283853125 0.4441760765625 0.3893327140625 0.442379578125 0.3932365109375 0.4332739015625 0.3909415046875 0.41336673125 0.3867895859375 0.405795871875 0.37781897343750004 0.401815459375 0.37469825625 0.4019790078125
3 0.5078928578124999 0.45953145937500006 0.49831361875 0.4678219375 0.49259554375 0.47813533281250004 0.488141275 0.5006214890625 0.4966040453125 0.5068537906249999 0.5021787046874999 0.51768799375 0.5133396171875 0.5037514437499999 0.518286209375 0.46677521874999994 0.5167471671875 0.4612926953125 0.5128860046875 0.4592697796875 0.5078928578124999 0.45953145937500006
3 0.4110188 0.45014414687500004 0.40109065624999996 0.45177709374999997 0.3981443921875 0.45526940937499993 0.398000975 0.47641700781249996 0.4014124484375 0.4818014 0.417016034375 0.4809836515625 0.423707159375 0.47729507499999996 0.4237497921875 0.46616648125 0.421412153125 0.45738790468749996 0.41226708749999996 0.45007872656250003 0.4110188 0.45014414687500004
3 0.391503575 0.3643812921875 0.40093939531249995 0.3772384125 0.411999525 0.37332086875 0.422276575 0.37834544999999997 0.424307940625 0.3693379046875 0.42082279843750003 0.3506057421875 0.4078165703125 0.341273646875 0.402823421875 0.34153532656249996 0.3918951140625 0.359910228125 0.391503575 0.3643812921875
3 0.3309848515625 0.29634424375 0.3228865046875 0.30900765625000004 0.32239418125 0.3234977234375 0.3290426734375 0.33093774374999996 0.33856376093749996 0.3215376765625 0.3442973546875 0.3234624640625 0.349697559375 0.3309679015625 0.3514536875 0.32865059531249996 0.3523957015625 0.3107990515625 0.3500580625 0.302020475 0.34142083749999996 0.29245940937500003 0.3309848515625 0.29634424375
3 0.0724071625 0.21087112812500003 0.0738027890625 0.23750125 0.081308028125 0.2493469109375 0.10360273906249999 0.24484058593750002 0.110061259375 0.23671365937500002 0.112034475 0.22659652343749997 0.1112785109375 0.21217187499999998 0.09985395625 0.1971937078125 0.0921897828125 0.19425746093750001 0.08175379687499999 0.198142296875 0.0724071625 0.21087112812500003
3 0.13649237187500002 0.2275400109375 0.1418925765625 0.23504545000000002 0.15154548437499998 0.2401027421875 0.16861444375 0.23141974375 0.172285634375 0.2178757140625 0.1669862140625 0.20035127031250002 0.1514834109375 0.1911500140625 0.139291296875 0.19735215625 0.13476335781249998 0.2064905421875 0.13649237187500002 0.2275400109375
3 0.36528579687499996 0.4970463484375 0.3656928546875 0.5048134671875 0.370019225 0.5157130921874999 0.37710188906250003 0.507553453125 0.38997629843750004 0.502428190625 0.3955199203125 0.4887860296875 0.39522916406249997 0.4832380890625 0.389204815625 0.475765359375 0.3760396515625 0.4753426796875 0.36528579687499996 0.4970463484375
3 0.44193897031249996 0.31166946875 0.4413303453125 0.323940359375 0.44349353125 0.32939017187499997 0.45439472500000005 0.33438204374999997 0.466296084375 0.3226319609375 0.4744099484375 0.32220673125 0.4753093296875 0.31548378125 0.47018436093749993 0.3012881015625 0.4637684734375 0.2982864375 0.44765704531250006 0.3013560734375 0.44193897031249996 0.31166946875
3 0.42468396249999996 0.352628659375 0.43092539687500003 0.35230155937499996 0.44077987187499995 0.3373208390625 0.4386011671875 0.319632846875 0.433359896875 0.303217990625 0.42263315625000003 0.301554884375 0.416407240625 0.314120165625 0.41739580781249996 0.3329831671875 0.42468396249999996 0.352628659375
3 0.42437376718750003 0.28699939375 0.4287582890625 0.2990086078125 0.44272205 0.302727340625 0.4446797453125 0.2803720234375 0.4405278265625 0.272801165625 0.4237185859375 0.262555740625 0.41702746093750004 0.266244315625 0.416926678125 0.2762633203125 0.42437376718750003 0.28699939375
3 0.143954809375 0.07137988906250001 0.138686425 0.078331809375 0.1387019421875 0.0905699921875 0.1426949265625 0.10705026718749999 0.1501420140625 0.11778634218749999 0.157922490625 0.12294176406249999 0.1666605 0.12248382499999999 0.1761815859375 0.11308375781249999 0.1762668515625 0.0908265703125 0.16807931874999998 0.0779040296875 0.1533169609375 0.0708892390625 0.143954809375 0.07137988906250001
3 0.0444020515625 0.14224275 0.0396415078125 0.1469427828125 0.0290039546875 0.170865628125 0.02878686875 0.17866545625000002 0.032198340625 0.1840498484375 0.0485423734375 0.185418565625 0.053302915625 0.1807185328125 0.0581060921875 0.1648899046875 0.0646227640625 0.1578725671875 0.0661462875 0.15111690625000002 0.063068203125 0.1401518625 0.0591488890625 0.13701935625 0.0444020515625 0.14224275
3 0.114197659375 0.23204633437500002 0.1151435953125 0.26203793124999997 0.1186713703125 0.2696415 0.1284987296875 0.2780275578125 0.1360892359375 0.2676160328125 0.1398767296875 0.2562911796875 0.1342284015625 0.23210920468750001 0.129785728125 0.21899040468750003 0.1245599765625 0.21481373124999997 0.117927003125 0.21961189375 0.114197659375 0.23204633437500002
3 0.3130553921875 0.4319128359375 0.32909707187500004 0.46333856874999996 0.33844370625 0.45060973750000005 0.3392849359375 0.4427771984375 0.3318804796875 0.42091253125000005 0.3248404484375 0.4179435765625 0.3125901828125 0.423036128125 0.3107759046875 0.42424384687499994 0.3130553921875 0.4319128359375
2 0.423811865625 0.5151192109375 0.436035015625 0.5333934328125001 0.45253798281249996 0.5258527328125 0.45757376250000004 0.514462459375 0.45675964843749994 0.4989282234375 0.4499948546875 0.489269028125 0.442896671875 0.4851904828125 0.43097979531249997 0.48470238437499996 0.423796346875 0.502881028125 0.423811865625 0.5151192109375
2 0.4001836015625 0.5419481421875 0.3894297453125 0.5636518109375 0.38615009375 0.572724778125 0.38856140156249996 0.594851125 0.3991292078125 0.6054236484375 0.4034982125 0.6051946796875 0.41255409062500004 0.5869179046874999 0.4181403453125 0.5621471515625001 0.41869081875 0.5487666703125 0.4132324625 0.5401516453124999 0.40443630312499995 0.5394999953124999 0.4001836015625 0.5419481421875
2 0.45149518593750004 0.5537232828125 0.4448622109375 0.558521446875 0.43966749531250005 0.5788211375000001 0.4408305171875 0.6010129046875 0.4520806171875 0.6126623062500001 0.461923496875 0.6332865453125 0.46629250000000005 0.6330575765625001 0.4733170140625 0.6237883484375 0.4748405375 0.617032690625 0.47225477656250003 0.5915775765625 0.465241859375 0.5652418453125 0.46040764687499997 0.5565941078125001 0.45149518593750004 0.5537232828125
2 0.40045116406250003 0.6187059984375 0.393876340625 0.6246137515625 0.383339571875 0.638517590625 0.381816046875 0.6452732515624999 0.38194786718749996 0.659730609375 0.38582454843749997 0.673991709375 0.392473040625 0.681431728125 0.40257563906250005 0.6831275453125001 0.41119734531249996 0.6804504296875 0.4200361375 0.669973484375 0.4239244140625 0.6486296234375 0.41879944687500004 0.6344339453125001 0.40669259843749994 0.6183788984375 0.40045116406250003 0.6187059984375
2 0.41905524375000003 0.5676623828125 0.432976371875 0.5825097109375 0.43785321718750003 0.5800288546875 0.4411755015625 0.5598272953125 0.42847162499999997 0.5204381828125 0.42024145781250005 0.518644234375 0.4129417078125 0.5346037015625 0.4200554078125 0.550920428125 0.41905524375000003 0.5676623828125
2 0.42130386406250003 0.7299893859375 0.43624067499999997 0.740332940625 0.45110381562499996 0.7373287234375 0.4618576703125 0.7156250546875 0.46030311093750004 0.6979043515625001 0.44927009531250006 0.6784551203125 0.4289641171875 0.6850824906249999 0.42069131718749997 0.6944171375 0.41889255625 0.7078630375 0.42130386406250003 0.7299893859375
2 0.4305418703125 0.6315932796875 0.44317207812500004 0.6576346203125001 0.4478899890625 0.66406318125 0.46088069843749996 0.6611570953125 0.46297021562499996 0.6532591359375 0.4615901078125 0.6388671984375 0.45560839218750004 0.6202658750000001 0.44106312187499996 0.6054512578125 0.43017744531249996 0.6126975671875 0.4305418703125 0.6315932796875
2 0.49684449375 0.6069784234375 0.5016360734374999 0.6267547546875 0.506687371875 0.6276026625 0.512696203125 0.622837209375 0.522259921875 0.6023085484374999 0.5230856328125 0.582237828125 0.519267103125 0.5690863187499999 0.5152314875 0.5637346359375 0.5116029281250001 0.5661500734375 0.5026052015625 0.5855364359374999 0.49684449375 0.6069784234375
2 0.3708914921875 0.5323569171875 0.374085878125 0.5455411375 0.374334 0.5622176734375001 0.38359536875 0.5717460296875 0.398369321875 0.5431558609375 0.396349553125 0.5165584484375 0.38958475937500003 0.5068992531250001 0.38022260625 0.507389903125 0.372690253125 0.518911015625 0.3708914921875 0.5323569171875
2 0.3434448671875 0.725168715625 0.34549175 0.72839935 0.3567263328125 0.7278105703125 0.367061534375 0.7339447421874999 0.379005525 0.7110660640625001 0.37971493437500003 0.6887761671875 0.37363243437500004 0.68019385 0.36058357343749997 0.6819903468749999 0.34416979375 0.715117 0.3434448671875 0.725168715625
2 0.3456080515625 0.7306185265625 0.3384672375 0.7376685765625 0.3340556 0.7490261406250001 0.335900915625 0.7722947859375 0.338746396875 0.7788214765625 0.3459027296875 0.784009609375 0.3533924515625 0.783617090625 0.36183970468750004 0.7776112078125 0.3669336359375 0.7673305218750001 0.368732396875 0.7538846234375 0.3658713984375 0.73511975 0.3580327703125 0.7288547390625 0.3456080515625 0.7306185265625
2 0.3831845578125 0.6952701484375 0.38376606875 0.70636603125 0.3899067203125 0.7160579375 0.41091051093750003 0.7227456265625001 0.41826841249999996 0.707895746875 0.4163223125 0.6946461078125 0.41023981249999997 0.686063790625 0.39264749375 0.6847604921875 0.3860145203125 0.6895586546875 0.3831845578125 0.6952701484375
2 0.3859176578125 0.7474208015625 0.40374258125000007 0.7531624531250001 0.4118990796875 0.7416086296875 0.4112012671875 0.7282935671875 0.40704934843749996 0.7207227109375001 0.38099425781249996 0.7131871125 0.375667721875 0.7190294421875 0.3764236859375 0.7334540921875 0.3859176578125 0.7474208015625
2 0.37085295 0.770463028125 0.3735394953125 0.7858991359374999 0.3801879875 0.7933391546874999 0.3990285921875 0.79457703125 0.40447143125 0.7909538781250001 0.40718509062499997 0.783023209375 0.4062546734375 0.76526979375 0.4040914875 0.7598199812499999 0.389778821875 0.7494437171875 0.3792265328125 0.751109375 0.37085295 0.770463028125
2 0.4638968796875 0.8023037875 0.46500175 0.8233859671875001 0.4744375703125 0.8362430875 0.4867459875 0.8322601234375 0.49139022812500005 0.8253409125 0.4944372765625 0.81182959375 0.492258571875 0.7941415984375 0.48520302343750005 0.7789344625 0.4807177171875 0.7769442546875001 0.46813406406249997 0.7876174609375 0.4638968796875 0.8023037875
1 0.662087496875 0.6550628374999999 0.6665030562500001 0.6915484140625 0.6742253812500001 0.695594246875 0.681905075 0.710768675 0.6971597546875 0.7032933953125 0.6998152640625 0.6942531375 0.6997997453125 0.68201495625 0.688475975 0.657017784375 0.6727987203125 0.6444877625000001 0.6690538593750001 0.6446840218750001 0.662087496875 0.6550628374999999
1 0.5533160046875001 0.7052687484375 0.5647405578125 0.7202469140625001 0.5806349 0.7249771078125 0.5909390640625001 0.7066349140625 0.5874539234375 0.6879027515625 0.5687567328124999 0.665517275 0.5623989968750001 0.6636251984375 0.556956159375 0.667248353125 0.5515869906249999 0.6842192781249999 0.5533160046875001 0.7052687484375
1 0.64466161875 0.3822676484375 0.64149826875 0.393559790625 0.6454175828125 0.3966922953125 0.647189228125 0.406613171875 0.66324250625 0.402433946875 0.677830409375 0.40611997187500004 0.6800788609375 0.389312596875 0.676144028125 0.37394190781250003 0.66892954375 0.3676441890625 0.6570708187500001 0.368265678125 0.64466161875 0.3822676484375
1 0.6050032703125 0.3420658890625 0.6205797421875 0.3646149140625 0.631814325 0.36402613437500003 0.6422347921875 0.34790311875 0.63523739375 0.33380556875 0.6207502734375 0.32010054062500004 0.6130279484375001 0.31605470625 0.6061623703125 0.316414515625 0.6038984000000001 0.320983709375 0.6050032703125 0.3420658890625
1 0.6585322687499999 0.3125572890625 0.6589393265625 0.3203244078125 0.6479955000000001 0.326461128125 0.6482436218750001 0.3431376640625 0.6588540609375 0.3425815953125 0.664254265625 0.350087034375 0.660583075 0.3636310640625 0.6727170375 0.3563193359375 0.678884803125 0.34264446406250004 0.6776791484375 0.331581290625 0.6693753124999999 0.3164395734375 0.662843121875 0.31121873125 0.6585322687499999 0.3125572890625
1 0.7125307375000001 0.6980372921875 0.7093092359375001 0.7082198484375 0.7095573578125001 0.724896384375 0.7158879796875001 0.7501552359375 0.725715340625 0.75854129375 0.73382920625 0.7581160640625 0.7402295750000001 0.748879546875 0.7415786468750001 0.738795121875 0.7390510359375 0.7144495984375 0.7331274718749999 0.6969578640625 0.7178572734374999 0.6921949609375 0.7125307375000001 0.6980372921875
1 0.6131251484375 0.616461315625 0.6192813171875 0.638391403125 0.634043675 0.6454061921875 0.6450456531250001 0.6403790593750001 0.6478174625 0.6335579796874999 0.64801903125 0.61351996875 0.6377846125 0.5973667921875 0.6213242796875 0.5937788984375 0.613675621875 0.6030808359375001 0.6131251484375 0.616461315625
1 0.6063642765624999 0.654645259375 0.6037824359374999 0.6770332875 0.6038561062500001 0.6903810578125 0.6092136781249999 0.7090150890625 0.615179875 0.7153782296875 0.6225532953124999 0.712766534375 0.6313339359375 0.7011800015625 0.6296320375 0.6567637546875 0.631388165625 0.6544464484375 0.6184982390625 0.6473335296875 0.6104425250000001 0.648868346875 0.6063642765624999 0.654645259375
1 0.5804952359375 0.61483346875 0.5748934625000001 0.627366040625 0.5745174421875 0.6440752875 0.577537375 0.6539307421875 0.5871902812500001 0.658988034375 0.5934317171875 0.6586609343750001 0.6085119437500001 0.6478568890624999 0.613605875 0.6375762046875 0.6138229609375 0.6297763765625 0.6118187109375001 0.615417146875 0.6019331984375 0.6059215015625 0.5804952359375 0.61483346875
1 0.67218975625 0.2984899 0.672437878125 0.31516643437499997 0.6794352765625 0.329263984375 0.6812069234375 0.339184859375 0.7027030390625 0.3313824796875 0.7003654 0.322603903125 0.6999428234375 0.3025986015625 0.6881693640625001 0.2809629046875 0.6794313546875 0.28142084375 0.6736551296875 0.2906246515625 0.67218975625 0.2984899
1 0.581630803125 0.3021232578125 0.5958698015625 0.29915175 0.6002814375 0.28779418749999996 0.5915279109375 0.2760139453125 0.5801770265624999 0.2743835484375 0.5674189203125 0.2817279890625 0.563689578125 0.2941624296875 0.5642129375 0.304148725 0.581630803125 0.3021232578125
1 0.5581887578125 0.4758103734375 0.566535228125 0.47982349687500003 0.5699893328125001 0.47407929531250004 0.566604975 0.445328128125 0.5570528515625 0.43025182968750003 0.5497375828125 0.433973115625 0.5452677953125 0.444221090625 0.54454286875 0.45427280625 0.5581887578125 0.4758103734375
1 0.529734125 0.589677846875 0.5302574843750001 0.5996641421875 0.5389528609375 0.6103347968749999 0.5627866140625 0.61131099375 0.5695785234375 0.5976034140625 0.5711446796875 0.5797191609375 0.5689233437500001 0.5731597609375 0.561767009375 0.567971628125 0.5424185625 0.5689856375 0.5364678828125 0.5748606796875 0.529734125 0.589677846875
1 0.518650803125 0.6648053078125 0.5202635156250001 0.6836356 0.5291914953125 0.6987446078125 0.53777056875 0.7071960859375 0.5479313171875 0.7100014906250001 0.5492493515625 0.6754407015624999 0.54172859375 0.65135685625 0.5351964031249999 0.646136015625 0.5258342515625001 0.6466266640625 0.5211900109375 0.6535458734375 0.518650803125 0.6648053078125
1 0.7093748921875 0.4467469609375 0.6977642890625 0.4640449859375 0.6969812109375 0.4729871125 0.7039049390625001 0.473736890625 0.7092625124999999 0.4923709234375 0.7123832296875 0.4922073734375 0.7275797578125001 0.48362250781249994 0.7331233796875 0.4699803453125 0.732991559375 0.45552298750000003 0.7267346078125 0.44361190625 0.717256153125 0.441883378125 0.7093748921875 0.4467469609375
1 0.48157787812499997 0.29178990625 0.49294428124999995 0.3056584859375 0.5003758515625 0.3041563765625 0.5070514578124999 0.2882296203125 0.5071522421875 0.278210615625 0.50498905625 0.2727608015625 0.4911260796875 0.25902306406250003 0.4885713546875 0.25804431562499996 0.4792828734375 0.271882734375 0.48157787812499997 0.29178990625
1 0.5849651921875 0.783719871875 0.588725571875 0.79576179375 0.602530396875 0.80838994375 0.6181339828125 0.8075721953125001 0.6258834234374999 0.788251253125 0.62364656875 0.769453671875 0.6046159921875 0.752648846875 0.594687846875 0.7542817937499999 0.5850659765625 0.7737008671875001 0.5849651921875 0.783719871875
1 0.75208011875 0.29430302343750003 0.7458968359375 0.2957397109375 0.741078140625 0.29933015625000003 0.73547636875 0.31186272656249997 0.73520113125 0.31855296875 0.739934559375 0.33721971093750003 0.7537238671875001 0.3376096796875 0.7611128046875 0.347236165625 0.764857665625 0.3470399046875 0.7683117703125 0.3412957046875 0.7709517609375001 0.3200172640625 0.7699205609375 0.31228285625 0.7591783015625 0.2983815671875 0.75208011875 0.29430302343750003
1 0.5241049 0.26730844062500003 0.5322342828125 0.2791213921875 0.53597914375 0.27892513281250003 0.5430462890625 0.2585273125 0.5550057984375 0.2478868171875 0.549764528125 0.2314719609375 0.5464693578125 0.22830674687500002 0.5324048140625 0.23460701875 0.525496603125 0.246095421875 0.5241049 0.26730844062500003