1 0.170886890625 0.13992918125 0.1762124578125 0.1544520671875 0.2066430109375 0.1789051640625 0.24119167031250002 0.1702464125 0.2575739171875 0.1333317796875 0.24911249687499998 0.0889732375 0.22144835624999998 0.0667431484375 0.1896661125 0.077624909375 0.17077877187499999 0.1148028390625 0.170886890625 0.13992918125
1 0.28387739375 0.130567171875 0.2877972109375 0.16786174375000001 0.2948979671875 0.1872255890625 0.3089913578125 0.20082693906250002 0.3343036078125 0.20068028437500002 0.3545516140625 0.18849705 0.3624273578125 0.1549902578125 0.356002446875 0.11795898281249999 0.3315733015625 0.090361340625 0.2967633234375 0.0965337875 0.28387739375 0.130567171875
1 0.28649958125 0.2157597734375 0.2728296875 0.24233424375 0.2674590390625 0.275577740625 0.2719555578125 0.3304080921875 0.28010159687499997 0.3597171578125 0.2972227234375 0.3780278203125 0.3175247875 0.37840775781249997 0.32425610312500003 0.37015895625 0.33144702812500004 0.2939900390625 0.327527209375 0.25669546875 0.3138483421875 0.2229403859375 0.2997549484375 0.20933903593749997 0.28649958125 0.2157597734375
1 0.33479014218750003 0.3137488296875 0.3296808140625 0.34947863125 0.33297884375 0.41700380312499996 0.34519790625 0.4609674 0.367851859375 0.48372408125 0.384603546875 0.47442209531249996 0.3932632546875 0.4483742171875 0.395083525 0.405448796875 0.38374757187499997 0.333740903125 0.365319840625 0.30299871718750004 0.3482527734375 0.297251225 0.33479014218750003 0.3137488296875
1 0.3744842390625 0.161264340625 0.362697653125 0.21780611562500002 0.3625985109375 0.2530093265625 0.3790437921875 0.2889874171875 0.3916233171875 0.300234109375 0.4123939640625 0.2930234859375 0.43420092187500003 0.23542852656250002 0.4395175125 0.18962185781250002 0.43382250468750005 0.147486325 0.41440354843750005 0.119362090625 0.3908664859375 0.12434970625 0.3744842390625 0.161264340625
1 0.204822740625 0.221830584375 0.19997473125 0.26004669062499997 0.20133539687500002 0.2850413859375 0.21402303906250003 0.321414421875 0.2240974703125 0.332924409375 0.240119253125 0.32872668125 0.24857169843750002 0.31275567031249996 0.2526898015625 0.2796438203125 0.2443815828125 0.21264524062499998 0.23529837812499999 0.1985173 0.218753953125 0.19774241875 0.204822740625 0.221830584375
1 0.212725409375 0.36931245156250003 0.20213731093749998 0.41315940781249993 0.202768071875 0.443258359375 0.20825581718750003 0.495470759375 0.21614053437499997 0.5222935203125 0.2335229828125 0.5430904875 0.254032309375 0.5333935578125 0.2611781484375 0.504991021875 0.2621603984375 0.442043515625 0.2594931265625 0.404617296875 0.251608409375 0.37779453749999997 0.2319821890625 0.35974717031250003 0.212725409375 0.36931245156250003
1 0.2854271640625 0.3742400421875 0.2730098171875 0.400682865625 0.2632056828125 0.4519887359375 0.26566569218749997 0.49949182187499996 0.2722978640625 0.5264462296875 0.288427765625 0.5473748453125 0.30194445625 0.5434404125000001 0.31639831093750004 0.52432485625 0.3289688609375 0.4752419953125 0.3297979078125 0.434934528125 0.3213364875 0.3905759859375 0.3152810171875 0.381157359375 0.2854271640625 0.3742400421875
1 0.4028060671875 0.39458204218750004 0.396651453125 0.42036662500000005 0.399372784375 0.470356015625 0.4193143828125 0.5034528593750001 0.46070247656249996 0.5116716484375 0.474426428125 0.49766035000000003 0.47859859218749995 0.47711167187500003 0.476192640625 0.44217175781250007 0.47060575312499997 0.42516256874999997 0.44690651406250004 0.39246066874999996 0.410789928125 0.3862015921875 0.4028060671875 0.39458204218750004
1 0.4023825671875 0.35440622187500004 0.41903511250000003 0.380307446875 0.458648015625 0.383685275 0.469866875 0.369937271875 0.4747689421875 0.3442843375 0.470849125 0.306989765625 0.446158659375 0.27690581875000003 0.42335150156249995 0.276789178125 0.3979401078125 0.3121390421875 0.4023825671875 0.35440622187500004
0 0.5138320703125 0.51111504375 0.5004234984375 0.5401758203125 0.489628140625 0.5940996421875 0.4910428640625 0.631657509375 0.5057129578125 0.6627946390624999 0.5155260671875 0.6718183234375 0.5482995374999999 0.658318609375 0.5667182937499999 0.6287312421875 0.577829034375 0.589856896875 0.5755762859375 0.53227694375 0.5699893984375 0.5152677546875 0.5541208203125 0.49682544375 0.5138320703125 0.51111504375
0 0.6243174796875001 0.50201633125 0.6122605984375 0.4957422484375 0.5902374046875 0.5030845203125 0.58356015 0.5238964937499999 0.5809559125 0.559363 0.5857137531250001 0.61667965625 0.5938597921875 0.645988721875 0.6047181859374999 0.6649576234375 0.6210553515624999 0.675809371875 0.6433398671874999 0.6709534046875001 0.65106240625 0.66008665 0.656901640625 0.619252590625 0.6537657859375 0.589416934375 0.6440518187500001 0.545190040625 0.6243174796875001 0.50201633125
0 0.65182841875 0.5468864578125 0.6859174703125 0.6061478218749999 0.7225566984375 0.6173795078125 0.7354966875 0.59590929375 0.7425884671875 0.5549435875000001 0.732613178125 0.5082303890625 0.7058862031250001 0.4708191765625 0.66397546875 0.4576277765625 0.6466019953125001 0.4971603625 0.65182841875 0.5468864578125
0 0.66441691875 0.618462703125 0.654504665625 0.6446422296875001 0.6655792968750001 0.7138638187499999 0.6858362796875 0.7620101390625 0.7017048578125 0.7804524484375001 0.7197631515625 0.7835819875000001 0.7372447421875 0.7691757453125 0.7454358671875 0.750718428125 0.744435665625 0.6930068265625 0.723394721875 0.63740159375 0.6836736984375 0.608897421875 0.66441691875 0.618462703125
0 0.5295653984375 0.6728565 0.50514523125 0.7055884109375 0.5047847671875 0.7383053171875 0.5134534484375 0.7725869921874999 0.528330803125 0.7936472546875 0.5481642843750001 0.8016177546875 0.5799465296874999 0.79073599375 0.5931478390625 0.7717520859375 0.6022761296875 0.7381136453125 0.594751875 0.6785739796875 0.5761168796875 0.657908659375 0.5295653984375 0.6728565
0 0.671796946875 0.7609719609375001 0.6354190390625 0.7522265796875 0.6284264015625001 0.7579890765624999 0.6183068875 0.7942454703124999 0.6207128375 0.8291853843749999 0.629850103125 0.8558764968749999 0.6691566015625 0.9045344015625 0.6862236687500001 0.91028189375 0.706994315625 0.90307126875 0.7198261859375 0.8564747125000001 0.71971806875 0.83134836875 0.7130858953125 0.8043939609375 0.69518080625 0.778624384375 0.671796946875 0.7609719609375001
0 0.5476957015624999 0.8092083171875 0.5400812796875 0.8452014140624999 0.5440551578124999 0.8950591578125 0.5511559125 0.914423003125 0.5703135484375 0.9400609328125 0.6149906984375 0.9554753406250001 0.6309043625 0.92615126875 0.633040015625 0.898275325 0.628651615625 0.8685713171874999 0.6091785984375 0.8278839109374999 0.58929105625 0.807350240625 0.5476957015624999 0.8092083171875
0 0.754302834375 0.7145936828125 0.739073990625 0.786579878125 0.7440390921875 0.8338196671875 0.7519238109375 0.860642428125 0.769306259375 0.8814393953125 0.7820930453125 0.8826092203125 0.8026474562500001 0.825145909375 0.8047741328125 0.7369404125 0.8016923390624999 0.7196679265625 0.783525928125 0.6914120453125 0.7634851828125 0.6935184125 0.754302834375 0.7145936828125
0 0.7830304171875 0.5180139484375 0.7717574984375 0.5191987796875 0.745877521875 0.56213920625 0.7375331968750001 0.6032365609375 0.7404617890625 0.643149084375 0.7473012234375 0.6600266265625 0.7649449921875 0.6833098984375 0.7814894171875 0.6840847796875 0.798655628125 0.6546290609375001 0.8077839171875001 0.62099061875 0.8123706046875 0.5802882078125 0.8092347515625 0.5504525515625 0.8008814484375 0.5312203531249999 0.7830304171875 0.5180139484375
0 0.6559642671875 0.9838478640625 0.748391384375 0.9716196125 0.7371635515625 0.9250380609375 0.722547515625 0.906464103125 0.702038190625 0.9161610328125 0.6553785890625 0.9059825296874999 0.6454663375 0.9321620562499999 0.6470883234375 0.95964305625 0.6559642671875 0.9838478640625
3 0.2731899453125 0.5590314875 0.25408636875 0.5459567296875 0.23555949375 0.550417753125 0.22016847031250003 0.584714434375 0.21824007812500001 0.6025135109375 0.2264942375 0.6569489203125001 0.245498671875 0.7052268875000001 0.26590885625 0.7307331687499999 0.276713190625 0.7371388984375 0.29998893125000003 0.729664978125 0.3203360796875 0.682278534375 0.31970531874999997 0.65217958125 0.305503809375 0.6134518890625 0.2731899453125 0.5590314875
3 0.2410111296875 0.7107260875 0.23209010000000002 0.7342876625 0.228755959375 0.7748584265625 0.236856915625 0.8519338734374999 0.2513197484375 0.8931478703125 0.2656744609375 0.9092355234375 0.2954742546875 0.9035896687499999 0.30194424999999997 0.8928545609375 0.3090360296875 0.8518888546875001 0.307621303125 0.8143309875 0.2927890328125 0.7455043421875 0.2717030046875 0.737665490625 0.2410111296875 0.7107260875
3 0.32341221875000004 1 0.3270582125 0.9631143281250001 0.3055486859375 0.91509965625 0.28947284375 0.9067342125 0.2737123828125 0.9134182453124999 0.24986891562500002 0.9636859375 0.24292959375 1 0.32341221875000004 1
3 0.39517348750000003 0.65933018125 0.3756013265625 0.6538459859375 0.331347678125 0.6786073984375001 0.3159025953125 0.7003409078125 0.30724288906249997 0.7263887859375 0.3127306328125 0.7786011859374999 0.33194232968750004 0.8168022859375 0.349793359375 0.8300086906249999 0.3758355140625 0.8247577796875 0.397543328125 0.8023660312500001 0.41716057187500005 0.7600838453125001 0.4227925453125 0.7293266515625 0.4204406546875 0.706949909375 0.40978952187499995 0.677904140625 0.39517348750000003 0.65933018125
3 0.33314999843750004 0.5150228703125 0.3111808640625 0.534928315625 0.3032510625 0.5558719359375 0.3077475796875 0.6107022890625 0.3151096578125 0.6325524390624999 0.3282118234375 0.648771740625 0.349559171875 0.6590968984375001 0.36756340625 0.6496632640625 0.400390934375 0.6487267234375 0.4093119625 0.6251651484375 0.4059598703125 0.54507680625 0.3855496890625 0.519570525 0.33314999843750004 0.5150228703125
3 0.42041372812500005 0.5259612484375 0.4098256296875 0.5698082046875 0.41678215781250005 0.6721416437500001 0.4294698 0.708514678125 0.447843475 0.7266936937499999 0.4656404453125 0.7273369265625 0.47837317187500006 0.71594358125 0.4880691875 0.6395113671875 0.4784003046875 0.5475180921875 0.45997257343750003 0.51677590625 0.43664277343749996 0.5116866546875001 0.42041372812500005 0.5259612484375
3 0.348333553125 0.84021720625 0.3371146921875 0.853965209375 0.3284549859375 0.8800130875000001 0.3312303765625 0.94256565 0.3496581078125 0.9733078374999999 0.400597990625 0.9880640046875 0.43384004374999996 0.9669737296875001 0.44218436875 0.925876375 0.4442659625 0.885437259375 0.443220678125 0.875492040625 0.41748492812500004 0.8354628749999999 0.394885034375 0.8252693656250001 0.348333553125 0.84021720625
3 0.43286697500000004 0.740836640625 0.42164811718750006 0.75458464375 0.41424095625 0.7805008734375 0.41716954843750004 0.8204133984374999 0.424531625 0.8422635484375001 0.449222090625 0.8723474953125001 0.4916554671875 0.8905115046875001 0.507938571875 0.88880008125 0.527763078125 0.8364410265625001 0.523059296875 0.7916875421875 0.50337901875 0.761077003125 0.4661630875 0.7323095359375 0.43286697500000004 0.740836640625
3 0.5022869562500001 1 0.5282045281250001 0.9972759531250001 0.5350349875 0.9538239421875 0.53111516875 0.9165293703125 0.5114889484375 0.8984820046875001 0.48090519218749994 0.8966689453125 0.4587287953125 0.9266512562500001 0.44563560312500006 0.9707615078125 0.44764895625 1 0.5022869562500001 1
3 0.49292637656249993 0.312210665625 0.4822301609375 0.330931278125 0.47712083281249995 0.3666610796875 0.48877216562500003 0.45341845000000003 0.5024510328125 0.48717353281250003 0.5140393328124999 0.5010381781250001 0.5280786640625 0.5020763546875 0.5555265687500001 0.47405375625 0.558653446875 0.4435598609375 0.54752475625 0.3617751 0.5414152265625 0.3397933015625 0.5232488156249999 0.31153741875 0.49292637656249993 0.312210665625
3 0.5911566203125 0.3672442890625 0.56307795625 0.365167934375 0.557653246875 0.385848259375 0.5570314609375 0.4160788609375 0.5682052359374999 0.4500972390625 0.5938869265625 0.4775632328125 0.6425289765625 0.48250582968750005 0.65698283125 0.4633902734375 0.6614163171875 0.4453279015625 0.65138696875 0.38605153125 0.6254439578125 0.3560992328125 0.6076469859375 0.3554559984375 0.5911566203125 0.3672442890625
3 0.678041934375 0.290240465625 0.6605603437500001 0.30464670781250003 0.65038676875 0.3283399296875 0.653838003125 0.3732250640625 0.6602088546875 0.39769316718750003 0.683646771875 0.4279087625 0.7122480796875 0.43495772656250004 0.7332800484375 0.43023340625 0.7427777765625 0.42420761406249996 0.7536812562499999 0.395410134375 0.7486620937499999 0.335607171875 0.7256927578125 0.297801015625 0.678041934375 0.290240465625
3 0.5341973765625 0.23497355781249998 0.5200589015625 0.269138590625 0.5242400390624999 0.3089194671875 0.54392031875 0.3395300046875 0.571584459375 0.36176009374999996 0.604880571875 0.353232990625 0.6161985750000001 0.3042817765625 0.6135853625000001 0.27941872968750003 0.6049707390625 0.2577002265625 0.570259903125 0.2286694625 0.5496965171875 0.2258032203125 0.5341973765625 0.23497355781249998
3 0.4610001125 0.05664786875 0.437517109375 0.07419865625 0.43188513906250003 0.10495584843750001 0.44181534375 0.19943542812499998 0.451736571875 0.23358545468749997 0.4733993015625 0.2589600875 0.5031990953125 0.2533142328125 0.5121201234375 0.22975265937499997 0.513940396875 0.1868272390625 0.5050554765624999 0.10229287812500001 0.496440853125 0.080574375 0.477283215625 0.054936445312500005 0.4610001125 0.05664786875
3 0.5738013046875 0.1780218328125 0.578036503125 0.23036587968750002 0.6172889421875001 0.2664606140625 0.6285078000000001 0.2527126109375 0.6421236343750001 0.21357496875 0.643475325 0.1782401109375 0.637518996875 0.1336182734375 0.6188299421875 0.1003897828125 0.5982665578125 0.0975235390625 0.5885615671875 0.11362620000000001 0.5738013046875 0.1780218328125
3 0.6690399203124999 0.1202502078125 0.6533875765625 0.152060584375 0.6470797609375001 0.2004852046875 0.64995429375 0.2278345578125 0.666399575 0.26381264843749996 0.6777265531250001 0.2751909890625 0.7002723890625 0.2728213265625 0.7225479296875 0.20763580468749998 0.7236923578125001 0.1823778140625 0.718781315625 0.1477011953125 0.713194428125 0.13069200625 0.6991010359375001 0.11709065781250001 0.6690399203124999 0.1202502078125
3 0.530827334375 0.0342261078125 0.517265559375 0.08592692187499999 0.5148685859375 0.1113165609375 0.5220774609375 0.15580675 0.5442628328125 0.1861539921875 0.566547346875 0.181298025 0.578703371875 0.1523688984375 0.584074021875 0.1191254015625 0.5799920265625 0.0441413140625 0.5633394843749999 0.018240090625 0.541784871875 0.0179918 0.530827334375 0.0342261078125
3 0.5760292328125 0 0.5809291937500001 0.028960190625 0.6001949484375 0.07972446250000001 0.61402701875 0.09083950625000001 0.6380326640625 0.0782613296875 0.641574065625 0.0276136984375 0.6370997390625 0 0.5760292328125 0
3 0.651618503125 0 0.6644352828125 0.0402935125 0.6785827328125 0.0664580328125 0.702903759375 0.06892933125 0.70890516875 0.0657847875 0.7138072359375001 0.0401318515625 0.7095892078125 0 0.651618503125 0