3 0.4252102875 0.6326909546875 0.4306767515625 0.628052909375 0.439270496875 0.605517040625 0.43627209999999994 0.573379884375 0.423081725 0.5538283109375 0.4094176546875 0.5565290468749999 0.4024651046875 0.5723368734375 0.40296502500000003 0.604561278125 0.40788024062500006 0.6199546734375 0.41381203125 0.6286418375 0.4252102875 0.6326909546875
3 0.376661828125 0.5676790015625001 0.38127101093750004 0.5564001609375 0.37936255937499996 0.537566403125 0.37589046875 0.52768155625 0.3680460421875 0.51794939375 0.35648849375 0.5272473 0.35601479999999996 0.549499609375 0.35952566875 0.5604948921874999 0.3679947140625 0.5702052421875 0.376661828125 0.5676790015625001
3 0.48855041562499996 0.5482067296875 0.4936678859375 0.5335747734375 0.4917982109375 0.5158514515625 0.485517425 0.497170378125 0.47454990312499995 0.4875472765625 0.46619300468749997 0.498956990625 0.465680534375 0.520098865625 0.4693852890625 0.53664631875 0.4759804765625 0.5464221046875 0.48855041562499996 0.5482067296875
3 0.47027716406250003 0.5621863046875 0.47094474531249997 0.5454861671875 0.46825238125 0.5400212453125001 0.45443320312499996 0.5382802453125 0.4477175 0.5429619156250001 0.433390034375 0.5445740296875 0.43163250781249995 0.5479707703125001 0.4301076453125 0.5580301140625 0.434828975 0.5678713375 0.44064443437499995 0.5732271984375 0.4551657859375 0.57716725625 0.456415025 0.57712363125 0.46258366406249996 0.574684640625 0.47027716406250003 0.5621863046875
3 0.45464913124999995 0.6160978906250001 0.4596460859375 0.6159233921875 0.4603094828125 0.6170120156250001 0.4608953234375 0.61587976875 0.46585350156249994 0.6145948359375 0.4638633109375 0.6113289703125 0.46628423437500005 0.6090208546875 0.4685500484375 0.6022709984375 0.469760509375 0.601116940625 0.471401703125 0.5943888984375 0.4712465953125 0.5899471625 0.46976469375 0.5833281796875001 0.4657455375 0.5756860125000001 0.461997821875 0.5758168859375 0.46141197968750003 0.5769491343750001 0.44829497500000004 0.577407190625 0.44571894375000004 0.57527356875 0.4407219890625 0.5754480671875 0.43955030468749995 0.5777125609375 0.440911690625 0.5987889984375 0.44372038593749996 0.607585225 0.44699859062499997 0.6119179 0.45464913124999995 0.6160978906250001
3 0.3636831984375 0.6437338359375 0.3613094203125 0.6115748671875 0.3442120359375 0.605501190625 0.33995603281250003 0.608985178125 0.34026206718749996 0.6356574125 0.34244614218749997 0.6444754500000001 0.3501742375 0.650876309375 0.3507600796875 0.6497440625 0.357006271875 0.649525940625 0.3636831984375 0.6437338359375
3 0.41910665312499995 0.6907170953125 0.4194210546875 0.6818118078125 0.41575507656250005 0.6663747890625 0.40154812656249994 0.653529446875 0.3880003890625 0.6595614875 0.3828441421875 0.6730830078125 0.384481153125 0.684143725 0.39310530625 0.6982958109374999 0.40672850625 0.703379021875 0.4101639125 0.7032590546875 0.41570793124999994 0.7008418765625 0.41910665312499995 0.6907170953125
3 0.3713850671875 0.5956579796875 0.373495771875 0.5844663890625 0.373185553125 0.5755829140625 0.3711953640625 0.5723170484375 0.3609687921875 0.5660034375 0.353667246875 0.57181735625 0.35085436875 0.580809890625 0.344293775 0.589933296875 0.34522861250000003 0.5987949593749999 0.348584371875 0.6053485046875 0.3593580078125 0.609419434375 0.35994385 0.6082871875 0.36611248750000003 0.605848196875 0.3713850671875 0.5956579796875
3 0.502318265625 0.602203575 0.5026326671875 0.5932982890625 0.5012283203125001 0.5889001765625 0.48854204843750004 0.5837842484375 0.48702136874999996 0.576054834375 0.48475555468750003 0.5828046875 0.4757352609375 0.593125778125 0.4753433046875 0.599810196875 0.4767046921875 0.6208866359375 0.480021675 0.626329746875 0.4876334375 0.629399303125 0.48950729531250003 0.629333865625 0.4967700625 0.6224095140625 0.502318265625 0.602203575
3 0.40054410156250003 0.6068693953125 0.3793846015625 0.6098318796875 0.37700245625 0.61325043125 0.3759083265625 0.6177357906250001 0.38000503750000003 0.6275988265625 0.399794784375 0.6391374265625 0.4054163578125 0.6389411171875 0.409323365625 0.6254632203125 0.40054410156250003 0.6068693953125
3 0.3989070921875 0.5958086781249999 0.39945834062499996 0.5757772359375 0.39477578750000003 0.5670464484375 0.38162000625000003 0.5663940703125 0.37498185781250004 0.573296609375 0.37333647812500004 0.5978134109375 0.3767697921875 0.606587825 0.383718159375 0.608568759375 0.38684125625 0.6084596984374999 0.3954308171875 0.603712590625 0.3989070921875 0.5958086781249999
3 0.52111235625 0.5315046031249999 0.5129618953125 0.49510020781249997 0.500628803125 0.48218942656249997 0.4960196203125 0.4934682671875 0.488132234375 0.5004144312500001 0.4945293515625 0.52242680625 0.5011245390625 0.5322025921875 0.5113898875 0.5396266375 0.5163868421875 0.539452140625 0.520057003125 0.5371004 0.52111235625 0.5315046031249999
3 0.4269887328125 0.5403504156250001 0.425976340625 0.529267884375 0.41898919687499997 0.526176515625 0.403373715625 0.5267218203125 0.40044450625000005 0.532383053125 0.4024305109375 0.553437678125 0.4056699390625 0.5566599203125 0.41570262500000005 0.5574213593749999 0.4169518640625 0.5573777343749999 0.4254250921875 0.549299325 0.4269887328125 0.5403504156250001
3 0.43414465937499996 0.655726515625 0.43598392343750003 0.636761884375 0.4331752296875 0.6279656609375001 0.4233752078125 0.6338668249999999 0.412015728125 0.6309281421875 0.40373638593749994 0.6445587234375 0.4045161140625 0.64897865 0.417004315625 0.666331165625 0.42200126875 0.6661566671875 0.43414465937499996 0.655726515625
3 0.3678836890625 0.7102944546875001 0.3694473296875 0.70134554375 0.3669530359375 0.6836440328125 0.3650016234375 0.6814886 0.360276109375 0.6894361359375 0.354732090625 0.691853315625 0.344427965625 0.6833188375 0.3384532125 0.6913099984375 0.3402065546875 0.70570201875 0.3493777734375 0.7176114250000001 0.3601126328125 0.720571921875 0.3678836890625 0.7102944546875001
3 0.12776794062500002 0.8365290484375001 0.1378435875 0.8206121625 0.1373394828125 0.8061765171875 0.13449201093750002 0.7962698578125 0.12734975937499998 0.788736753125 0.1047471328125 0.7861906875 0.0983028703125 0.7986453984375 0.099233525 0.8252958203125 0.10965398125 0.8371616015625 0.120388840625 0.8401220984375 0.12776794062500002 0.8365290484375001
3 0.1943695390625 0.8275325406249999 0.1981214390625 0.8096129062499999 0.1932837765625 0.7964403812499999 0.175522996875 0.7892780828125 0.16634759375 0.7951574359375 0.1616220796875 0.8031049734375 0.161734228125 0.8242250359375 0.1670414 0.8329340125 0.179727671875 0.8380499406249999 0.1943695390625 0.8275325406249999
3 0.396894859375 0.5202773374999999 0.39018334062500004 0.507170246875 0.3769112265625 0.5031865671875 0.3691443546875 0.495675271875 0.3657844125 0.5069104875 0.366055853125 0.514683528125 0.3786603859375 0.535367346875 0.3917386125 0.5337988578124999 0.3970887453125 0.5258295078125 0.396894859375 0.5202773374999999
3 0.4876167015625 0.70055434375 0.49148493281250005 0.6859660125 0.49000303125 0.6793470312500001 0.48188298124999995 0.679630590625 0.4690028234375 0.668962490625 0.45857818124999994 0.67488546875 0.456898209375 0.680503078125 0.4585739984375 0.6926742296875 0.4651691859375 0.702450015625 0.48148684062499997 0.7041037671875 0.4876167015625 0.70055434375
3 0.4545548421875 0.6850320625 0.45518364531250005 0.667221490625 0.4440610140625 0.6531566515625 0.43781482031249996 0.6533747734375 0.43226661875000005 0.6735807125 0.43292583125000006 0.6924580953125 0.4402231921875 0.7044329375 0.450764165625 0.7018412625 0.4545548421875 0.6850320625
3 0.4640320953125 0.7236137031250001 0.4601334546875 0.7015140796875 0.4465469390625 0.7064356843749999 0.44322577343749997 0.718781334375 0.43674273281250003 0.7301256109375001 0.437716346875 0.7400977078125 0.444703490625 0.743189075 0.4605558203125 0.731517615625 0.4640320953125 0.7236137031250001
3 0.2061304640625 0.9494185609375 0.21316056875 0.9358316046875 0.2111357859375 0.91366654375 0.200831659375 0.9051320640625 0.192086990625 0.905437434375 0.18478544531250002 0.911251353125 0.1783024046875 0.9225956296875 0.1757609671875 0.9393612046875001 0.1768121359375 0.9515541687500001 0.182666371875 0.9580204640625001 0.1920356609375 0.9576932812500001 0.2061304640625 0.9494185609375
3 0.092462309375 0.9000220984375 0.0960936921875 0.896559921875 0.09820439843749999 0.8853683312499999 0.09609787656249999 0.8787711625 0.0889944015625 0.8723484906250001 0.082829946875 0.8569987203125 0.07767788437499999 0.85273148125 0.0615153375 0.8555194671875 0.05858612656249999 0.8611807 0.059482187500000006 0.8689319265625001 0.072164275 0.891836615625 0.0773163375 0.8961038531250001 0.092462309375 0.9000220984375
3 0.1556861046875 0.81220656875 0.15896849375 0.7987504859375 0.1624877296875 0.774168246875 0.1577276234375 0.7632165890625 0.149258578125 0.7535062390625 0.14019950625 0.762716896875 0.1373478515625 0.770598996875 0.13901945468750002 0.8005589093750001 0.1438183390625 0.8126210015625001 0.15084425937499998 0.8168228031250001 0.1556861046875 0.81220656875
3 0.34488379999999996 0.5710122921874999 0.343363121875 0.5632828765625 0.3329426640625 0.5514170953125 0.319700959375 0.58412136875 0.3180985421875 0.5919598453125 0.320011178125 0.5930048421875 0.332658671875 0.597010334375 0.339413153125 0.5934390984375 0.34488379999999996 0.5710122921874999
2 0.45112040468750003 0.5150483734375 0.4570176015625 0.50483634375 0.456474721875 0.4892902640625 0.450465375 0.47838223125 0.43336799218750005 0.4723085546875 0.4227840578125 0.49157855625 0.4238352265625 0.5037715203124999 0.4325757125 0.5212549109375 0.4444047015625 0.5197300453125 0.45112040468750003 0.5150483734375
2 0.41006319375 0.46756343281249996 0.4147499296875 0.4585054640625 0.41303536406249997 0.44522387500000005 0.40531145312500005 0.42103425625 0.394697109375 0.403616303125 0.39032477499999996 0.40376898906249997 0.38071863906250003 0.4152223265625 0.38024494531249997 0.4374746359375 0.384302878125 0.4462272359375 0.39690741093750004 0.46691105468750005 0.40135730000000003 0.46897923906249994 0.41006319375 0.46756343281249996
2 0.45562580625000004 0.4470719515625 0.4596879234375 0.43803579218750005 0.46437884374999994 0.411189059375 0.46473620625 0.385605446875 0.46262968437499996 0.37900827812500004 0.4548240359375 0.37038655 0.4504517015625 0.37053923593750004 0.44244379843750004 0.39194285624999997 0.4322518203125 0.40452844062500004 0.43302736406250003 0.426737125 0.439971546875 0.4465068203125 0.44699746874999996 0.45070862343749996 0.45562580625000004 0.4470719515625
2 0.3904840671875 0.390421965625 0.39673026093749997 0.39020384375 0.40739174843750003 0.3731547109375 0.4112599796875 0.35856638125 0.4055262578125 0.3376426265625 0.395807975 0.3279759 0.38698575 0.326060403125 0.37706939687499996 0.32863026562500003 0.37109464375 0.336621428125 0.3684756515625 0.3511661359375 0.369604375 0.3655799671875 0.371710896875 0.3721771375 0.3834193703125 0.385109728125 0.3904840671875 0.390421965625
2 0.4361850546875 0.44552725937500004 0.43111472968750003 0.425692128125 0.42604022031250005 0.4236457578125 0.413466096875 0.43964989374999996 0.41592161406250006 0.45624096875 0.41025707968749997 0.47311560625000004 0.41892001093750003 0.4883781265625 0.42696250625000004 0.48587369843749995 0.4361850546875 0.44552725937500004
2 0.43390975000000004 0.32664535781250004 0.44320566875 0.30630854531249996 0.44320985156250003 0.28851978749999996 0.43060531874999997 0.2678359671875 0.4155369015625 0.266138590625 0.40155843124999996 0.2777446125 0.4010847375 0.2999969234375 0.404048540625 0.3132348859375 0.413103428125 0.3218129890625 0.43390975000000004 0.32664535781250004
2 0.4496331953125 0.36500887656250003 0.4497537109375 0.35055141875 0.44698379375 0.342865628125 0.433789234375 0.341102815625 0.4296495625 0.34791810624999997 0.41933706875 0.374961146875 0.42062090156250004 0.3938167171875 0.4320967109375 0.4000867046875 0.4452954546875 0.38406075624999997 0.4496331953125 0.36500887656250003
2 0.5096186875 0.4351803828125 0.5131725171875 0.42949733749999996 0.5158302859375 0.41606306562500006 0.5132584390625 0.39614068593749996 0.5019419218750001 0.3765236765625 0.4955406203125 0.3723000609375 0.49058244218749997 0.37358499218749996 0.4875327171875 0.39370368125 0.495140296875 0.4145619984375 0.5057934171875 0.4330903859375 0.5096186875 0.4351803828125
2 0.39530081093749997 0.4925382921875 0.39499477656250004 0.46586605781249996 0.3777852453125 0.43867231875 0.36938957031249997 0.448971596875 0.370595846875 0.46560629843749995 0.368562696875 0.4790187578125 0.3715265015625 0.492256721875 0.3800343234375 0.50307750625 0.3894036125 0.5027503234374999 0.39530081093749997 0.4925382921875
2 0.36371972812500003 0.3224257171875 0.36107032656250004 0.30028246875 0.347177778125 0.2785318390625 0.3374165328125 0.28554344062500003 0.3261733859375 0.285936059375 0.324415859375 0.2893327984375 0.32601409375 0.2992830828125 0.345252590625 0.3308531234375 0.3584083734375 0.3315055015625 0.36371972812500003 0.3224257171875
2 0.33862699375 0.28438938125 0.34588976250000003 0.2774650296875 0.34710440625 0.2585222109375 0.344140603125 0.24528424843750002 0.338170034375 0.23548665 0.3292314796875 0.23023984843749998 0.3217360484375 0.23050159531249997 0.31505912187499996 0.2362937015625 0.3127933078125 0.24304355625000001 0.3129830109375 0.2663844859375 0.31836773749999997 0.27731433125 0.32609583125 0.283715190625 0.33862699375 0.28438938125
2 0.39967620625 0.31338757031250003 0.40046011718749996 0.3000187359375 0.39183596249999997 0.2858666484375 0.37149496718749997 0.294359490625 0.3662223890625 0.3045497078125 0.3666101609375 0.31565405 0.36992714375 0.3210971609375 0.37695306562500003 0.32529896406250003 0.39436485 0.3224673546875 0.39967620625 0.31338757031250003
2 0.3916420765625 0.280314478125 0.39117674999999996 0.266989265625 0.3820443078125 0.25619029375 0.36478763281250004 0.263463640625 0.3565470671875 0.27820465625 0.3570511703125 0.292640303125 0.3628666296875 0.2979961625 0.38816580156249997 0.28821838906249997 0.3916420765625 0.280314478125
2 0.3818116453125 0.2495276890625 0.38349161718749997 0.24391008125 0.38287118124999997 0.2261431328125 0.37947664531249997 0.21847915312500002 0.3737387390625 0.21534416093750003 0.355077715625 0.21821939375000002 0.34910296406249997 0.22621055625 0.3477719875 0.2418220734375 0.3578004890625 0.26037227343749997 0.36845779375 0.2611119 0.3818116453125 0.2495276890625
2 0.46094858906249997 0.223416609375 0.4666519015625 0.20765240937499999 0.46728070468749994 0.18984183593749998 0.46306766250000003 0.1766474984375 0.4578380453125 0.17015939062500002 0.44522932812500005 0.16726433125 0.436949984375 0.1808949125 0.43768675156250003 0.20199316406249998 0.443187809375 0.2162543109375 0.456653809375 0.2257901625 0.46094858906249997 0.223416609375
1 0.674073765625 0.3271529515625 0.6831757984375 0.3012639703125 0.6821246296875 0.28907100625000004 0.678691315625 0.28029659218749997 0.6628431703125 0.27417929218750003 0.6565152390625 0.28996530625 0.6491749171875 0.2946687875 0.6479560890625 0.3314003671875 0.6558005140625001 0.34113252968749996 0.6595482296874999 0.34100165625 0.674073765625 0.3271529515625
1 0.5540693125 0.3291200234375 0.5707443296875 0.3051901640625 0.5725835953125 0.28622553281249996 0.5607200125 0.268851203125 0.5452984171875 0.2749486796875 0.5352227703125 0.290865565625 0.53533491875 0.311985628125 0.54216276875 0.32842402187499997 0.5479006734375 0.3315590140625 0.5540693125 0.3291200234375
1 0.686460434375 0.6102264390625 0.6890406484375 0.5945712984375 0.68533589375 0.57802384375 0.6711247609375001 0.5829672625 0.6547683281250001 0.5802030765625 0.653868084375 0.590240609375 0.6502367 0.593702784375 0.6543721875 0.6046762546875 0.66795451875 0.617543409375 0.6798222859374999 0.617128978125 0.686460434375 0.6102264390625
1 0.635970053125 0.6686908078125 0.6492075734375 0.6537752953125 0.6549496625 0.639121528125 0.643163634375 0.62396806875 0.6319204875 0.6243606875000001 0.618368565625 0.6481814859374999 0.6191053328125 0.6692797374999999 0.62175891875 0.6736342265624999 0.62862973125 0.6733942921875 0.635970053125 0.6686908078125
1 0.6786768265625 0.6738701859375 0.684729134375 0.6680998921875 0.691681684375 0.6522920671875 0.69191853125 0.6411659125 0.6845823921874999 0.6280806343750001 0.67185734375 0.6218542734375 0.6766950046875 0.6350267984375 0.6719694921875 0.6429743359375 0.6613509640624999 0.64334514375 0.6625572421875 0.6599798453125 0.673994275 0.665139396875 0.674265715625 0.6729124375 0.6786768265625 0.6738701859375
1 0.7150743421875 0.283473221875 0.7194508609375 0.2655317765625 0.719847 0.24105859999999998 0.717624146875 0.231130128125 0.7104431171875001 0.2224865875 0.7023230671875 0.2227701453125 0.6932639968750001 0.231980803125 0.68915891875 0.2576952875 0.6903651953125001 0.2743299890625 0.69446190625 0.284193025 0.700277365625 0.28954888749999996 0.7150743421875 0.283473221875
1 0.63756185625 0.3740113 0.635614628125 0.3540671078125 0.6322588687499999 0.3475135640625 0.6208606125 0.343464446875 0.6067658109375 0.3517391671875 0.6025444 0.3741223484375 0.6042589656249999 0.387403934375 0.612689234375 0.3960038515625 0.6287742265625 0.39099499843749996 0.63756185625 0.3740113
1 0.6052063546875 0.3428993171875 0.6174272984375 0.3346900328125 0.6154758859375 0.33253460156250003 0.613300178125 0.28813904218749997 0.6035431171875 0.2773618828125 0.59597013125 0.2754027609375 0.5905812218750001 0.2822616765625 0.5868681 0.30129174375 0.5879580453125001 0.31459514375 0.5924813046875 0.33667295468749997 0.5970475265624999 0.34207244062500003 0.6052063546875 0.3428993171875
1 0.6013339390625 0.3752764078125 0.6020790734375 0.3607971375 0.6011830140625001 0.35304591093750004 0.5952124453125001 0.3432483125 0.5792479687500001 0.3337997078125 0.5730017765625 0.3340178296875 0.5638263734375 0.33989718281250003 0.5616768921874999 0.349978340625 0.5635077890625 0.3665912296875 0.5701805296875 0.378587884375 0.5923136453125 0.3855974984375 0.6013339390625 0.3752764078125
1 0.7065436625 0.701803553125 0.716386646875 0.6792240609375 0.7150640375 0.65925805625 0.7166276765624999 0.6503091453125001 0.6945333390624999 0.644409965625 0.6936330953125001 0.6544474984375 0.6878910078125 0.6691012671875 0.6890972843750001 0.6857359671875 0.6912425828125001 0.6934435703124999 0.69779899375 0.7021089234375 0.7065436625 0.701803553125
1 0.610701290625 0.7151565375 0.6183947921875 0.702658203125 0.6130100656249999 0.6917283578125 0.59856626875 0.69000916875 0.5810381515625 0.689509475 0.581387146875 0.6995033828125 0.58618603125 0.711565475 0.5995356984375 0.717770025 0.610701290625 0.7151565375
1 0.5711164906249999 0.5486588234374999 0.5719821406250001 0.5197220953125 0.5680405390625001 0.5143007984375 0.560075596875 0.51902609375 0.5483587562500001 0.5416710218749999 0.5499569906249999 0.5516213046875 0.5553029390625001 0.5614407156250001 0.5629147015625 0.5645102734375 0.5711164906249999 0.5486588234374999
1 0.55560785 0.426903675 0.562284775 0.42111156875000005 0.5639259703125 0.414383528125 0.5608070578125 0.396703828125 0.5528463 0.3836403640625 0.529188321875 0.3866900953125 0.52145604375 0.3980779953125 0.5218050390625 0.4080719046875 0.5298045734375 0.42224580312500004 0.536244653125 0.427579853125 0.55560785 0.426903675
1 0.522325878125 0.3513525078125 0.528378184375 0.345582215625 0.5337712781249999 0.32093453906249997 0.5294460875 0.2866201390625 0.5195685109375 0.2903004359375 0.511758678125 0.29946746874999997 0.5041815093750001 0.31529710781250003 0.504216103125 0.3341963 0.507726971875 0.345191584375 0.5129565890625 0.35167969062500004 0.522325878125 0.3513525078125
1 0.7307863593749999 0.536412296875 0.7359813843749999 0.5240012109375 0.7348526609375 0.509587378125 0.728141140625 0.4964802890625 0.71225421875 0.48925255468750006 0.7091311234375001 0.489361615625 0.705418 0.5083916828125 0.698585965625 0.5097420515625 0.7001454218750001 0.5185819015625001 0.713219465625 0.5348021703125 0.721494625 0.53896035 0.7307863593749999 0.536412296875
1 0.5247752734375 0.725939659375 0.52645524375 0.7203220499999999 0.5254816296875 0.7103499546875 0.51744331875 0.695065621875 0.509909109375 0.6942169328125 0.49979468593750004 0.7090233859375 0.4992434375 0.7290548265625 0.509702671875 0.7420310421874999 0.512162371875 0.7408333593750001 0.5247752734375 0.725939659375
1 0.599691621875 0.220795171875 0.600281646875 0.2018741671875 0.5908777656249999 0.1833021546875 0.5752622828125 0.183847459375 0.5626106046875 0.1976307265625 0.5599140578124999 0.20995456406250002 0.560887671875 0.219926659375 0.5721654125 0.23843323437500002 0.5821980984375 0.23919467343749998 0.599691621875 0.220795171875
1 0.7690485515625001 0.6829440078125 0.7757642546875 0.6782623375 0.7852540578125 0.6634776953125 0.7856072375 0.6556828453125 0.7811227546875 0.634715465625 0.777181153125 0.62929416875 0.7734334375 0.6294250421875 0.7669116203125 0.639658884375 0.7532087734374999 0.6412491859375 0.7501202703125001 0.6602574421875 0.750977553125 0.6668982359375 0.7576502953124999 0.678894890625 0.76276358125 0.6820516953125 0.7690485515625001 0.6829440078125
1 0.5729789203125 0.76316894375 0.576769596875 0.74635974375 0.5639282171875 0.7368020796875 0.5551101765625 0.717097821875 0.5513624609375001 0.7172286953125 0.5442935796875 0.7297052171875 0.5475288234375 0.7507162187499999 0.5554120265625 0.761558815625 0.56997215625 0.7666093078125 0.5729789203125 0.76316894375