1 0.1186832078125 0.5385641171875 0.116440375 0.5455269781250001 0.1164546484375 0.5582389640625001 0.1210710765625 0.5716876656250001 0.1258776671875 0.5763252765625 0.1350819796875 0.5777987046875 0.1385740015625 0.5697924734375001 0.138815275 0.5619566078125 0.1352947109375 0.5445388640625 0.1303347890625 0.53697558125 0.124980265625 0.5343224921874999 0.1186832078125 0.5385641171875
1 0.172273575 0.5161975109375 0.1806232984375 0.513804115625 0.1850578546875 0.4989031703125 0.1836921734375 0.48528410468749994 0.176730696875 0.47684781562499995 0.1659337015625 0.4823031765625 0.1633473765625 0.4951514546875 0.16406290625 0.5088045921875 0.172273575 0.5161975109375
1 0.149086903125 0.53403701875 0.1597448421875 0.5383679734375 0.1664876109375 0.530191378125 0.16377052187500002 0.515665234375 0.159511859375 0.509043103125 0.1474514046875 0.5028298453125 0.139152790625 0.506198465625 0.1370121765625 0.515111775 0.149086903125 0.53403701875
1 0.10692940937499999 0.5382022046875 0.1120652234375 0.5242424109375 0.1092970265625 0.50874104375 0.0980911578125 0.506394609375 0.0933499453125 0.5154442109375 0.093517546875 0.5310818687500001 0.0965270171875 0.538747371875 0.10692940937499999 0.5382022046875
1 0.19136088906249998 0.54453426875 0.19038151875 0.5631657453125001 0.1964004625 0.5784967484375 0.1999067578125 0.5832025046875 0.210754859375 0.5787223703125 0.2125519796875 0.575694478125 0.21214310625000002 0.5678926859375 0.20586861406249998 0.5476855609375 0.197555728125 0.5383421937499999 0.1943049796875 0.538512559375 0.19136088906249998 0.54453426875
1 0.1484570046875 0.5966558015625 0.1555064296875 0.5943305515625 0.1616358875 0.5744512671875001 0.15881657968750001 0.557974675 0.1520595390625 0.5534392828125 0.1444621828125 0.5577490546874999 0.1409701609375 0.5657552859375 0.14139330781249998 0.586269065625 0.1484570046875 0.5966558015625
1 0.14677637500000001 0.614346128125 0.14839760156249998 0.6328413140625 0.1559581203125 0.6402683062500001 0.16771192031249998 0.6406302187499999 0.17320549999999998 0.63349699375 0.171036340625 0.616986328125 0.1653751625 0.60848189375 0.15671878125 0.6050239453125 0.1560175234375 0.60408279375 0.14677637500000001 0.614346128125
1 0.22843367812499998 0.5553041000000001 0.23324027187500002 0.5599417109375 0.2397417671875 0.5596009828125 0.244176321875 0.5447000359375 0.2405535375 0.5253318453125 0.23044352968749998 0.51901636875 0.22385408906249998 0.5301186375 0.22391947031249998 0.5438058484375 0.22843367812499998 0.5553041000000001
1 0.24241515625 0.474174071875 0.23747621562500001 0.47264628125 0.2330055984375 0.47480508906249996 0.23087285156249998 0.47958928125 0.2314362578125 0.48684415156250005 0.23909784374999998 0.5018348125000001 0.24389482343750002 0.5024077859375 0.2489268734375 0.4987086953125 0.250123940625 0.493560865625 0.24891843281249998 0.48455301874999995 0.24241515625 0.474174071875
1 0.2023420703125 0.48039509375 0.20429251874999999 0.4802928765625 0.20489155781249999 0.479283578125 0.20749215625 0.4791472875 0.210538465625 0.4750760265625 0.2101807 0.46824945781249994 0.2087781828125 0.4663671546875 0.2067766265625 0.4654941484375 0.20537410937499997 0.463611846875 0.20267129218750002 0.4617976890625 0.1993694359375 0.4609928296875 0.19396380156249998 0.45736451718750004 0.1881124578125 0.45767117187500006 0.18751341875 0.4586804703125 0.18426267031250002 0.458850834375 0.18246555 0.46187872499999993 0.18256776875 0.46382917343749996 0.1814719078125 0.46779821562499996 0.181983 0.4775504578125 0.1848391453125 0.48229028593749995 0.1880898921875 0.482119921875 0.18879115156249998 0.4830610734375 0.1985433921875 0.4825499796875 0.19914243125 0.4815406828125 0.20174302968750002 0.48140439218750003 0.2023420703125 0.48039509375
1 0.18027382812499998 0.469816809375 0.1808728671875 0.4688075125 0.1807195390625 0.465881840625 0.18246555 0.46187872499999993 0.182414440625 0.46090350156250004 0.183612521875 0.45888490624999995 0.1855629703125 0.4587826875 0.1835614125 0.45790968281250005 0.1801062265625 0.45417915000000003 0.17555518125 0.45441766093749997 0.17485392187499998 0.453476509375 0.1729034734375 0.453578728125 0.1722022140625 0.4526375765625 0.170353984375 0.45469024375 0.16780449687500001 0.455801759375 0.1629610671875 0.4629009125 0.16231091875 0.462934984375 0.16186520468750001 0.4668699546875 0.1612661640625 0.4678792515625 0.1616750390625 0.47568104531250005 0.16112710937500002 0.477665565625 0.16388103437499998 0.480454946875 0.16713178281250002 0.4802845828125 0.1689800125 0.478231915625 0.1709304609375 0.47812969687500007 0.1715295 0.4771204 0.1773808453125 0.47681374375 0.17982811406250002 0.47375177968750004 0.18027382812499998 0.469816809375
1 0.1725968171875 0.4477273828125 0.18310142812500002 0.449132665625 0.18679788749999998 0.44502733125000005 0.1887340625 0.4322131265625 0.18336526875 0.41684805 0.174212065625 0.4163498453125 0.167673734375 0.42842733749999995 0.16813371875 0.4372043546875 0.1725968171875 0.4477273828125
1 0.1703433765625 0.578884440625 0.175098859375 0.5825468265625 0.183346365625 0.5782029828125 0.186378403125 0.561419734375 0.1837635328125 0.5488440390625 0.1758084125 0.5463272421875 0.16711519531250002 0.5546060546875 0.1666326453125 0.5702777875 0.1703433765625 0.578884440625
1 0.1019635109375 0.48076619843749996 0.103644140625 0.463075871875 0.0962369484375 0.45857455312499995 0.088588484375 0.4619091 0.0809031828125 0.47698041093750004 0.081465384375 0.4877078765625 0.0875722765625 0.492277340625 0.1019635109375 0.48076619843749996
1 0.088759746875 0.61445294375 0.095465678125 0.6180131109375 0.10280748749999999 0.60882721875 0.10154402656249999 0.5971586015625 0.0986367734375 0.5914435484375 0.086525209375 0.5842550671875 0.0795780015625 0.5885307656250001 0.07818975624999999 0.59936045 0.088759746875 0.61445294375
1 0.1842294953125 0.6074937796875 0.1946829953125 0.6079238375 0.199577534375 0.6017999109375001 0.19966548281250002 0.5910383718750001 0.1953046015625 0.5824657921874999 0.1853479234375 0.5790759875 0.172753809375 0.5875592390625 0.173264903125 0.59731148125 0.1842294953125 0.6074937796875
1 0.12051716718750001 0.5237994640625 0.13181098125 0.5153843578124999 0.1346528546875 0.5074122 0.12938627656249999 0.49399757187500004 0.1266834609375 0.492183415625 0.1176835875 0.494610884375 0.10974273906250001 0.5048060734375001 0.11341663125000001 0.5251494890624999 0.12051716718750001 0.5237994640625
1 0.15732843125 0.47982045156249997 0.1486209421875 0.47538727812500003 0.1405778734375 0.48363201875 0.146099996875 0.5019227671875 0.1613600890625 0.5069904359375 0.16239057031249998 0.4893341828125 0.15732843125 0.47982045156249997
1 0.1047911109375 0.4600820546875 0.1085529515625 0.46966393125000006 0.11335954374999999 0.4743015421875 0.124960015625 0.47173778125 0.1298545546875 0.465613853125 0.127137465625 0.451087709375 0.1195258390625 0.44268549375 0.1090723375 0.4422554359375 0.1049812765625 0.4512709640625 0.1047911109375 0.4600820546875
1 0.24665579843750002 0.7039682296875001 0.2567658046875 0.71028370625 0.27091576562499997 0.7066084296875 0.2758103046875 0.7004845015625001 0.27740298750000003 0.6935557140624999 0.2757449234375 0.6867972906250001 0.26488254843750003 0.6785654390625 0.25258081718750003 0.6801880484375 0.2458380484375 0.6883646437500001 0.24665579843750002 0.7039682296875001
1 0.277312725 0.7913507125 0.2864290875 0.8035856796875 0.2976860671875 0.8069073359375001 0.303179646875 0.7997741109375001 0.3032164828125 0.7880373484375001 0.2967518265625 0.7766413156249999 0.2899947859375 0.7721059234375 0.28414344062499997 0.772412578125 0.2780508203125 0.7805551015625001 0.277312725 0.7913507125
1 0.1512441046875 0.45080223750000004 0.1609452375 0.44931591875 0.1671911859375 0.4440990703125 0.1654309015625 0.4353901984375 0.159324009375 0.43082073281250005 0.1469200625 0.43049289375 0.14267567187500002 0.43658275 0.1443337359375 0.44334117187500005 0.1512441046875 0.45080223750000004
1 0.133003084375 0.46349304062499996 0.137758565625 0.4671554265625 0.1475619171875 0.46761955781250003 0.15060822812500002 0.463548296875 0.1520475828125 0.4536938359375 0.14368358750000002 0.4433752453125 0.131980896875 0.44398855781249996 0.1295847359375 0.44802574531249995 0.133003084375 0.46349304062499996
1 0.15938341250000002 0.3946352203125 0.17628729999999998 0.3937493265625 0.17993265 0.3886687671875 0.178822515625 0.3799258234375 0.17401592187499998 0.3752882125 0.15765996875 0.3741895859375 0.1526121 0.3773878421875 0.15096830781249998 0.38334140625 0.15938341250000002 0.3946352203125
1 0.1555478984375 0.40852686875 0.15969006875 0.40048656562499996 0.1580831140625 0.3947033671875 0.149017859375 0.383443625 0.138425303125 0.39279988125 0.1375338796875 0.4006698203125 0.143947428125 0.4110906296875 0.1555478984375 0.40852686875
1 0.1390528875 0.4172145578125 0.1413979390625 0.4122021453125 0.134882171875 0.3998308875 0.125728971875 0.39933268437499997 0.1220325125 0.4034380171875 0.12174012812499999 0.410298659375 0.12740130624999998 0.41880309374999997 0.1390528875 0.4172145578125
1 0.199185246875 0.51967664375 0.2102377890625 0.5190974046875 0.21383202968749998 0.513041621875 0.2134231546875 0.5052398296875 0.2070607171875 0.49579424375 0.19785640468750001 0.49432081562499997 0.192961865625 0.5004447437499999 0.19282280937500001 0.5102310578125 0.199185246875 0.51967664375
1 0.12362885625 0.5334154140625 0.1296335296875 0.5360344296874999 0.13524360156249998 0.5435636406250001 0.13979464531250002 0.5433251296875 0.145887265625 0.5351826078124999 0.1406717984375 0.522743203125 0.13321349843750002 0.5172666609375 0.125513925 0.5196259828125 0.1231177640625 0.523663171875 0.12362885625 0.5334154140625
1 0.08274851093749999 0.5405911265625 0.0770750640625 0.544503765625 0.0751489703125 0.5512407546875 0.0780088953125 0.5577445234375 0.084219090625 0.5640736875 0.09162981718749999 0.5658435390625 0.0973606078125 0.5630251015625001 0.10176099375 0.5554211015625 0.099764046875 0.5470727656250001 0.0922311703125 0.5429721296875 0.08274851093749999 0.5405911265625
1 0.066196996875 0.51980094375 0.0690899796875 0.5128040109375 0.068629996875 0.5040269937499999 0.0679287375 0.5030858421875 0.06847666875 0.5011013203125 0.06827223125000001 0.49720042343750004 0.0668697125 0.495318121875 0.0655694140625 0.4953862671875 0.063516746875 0.4935380375 0.058965699999999996 0.4937765484375 0.055919390624999996 0.49784780937499995 0.054823529687500004 0.5018168515625 0.0549257484375 0.5037673 0.0543267078125 0.504776596875 0.0544289265625 0.5067270453125 0.053333065624999995 0.5106960875000001 0.053793049999999995 0.5194731046875 0.057452670312499995 0.5271045328125 0.0646043140625 0.52672973125 0.0652033546875 0.5257204343749999 0.0651011359375 0.5237699859375 0.066196996875 0.51980094375
1 0.1261760296875 0.6193373578125 0.132027375 0.6190307015625 0.1384634890625 0.6050027609375 0.13540290625 0.5963620359374999 0.13134868125000002 0.5936408 0.11649746406249999 0.596374925 0.11405019375 0.5994368890625 0.11406446562500001 0.6121488765625 0.1261760296875 0.6193373578125
1 0.1157962046875 0.5954337734374999 0.130749640625 0.5946500984374999 0.1331458015625 0.590612909375 0.13193345 0.5799195171875 0.12252470156249999 0.5745451921875 0.11857269687500001 0.5737744046875 0.11167659999999999 0.579025328125 0.11068295624999999 0.58494481875 0.1157962046875 0.5954337734374999
2 0.3440580609375 0.5472886781249999 0.34975607656249996 0.54405635 0.35439506875000004 0.5330563015625 0.35188241875 0.5224310531249999 0.3456221984375 0.5149359171875 0.337922625 0.5172952390625001 0.33338585 0.5302457359375 0.333948053125 0.5409732015625 0.3440580609375 0.5472886781249999
2 0.3677926609375 0.52746465 0.37814394375 0.525944259375 0.3864793953125 0.5108388765625 0.38311215781249996 0.4963468046875 0.3790579328125 0.4936255703125 0.37195739843750003 0.494975596875 0.3609191296875 0.508266821875 0.3637384359375 0.5247434140625 0.3677926609375 0.52746465
2 0.3898323609375 0.512618959375 0.3977363734375 0.514160534375 0.403332171875 0.50897775625 0.405714059375 0.49222858125 0.40034526406250004 0.47686350624999996 0.3937926609375 0.4762290109375 0.3859029203125 0.4873994234375 0.385113715625 0.4972198109375 0.3898323609375 0.512618959375
2 0.41971667031250004 0.53550035625 0.420798259375 0.518819328125 0.41513707968749997 0.51031489375 0.4046835796875 0.5098848359375 0.396041471875 0.5191388734375 0.397662696875 0.537634059375 0.41092123437500006 0.541828721875 0.41971667031250004 0.53550035625
2 0.359500025 0.5807059921875 0.36641039375 0.5881670578125 0.37345981875 0.5858418078125001 0.376951840625 0.5778355765625001 0.3726789078125 0.5585014578124999 0.3671199453125 0.5519474718749999 0.3570242125 0.5583439828125 0.35578929375 0.5720993390625 0.359500025 0.5807059921875
2 0.32316533125 0.5591405484374999 0.32542243593750003 0.564889675 0.3349334015625 0.5722144484375 0.3439332765625 0.5697869796874999 0.3469284765625 0.56474049375 0.3455627953125 0.551121428125 0.33324679375 0.5400320515625 0.325700546875 0.5453170468749999 0.32340660625 0.5513046828125 0.32316533125 0.5591405484374999
2 0.403953778125 0.48351971093749996 0.40556073125000003 0.489302909375 0.41106858281249997 0.494881671875 0.4200173484375 0.49147897812499997 0.4258033109375 0.47748511093749996 0.423736371875 0.4629248953125 0.41687711250000004 0.4564390546875 0.4074315265625 0.4628014921875 0.4045896546875 0.47077365000000004 0.403953778125 0.48351971093749996
2 0.39942529531250004 0.45930947031249997 0.40602900937499997 0.46091919062500003 0.4154234859375 0.45358152812499997 0.4147590640625 0.4409036140625 0.40629285 0.42863457499999996 0.40169069375 0.4278978609375 0.3928952578125 0.4342262265625 0.3929606390625 0.4479134375 0.39942529531250004 0.45930947031249997
2 0.323437465625 0.48969519687499996 0.3294053 0.5040509765625 0.3368124921875 0.5085522953125 0.3432628765625 0.5072363421875 0.3468571171875 0.5011805593750001 0.34518478125 0.48171014999999995 0.3422775265625 0.4759950953125 0.33271545156250004 0.4676950984375 0.3247234921875 0.4769150640625 0.323437465625 0.48969519687499996
2 0.305145334375 0.5014107765625 0.3142616984375 0.5136457421875 0.31756355625 0.5144506015625 0.326256771875 0.5061717890625 0.326651375 0.5012615953124999 0.3204279921875 0.4820296953125 0.3156725109375 0.47836730781250003 0.30787071718750003 0.4787761828125 0.30422536718750004 0.483856740625 0.305145334375 0.5014107765625
2 0.3137791484375 0.529317475 0.31371376875 0.5156302640625 0.304597403125 0.5033952968750001 0.294896271875 0.504881615625 0.290702990625 0.51194669375 0.2934711875 0.5274480625 0.3012361453125 0.53877595 0.3137791484375 0.529317475
2 0.38476790625 0.5901386890625 0.391524946875 0.59467408125 0.399568015625 0.5864293390624999 0.3994515234375 0.5717669046875 0.39108752812500003 0.5614483140625001 0.3831324078125 0.558931515625 0.37748550000000003 0.56313906875 0.3784054671875 0.580693103125 0.38476790625 0.5901386890625
2 0.3971944203125 0.566017778125 0.4076479203125 0.5664478359375 0.4115856546875 0.5545066359375 0.41127900000000006 0.548655290625 0.3996642546875 0.5385070640625 0.392563721875 0.539857090625 0.3877714015625 0.5479314671875 0.38828249375 0.5576837078125 0.3971944203125 0.566017778125
2 0.368396571875 0.45212178124999997 0.368818396875 0.4638403734375 0.3745457765625 0.4739314078125 0.38229061249999996 0.47843165625 0.390456346875 0.4762718421875 0.3940511265625 0.467713578125 0.39238618125 0.45798758125 0.3871178265625 0.44931587500000003 0.3779838484375 0.44402200625 0.368396571875 0.45212178124999997
2 0.349039275 0.47768454374999997 0.3461671734375 0.4835000546875 0.3469020546875 0.49385273593749995 0.350204584375 0.5017610453125 0.3598090046875 0.5050099109375 0.36884018125 0.49732066406250003 0.371132021875 0.48594391562499994 0.367279303125 0.474889190625 0.360216690625 0.47237255781250004 0.349039275 0.47768454374999997
2 0.344227975 0.475892878125 0.3544259296875 0.4714468140625 0.3579179515625 0.46344058437499996 0.3573557484375 0.45271311875000003 0.3497441203125 0.444310903125 0.33858936093750003 0.44293969375 0.331744375 0.449165840625 0.3326132328125 0.46574465 0.344227975 0.475892878125
2 0.46044908125 0.5539016171875 0.47105590937499997 0.5572573484375 0.47595045 0.5511334203125 0.47798884375000006 0.5402696625 0.4715241859375 0.5288736296875001 0.4576666109375 0.5256882625 0.4541234796875 0.5327192703125 0.45338538437500003 0.5435148812499999 0.46044908125 0.5539016171875
2 0.4095038015625 0.588450196875 0.4032982984375 0.595744925 0.40286350156250006 0.597375384375 0.40328823593749996 0.60878871875 0.40993320625 0.6164974109375 0.4180223328125 0.61867274375 0.42578543125 0.6146271203125 0.4272425328125 0.6093532046875 0.4255670875 0.59722505 0.418176028125 0.5885159484375 0.4095038015625 0.588450196875
2 0.3965917171875 0.43012089218750005 0.398439946875 0.42806822499999997 0.39974024531249996 0.4280000796875 0.4003392859375 0.42699078281249997 0.402888775 0.42587926718749997 0.402837665625 0.4249040421875 0.40403574531249997 0.4228854484375 0.4036268703125 0.4150836546875 0.4029256109375 0.414142503125 0.40282339218749996 0.4121920546875 0.4014208765625 0.41030975312500007 0.4006173984375 0.40741815312499996 0.39705999531249997 0.4017371734375 0.395759696875 0.40180531875 0.39305687968749997 0.3999911625 0.387855684375 0.4002637453125 0.38725664375 0.40127304218750004 0.3847071546875 0.4023845578125 0.3823109953125 0.40642174531249997 0.381660846875 0.40645581875000003 0.38056498437499997 0.4104248609375 0.38017038125 0.4153350546875 0.380871640625 0.41627620624999995 0.3811271875 0.4211523265625 0.3825808140625 0.424009853125 0.3826830328125 0.42596030156250003 0.384136659375 0.42881782812499997 0.38889214375000003 0.43248021562499994 0.3934431890625 0.43224170468749995 0.39529141874999996 0.43018903750000004 0.3965917171875 0.43012089218750005
2 0.4345904546875 0.5083174828125 0.436029809375 0.49846302187499997 0.43237018593750004 0.49083159375 0.4270156625 0.48817850468749996 0.41322346874999993 0.49868035 0.4130333046875 0.5074914390624999 0.42189412031250006 0.5148502859375 0.4345904546875 0.5083174828125
2 0.29889340937500003 0.4567549015625 0.30869675937499996 0.4572190328125 0.31174306875 0.453147771875 0.313372590625 0.434482221875 0.3099174046875 0.4307516890625 0.3060676171875 0.43193135156249995 0.2963296484375 0.44515443125000004 0.2959350453125 0.450064625 0.29889340937500003 0.4567549015625
2 0.353576353125 0.8284258171875001 0.3610346515625 0.8339023609374999 0.37248179531250003 0.8284129281249999 0.3795169484375 0.8133756906249999 0.3784579234375 0.8056079703125001 0.371496446875 0.7971716828125001 0.3637457625 0.7985557812499999 0.35625062500000004 0.804816 0.352108453125 0.8128563046874999 0.353576353125 0.8284258171875001
2 0.385873409375 0.772948553125 0.398379575 0.775226840625 0.403325225 0.7700781375 0.40370555625 0.7524559562500001 0.3973942265625 0.7439855953125 0.38493916875 0.74268253125 0.37884655 0.750825053125 0.3787586015625 0.7615865921875 0.385873409375 0.772948553125
2 0.4731978703125 0.7722836828124999 0.4817520328125 0.773791184375 0.4892471703125 0.7675309640625 0.490226540625 0.7488994859375 0.4850110734375 0.7364600828125 0.479057509375 0.734816290625 0.4685160625 0.7451477703125 0.468734771875 0.7617606546875 0.4731978703125 0.7722836828124999
2 0.4504366609375 0.7236035109375 0.457639415625 0.7242039328125001 0.464827896875 0.71209236875 0.46466029531249997 0.696454709375 0.4588968984375 0.6859998265625 0.4478954671875 0.6875542890624999 0.44265743437499994 0.6995636359375 0.443424075 0.7141919984375 0.4504366609375 0.7236035109375
2 0.4576845453125 0.675306434375 0.4619432078125 0.681928565625 0.46924818124999995 0.6844794359375 0.48098770625 0.6721293609375001 0.482222625 0.6583740046875 0.4758090765625 0.6479531953125 0.470556771875 0.647250553125 0.46420860625 0.6505169546875 0.457619165625 0.661619221875 0.4576845453125 0.675306434375
2 0.506687028125 0.6649151015625 0.51519008125 0.665447378125 0.5206836609375001 0.658314153125 0.521166209375 0.6426424203125001 0.5162573984375001 0.6360543609375 0.50375123125 0.6337760734375 0.4975563921875 0.639968146875 0.49697162500000003 0.65368943125 0.506687028125 0.6649151015625
2 0.29885791875 0.6924313093750001 0.30112929374999997 0.710892421875 0.3073384046875 0.717412334375 0.318683328125 0.709972453125 0.321371875 0.6990746234375 0.3180046359375 0.684582553125 0.31254789375 0.6799790156250001 0.3073466984375 0.6802515984374999 0.3011518609375 0.686443671875 0.29885791875 0.6924313093750001
2 0.49326687187499996 0.6949555015625 0.49906710781249997 0.693673621875 0.508052709375 0.678534165625 0.506241315625 0.6688500703125 0.49943316718749997 0.6633394546875 0.49313610937499996 0.6675810796875 0.48834378906250003 0.67565545625 0.48745236406250003 0.6835253953125 0.49326687187499996 0.6949555015625
2 0.3069949125 0.723297753125 0.305402228125 0.730226540625 0.3070602921875 0.7369849640624999 0.32002644375 0.74804026875 0.3265279375 0.747699540625 0.33501671875 0.7355198296875 0.3330008875 0.7219348375 0.326791778125 0.7154149234375 0.3142856125 0.7131366359375 0.30988789375 0.71630081875 0.3069949125 0.723297753125
2 0.44376525312500004 0.795340040625 0.4507267296875 0.8037763281249999 0.4546787359375 0.804547115625 0.4596754953125 0.8003736359375001 0.4653592390625 0.7844293203125 0.46464370937500005 0.7707761828125 0.457631121875 0.76136466875 0.4492302875 0.762782840625 0.44224624375 0.7787953015625 0.44376525312500004 0.795340040625
2 0.355668171875 0.731503825 0.3645801 0.7398378937500001 0.37407679374999997 0.7344506796875 0.38126527499999996 0.722339115625 0.3807541828125 0.7125868750000001 0.3744939625 0.7050917375 0.363441421875 0.7056709765625 0.35719547500000004 0.7108878265625 0.3549015328125 0.7168754625 0.355668171875 0.731503825
3 0.63300386875 0.7365273296875 0.6323168828125 0.748298165625 0.63532635625 0.7559636671875001 0.640783096875 0.7605672046875 0.647934740625 0.760192403125 0.6596231593749999 0.7468671046875001 0.662158375 0.7330436015624999 0.6548391328125 0.71778074375 0.6430853328125 0.7174188328125 0.6381396828125 0.7225675359375 0.63300386875 0.7365273296875
3 0.5895686421875 0.7163119124999999 0.5957409140625 0.7345685890625 0.604996334375 0.737017240625 0.6143908109375 0.7296795781250001 0.61326640625 0.708224646875 0.6045957546875 0.6920547109374999 0.594792403125 0.6915905796875 0.591044834375 0.6947206890625 0.5888020015625 0.70168355 0.5895686421875 0.7163119124999999
3 0.6565828265625 0.8008110890625 0.6641433453125 0.8082380812500001 0.673844478125 0.8067517625 0.678381253125 0.793801265625 0.67390388125 0.77056625 0.6644951328125 0.7651919265625 0.6538003578125 0.772597734375 0.6535222453125 0.7921703640625 0.6565828265625 0.8008110890625
3 0.6251426734375001 0.7731217171875 0.6259093124999999 0.7877500796875 0.6322717515625 0.797195665625 0.6389265734375 0.7997806093750001 0.64532585 0.79748943125 0.6495702390625 0.7913995765624999 0.6500527890625001 0.77572784375 0.64509286875 0.7681645609375 0.63248448125 0.763935825 0.62738550625 0.76615885625 0.6251426734375001 0.7731217171875
3 0.6312910328125 0.5918875 0.6380623453125 0.609134878125 0.6466676171875 0.611617603125 0.6573112828125 0.6032365703125 0.6579471609375 0.5904905109375 0.654134209375 0.5799334093749999 0.64782288125 0.5714630484375001 0.6379684203125 0.57002369375 0.6307288296875 0.5811600343750001 0.6312910328125 0.5918875
3 0.6483708125 0.5694785265625 0.6507669734375 0.5654413390624999 0.6522574375 0.556562103125 0.650840646875 0.5419678140624999 0.6437258406249999 0.530605853125 0.637377675 0.533872253125 0.6316428203125 0.5488413453125001 0.633468484375 0.571237428125 0.6483708125 0.5694785265625
3 0.6535945734374999 0.54475719375 0.6603516140625 0.5492925859375 0.66350014375 0.5471717734375 0.669680709375 0.5282677125 0.6674604421875 0.5107818234375 0.6580516937499999 0.5054075 0.6503663921875 0.520478809375 0.6505339921875 0.53611646875 0.6535945734374999 0.54475719375
3 0.6054775375 0.4974058640625 0.6125780703125 0.49605583906249995 0.6197665515625 0.4839442734375 0.6203002125 0.46924776562500004 0.61528918125 0.460709259375 0.607436278125 0.460142909375 0.5987941718750001 0.469396946875 0.59706243125 0.48611205 0.6054775375 0.4974058640625
3 0.6246385265625001 0.5022690953125 0.6269978484375 0.5099686703125 0.63370378125 0.5135288375 0.6388027578125001 0.51130580625 0.6434928609375 0.50128098125 0.6391688156249999 0.48097163906249996 0.6317105171875 0.4754950953125 0.6273127984375 0.47865927812500003 0.6244198171875001 0.4856562125 0.6246385265625001 0.5022690953125
3 0.6454433093749999 0.5011787640625001 0.654800946875 0.5055778640625 0.6607913484375 0.49548489375000004 0.6584688625 0.47604855625000003 0.6528587921875 0.46851934531249995 0.64640840625 0.4698352984375 0.642112909375 0.47494992968750005 0.6412725921875 0.48379509374999996 0.6454433093749999 0.5011787640625001
3 0.590873571875 0.542176846875 0.5931817859375 0.5489011968749999 0.6006400843749999 0.554377740625 0.6064914296875 0.5540710843750001 0.6101736171875001 0.5372537640624999 0.6073543109374999 0.5207771718750001 0.6031978671875 0.5161054875 0.5954471828125001 0.5174895875 0.5913561203125 0.5265051140625 0.590873571875 0.542176846875
3 0.571150378125 0.52658615 0.575306821875 0.5312578328125 0.5865638 0.534579490625 0.589953603125 0.5246228125 0.58568066875 0.5052886937500001 0.576271921875 0.49991436875 0.568879003125 0.5081250359375 0.5679875796875 0.515994975 0.571150378125 0.52658615
3 0.5488040234375 0.53558049375 0.5631073109375 0.534830890625 0.5691999296875 0.52668836875 0.5665339515625 0.5131374484375 0.5623263984375 0.507490540625 0.546671703125 0.5073330671875 0.5424273140625 0.5134229218749999 0.5432450625 0.5290265078124999 0.5488040234375 0.53558049375
3 0.5880934171875001 0.42693003125000006 0.5992481765625 0.428301240625 0.605786509375 0.41622375 0.604625265625 0.40650558124999997 0.5923603734375 0.39639142656250004 0.5864579187500001 0.395722859375 0.5809643390625 0.40285608437500003 0.5810297203125 0.4165432953125 0.5880934171875001 0.42693003125000006
3 0.6460589359375 0.42584799375 0.64692779375 0.44242680312499993 0.6534435609375 0.4547980625 0.658147934375 0.45748522343750003 0.66589861875 0.456101125 0.6709833234375 0.44116610625 0.669120821875 0.4305067875 0.6647599421875 0.42193420625 0.6600044578125 0.4182718203125 0.6489008093749999 0.4178758359375 0.6460589359375 0.42584799375
3 0.6638887671875 0.49238885625 0.666145871875 0.4981379828125 0.6737574984375 0.5065401984375 0.6828084828125001 0.505087953125 0.68689954375 0.4960724265625 0.686541778125 0.48924585625 0.6777177984375 0.47015024843750003 0.67181534375 0.4694816796875 0.663019909375 0.47581004531250004 0.6638887671875 0.49238885625
3 0.5409142828125 0.5467509078125 0.5386203421875 0.5527385437500001 0.5423310734375 0.561345196875 0.5492925515625 0.5697814859375 0.553945815625 0.5714934234375 0.5648450281249999 0.5679885125 0.569381803125 0.5550380140625 0.5676215203125 0.54632914375 0.56146351875 0.5407844546875 0.5491106796875 0.5414318390624999 0.5409142828125 0.5467509078125
3 0.6832601734375 0.5510257078125 0.6896594484375 0.5487345296874999 0.691303240625 0.5427809671875 0.6905366 0.5281526046875 0.686876978125 0.5205211750000001 0.6796231171875 0.5189455296875 0.6709810078125 0.5281995671875 0.67330349375 0.5476359046875 0.6832601734375 0.5510257078125
3 0.695872221875 0.6921606265625 0.7041339984375 0.7005287703125 0.7164357296875 0.6989061609375 0.7219804171875001 0.692748159375 0.7241210312499999 0.6838348515625 0.7230620078125 0.6760671296874999 0.7148002296875 0.6676989875 0.7056981375 0.6681760078125001 0.695156690625 0.6785074890625 0.695872221875 0.6921606265625
3 0.7298024609375 0.7549239953125 0.7433022703125001 0.7512827921875 0.7517910515625 0.73910308125 0.7513821765625 0.7313012890625 0.745516559375 0.7188959578125 0.7287660015624999 0.722707525 0.7201238953125 0.7319615625 0.7215917921874999 0.7475310765625001 0.7298024609375 0.7549239953125
3 0.587178459375 0.7702218234375 0.594293265625 0.781583784375 0.6031029734375 0.7879674062500001 0.6076029109375 0.786753671875 0.6111971515625 0.7806978906250001 0.6098314703125001 0.767078825 0.60136525625 0.7548097859375 0.5908606468750001 0.753404503125 0.5865651484375001 0.758519134375 0.587178459375 0.7702218234375
3 0.6143360390625 0.5917981703125 0.6115595468749999 0.6134575390625 0.632364328125 0.61236720625 0.6269812609375001 0.58429014375 0.6172290203124999 0.5848012375 0.6143360390625 0.5917981703125
3 0.6659580218750001 0.4199156125 0.6710712703125 0.43040456875000005 0.6817803171875 0.435710746875 0.6862291453125 0.43352178906249994 0.6933665171875 0.420435 0.6922052734374999 0.41071683124999997 0.6846958640625 0.4042650640625 0.6748925140625001 0.40380093281249996 0.66625040625 0.41305497031250005 0.6659580218750001 0.4199156125
3 0.6073363765625001 0.37115900156250003 0.60451706875 0.354682409375 0.5988047796875 0.34520275 0.590403946875 0.346620921875 0.585764953125 0.35762097187499997 0.5859836640625 0.37423385468750003 0.5921927734375 0.3807537671875 0.6073363765625001 0.37115900156250003
3 0.57920405625 0.3941472125 0.5840474859375 0.3870480609375 0.58206849375 0.3617263046875 0.5773130109375 0.35806391875 0.5734632234375 0.3592435796875 0.567472821875 0.36933655 0.5659312484375 0.37724056250000004 0.5668001078125 0.3938193734375 0.57920405625 0.3941472125
3 0.5735014078125 0.5714464609375 0.5782568921875 0.575108846875 0.5927135078125 0.5772849156250001 0.60065435625 0.5670897265625 0.5996975515625 0.5612724546875001 0.5941896984375 0.55569369375 0.5734360265625 0.5577592499999999 0.5719455625000001 0.5666384859375 0.5735014078125 0.5714464609375
3 0.573190121875 0.7396620359375 0.58379695 0.743017765625 0.5879902296874999 0.7359526875 0.587121371875 0.7193738765625 0.583958571875 0.7087827015625 0.5741041109375 0.707343346875 0.5701663765625 0.719284546875 0.5702828671875 0.7339469828125 0.573190121875 0.7396620359375
3 0.6092821921875 0.545123703125 0.607791728125 0.5540029390625001 0.6098586671875 0.5685631546875001 0.6164255437499999 0.5819096375 0.6215756296875 0.5806618296875 0.6251187609375 0.5736308234374999 0.6251044890624999 0.5609188359374999 0.6215839234375 0.54350109375 0.6179754109375 0.5368448890625 0.6133732546874999 0.5361081750000001 0.6092821921875 0.545123703125
3 0.7014441078125 0.48748695625 0.7067475203125 0.48916482187500004 0.715937559375 0.47792626250000003 0.716127725 0.46911517187499996 0.7111166953125 0.460576665625 0.701364453125 0.4610877578125 0.697171171875 0.46815283750000003 0.6965864046875 0.48187412187499995 0.7014441078125 0.48748695625
3 0.6386743109374999 0.396897925 0.643137409375 0.40742095312500004 0.6496389046875 0.4070802234375 0.6533353640625 0.402974890625 0.654825828125 0.39409565468749996 0.6521455781250001 0.367832746875 0.6445339484375 0.35943053125 0.6400340140624999 0.360644265625 0.6371410296875 0.3676412 0.6386743109374999 0.396897925
3 0.522164484375 0.462656009375 0.5243704796875 0.4674299109375 0.53157323125 0.468030334375 0.535919840625 0.46389092656250003 0.5379582359375 0.4530271703125 0.5373449234375001 0.44132447968750005 0.5342332328125 0.43170852968749995 0.5271326984375 0.43305855624999995 0.52139784375 0.44802764687499996 0.522164484375 0.462656009375
3 0.5237263078125001 0.5173367078125 0.5270935453125001 0.531828778125 0.5341572421875 0.5422155156249999 0.5400085875 0.541908859375 0.542850459375 0.5339367015625001 0.5386286359375 0.5155778078125001 0.5329163453125 0.5060981484375 0.5268605640625 0.5025039078125 0.5243621859375 0.5045906484375 0.5237263078125001 0.5173367078125
0 0.6723052203125001 0.727622315625 0.68405901875 0.7279842265625 0.691298609375 0.7168478875 0.6907875156250001 0.7070956453125 0.681123221875 0.6968452 0.6686681640625001 0.6955421359375 0.663123475 0.7017001375 0.6638901140625 0.7163285 0.6723052203125001 0.727622315625
0 0.7588975625 0.7876257796874999 0.760109915625 0.798319171875 0.7643174687500001 0.8039660796874999 0.770972290625 0.8065510234375 0.7831206921875 0.8020027421875 0.78591145625 0.7930553609375 0.783143259375 0.7775539921875 0.777686515625 0.7729504546875 0.7666850843749999 0.77450491875 0.761688328125 0.7786783984375 0.7588975625 0.7876257796874999
0 0.7334275609375001 0.6872587265625001 0.7423905953125 0.6965680203125 0.7501412796875 0.695183921875 0.756387228125 0.6899670718750001 0.7586300609375 0.6830042125 0.7553650421875 0.6704625890625 0.7472565921875 0.66502011875 0.7395059078124999 0.6664042171875 0.7328653578125001 0.6765312609375 0.7334275609375001 0.6872587265625001
0 0.7755339453125 0.6821183171875 0.78538840625 0.6835576718749999 0.789632796875 0.6774678171875 0.7881137875 0.660923078125 0.777646015625 0.647781034375 0.76844170625 0.6463076062499999 0.7630503453124999 0.6553912796875 0.7650150640625 0.6680010484375 0.7755339453125 0.6821183171875
0 0.7532304062499999 0.729248621875 0.7646407125 0.7354959515624999 0.7721869578125 0.73021095625 0.7748755015625 0.7193131265625 0.77036129375 0.7078148734374999 0.760302396875 0.702474621875 0.75010444375 0.706920684375 0.7488184171875 0.7197008171875 0.7532304062499999 0.729248621875
0 0.8517653671875 0.5568632640625 0.8559729203125 0.562510171875 0.8664264203125001 0.5629402296875 0.8722123843749999 0.5489463625 0.87240255 0.5401352734375 0.8692397484375001 0.5295440984375 0.860430040625 0.5231604765625 0.8547320234375 0.52639280625 0.850589853125 0.534433109375 0.8517653671875 0.5568632640625
0 0.8238766375000001 0.48498215 0.82717849375 0.48578700937499997 0.8389180218750001 0.473436934375 0.83835581875 0.46270946874999996 0.832490203125 0.45030413906250005 0.8214376609375 0.450883378125 0.8128466624999999 0.46111263906250005 0.8142123437500001 0.4747317046875 0.8238766375000001 0.48498215
0 0.83815138125 0.458808571875 0.8415186203125 0.47330064375 0.8511318046874999 0.48257586406249997 0.8606796093750001 0.478163875 0.864361796875 0.461346553125 0.86400403125 0.45451998437499996 0.8597453703125 0.447897853125 0.8502855109375 0.4415483046875 0.83883836875 0.4470377375 0.83815138125 0.458808571875
0 0.8292311609375 0.48763523906249995 0.8295520906249999 0.506198571875 0.8333650390624999 0.516755671875 0.8426204593750001 0.519204325 0.8501667062499999 0.5139193296875 0.8517962265625 0.49525377812500004 0.849283575 0.48462853125 0.8443747640625 0.4780404734375 0.8371209015625001 0.47646482656250005 0.83212414375 0.48063830625000004 0.8292311609375 0.48763523906249995
0 0.8449678265625 0.42715845156250004 0.8486274484375 0.43478988125000007 0.856889225 0.4431580234375 0.8673427265625 0.44358808125 0.871178240625 0.42969643281250003 0.8698125609374999 0.4160773671875 0.8588479671875 0.40589506875000003 0.849745875 0.40637208906250005 0.8448513343749999 0.4124960171875 0.8449678265625 0.42715845156250004
0 0.8277977859375 0.5473624234375001 0.8344668796875 0.562659353125 0.8429699312500001 0.5631916296874999 0.8492669875000001 0.5589500046875 0.849136225 0.5315755828125 0.8430804421874999 0.5279813421874999 0.8359287999999999 0.5283561437500001 0.8302307828125001 0.5315884718749999 0.8279368406250001 0.537576109375 0.8277977859375 0.5473624234375001
0 0.8332093953124999 0.600863459375 0.8490174187499999 0.6039466078125 0.8500990093749999 0.587265578125 0.8466806625000001 0.5717982828125 0.8411728109375 0.566219521875 0.8313694593750001 0.565755390625 0.8285275875 0.5737275484375 0.8294986640625 0.5922568078125 0.8332093953124999 0.600863459375
0 0.8498945718750001 0.58336468125 0.8560668453125 0.6016213578125 0.86142136875 0.604274446875 0.8710713906249999 0.6018129046875 0.8748557984374999 0.5869460328125 0.87088951875 0.573463259375 0.858076696875 0.5653336265625 0.8522253515625 0.5656402828125 0.849829190625 0.5696774703124999 0.8498945718750001 0.58336468125
0 0.915417678125 0.46976024531249994 0.9250382 0.47897640781249995 0.9354808234374999 0.47577803906250005 0.9344941703125 0.46257427656249994 0.9316582531250001 0.45344358125 0.9236000750000001 0.445912609375 0.914236003125 0.44580683906249996 0.910857759375 0.455859725 0.915417678125 0.46976024531249994
0 0.7939637859374999 0.4366767796875 0.8037302984375 0.44887767343749996 0.8135847593750001 0.450317028125 0.817982478125 0.4471528453125 0.8186694640625 0.43538200937499993 0.81010103125 0.42116252187500003 0.8046953984374999 0.41753420781250006 0.7962434546875 0.41797715625 0.7928025421875 0.4269586109375 0.7939637859374999 0.4366767796875
0 0.8159095593749999 0.3827199046875 0.8282624000000001 0.3820725203125 0.8337048703125 0.373964071875 0.831586821875 0.3584286296875 0.8231206078125 0.346159590625 0.8140696234375 0.3476118359375 0.8060265578125 0.3558565765625 0.8066398687499999 0.367559265625 0.8159095593749999 0.3827199046875
0 0.8270278609374999 0.930740625 0.8363854999999999 0.935139725 0.84333270625 0.9308640265625 0.84405653125 0.9073564281250001 0.8333332125 0.8893382624999999 0.8247790500000001 0.8878307609375 0.8163924890625 0.9019609203125001 0.8177581703125 0.9155799859375 0.8270278609374999 0.930740625
0 0.8166194921875001 0.8814130671875 0.8299148640625 0.8738709671875 0.8334068859375 0.8658647359374999 0.8319900984374999 0.851270446875 0.8210766125 0.842063371875 0.8127779984375 0.8454319921875 0.80813900625 0.8564320406249999 0.8083577140625 0.873044925 0.8166194921875001 0.8814130671875
0 0.8356639906250001 0.8716138625 0.8449336828125 0.8867745015624999 0.8490390171875 0.8904709609375001 0.8562417703125 0.8910713828124999 0.8630867578125001 0.8848452375000001 0.8635693078125 0.8691735046875 0.8577548 0.8577433984375 0.8482438328124999 0.850418625 0.8359932125 0.8530164578124999 0.8356639906250001 0.8716138625
0 0.905133740625 0.9158903390625 0.9093412921875 0.9215372468749999 0.9166973734375 0.9250633421875 0.9244991671875 0.9246544671875 0.9318920859375 0.9164437984375 0.9305264062499999 0.902824734375 0.9210154390625 0.8954999609375 0.9105619390624999 0.895069903125 0.9039213875 0.9051969468750001 0.905133740625 0.9158903390625
0 0.8223258015624999 0.8410200015625 0.8351386265625 0.849149634375 0.845986728125 0.8446694984375 0.845424525 0.8339420328125 0.83490564375 0.8198247640625 0.8236486671875 0.8165031062500001 0.81870301875 0.8216518109375001 0.817964921875 0.832447421875 0.8223258015624999 0.8410200015625
0 0.872673715625 0.7816630234375 0.8808843828124999 0.7890559421875001 0.8892341078125 0.7866625468749999 0.8964736984374999 0.77552620625 0.897467340625 0.7696067156249999 0.8958092765625001 0.7628482921875 0.8909004656249999 0.756260234375 0.8792999937499999 0.75882399375 0.872608334375 0.7679758125 0.872673715625 0.7816630234375
0 0.93656656875 0.66976734375 0.94037951875 0.6803244453125 0.9451861109375 0.6849620562500001 0.9534336171875 0.6806182109375001 0.9582259375 0.6725438359375 0.9556110671875 0.659968140625 0.9472981812500001 0.6506247734375 0.9388462390625 0.6510677203124999 0.9360043656249999 0.659039878125 0.93656656875 0.66976734375
0 0.8420287453125 0.7940259890625 0.850736234375 0.7984591609375 0.8587793015624999 0.7902144203125 0.8589694671875 0.78140333125 0.8523514828125001 0.767081625 0.8457477687500001 0.7654719046875 0.839005 0.7736485 0.8355640875000001 0.7826299546875 0.8420287453125 0.7940259890625
0 0.734327278125 0.6422280515625001 0.7478270890625 0.6385868484375 0.7556657203125 0.6264412109374999 0.7536498890625001 0.61285621875 0.7448401828125 0.606472596875 0.73394096875 0.6099775078125 0.72665026875 0.6201386249999999 0.7267156515625001 0.6338258359375 0.734327278125 0.6422280515625001
0 0.879658728125 0.45467745937500004 0.8811266249999999 0.4702469734375 0.8887893640625 0.47962441250000004 0.90064538125 0.48193677343749997 0.904341840625 0.4778314390625 0.90732276875 0.4600729671875 0.9028596703125 0.44954993906249996 0.89605151875 0.44403932343749997 0.8881475078125 0.4424977484375 0.8824494906250001 0.445730078125 0.879658728125 0.45467745937500004
0 0.8838971390625 0.39871488125 0.87832390625 0.37944890781249996 0.8750220499999999 0.3786440484375 0.8667745437500001 0.38298789218749996 0.860185103125 0.394090159375 0.8607473062500001 0.404817625 0.8723620484374999 0.4149658515625 0.8838971390625 0.39871488125
0 0.8036851687500001 0.49777517187500003 0.8093974562499999 0.50725483125 0.8202087234375 0.5145114578125 0.8272581484374999 0.5121862078125 0.82799624375 0.501390596875 0.8255858109374999 0.49271579687499995 0.8157170796875001 0.47856445625 0.8091133656249999 0.47695473593750004 0.8030207468749999 0.4850972578125 0.8036851687500001 0.49777517187500003
0 0.58300968125 0.130891946875 0.5951580828124999 0.126343665625 0.6023976734375001 0.115207325 0.599782803125 0.10263162968749999 0.59227339375 0.0961798625 0.5813741828125 0.0996847734375 0.574784740625 0.110787040625 0.57534694375 0.12151450625 0.58300968125 0.130891946875
0 0.6233557843749999 0.11704266562500001 0.6309674109375 0.12544488125 0.6388203140625001 0.1260112296875 0.645818628125 0.12271075625000001 0.6488138296875 0.1176642703125 0.646798 0.104079278125 0.6405888890625 0.097559365625 0.629485240625 0.0971633796875 0.6233926203125 0.1053059015625 0.6233557843749999 0.11704266562500001
0 0.7541881796875 0.42409279062499994 0.7520475656250001 0.43300609999999995 0.753858959375 0.44269019531250003 0.762770884375 0.451024265625 0.770470459375 0.44866494218749997 0.777352284375 0.43070203281249997 0.777133575 0.41408914843750005 0.7749786890625 0.4102904703125 0.7677759375 0.4096900484375 0.7582792421875 0.4150772625 0.7541881796875 0.42409279062499994
0 0.853107134375 0.3709914359375 0.8601565593749999 0.3686661859375 0.8649488812499999 0.360591809375 0.8623851203124999 0.3489913390625 0.8548246015625001 0.341564346875 0.8443199921875 0.340159065625 0.8369270734375001 0.3483697328125 0.8374892765625 0.3590971984375 0.853107134375 0.3709914359375
2 0.335008425 0.772680565625 0.341765465625 0.7772159578125 0.3500129703125 0.7728721140625 0.3517447109375 0.7561570109375 0.345075615625 0.7408600812499999 0.3358201953125 0.7384114296875001 0.3284272765625 0.746622096875 0.3299973953125 0.764142059375 0.335008425 0.772680565625
2 0.5051574125 0.772564559375 0.5163121703125 0.77393576875 0.5241508015624999 0.76179013125 0.5215870421875 0.7501896609375 0.5119738546875 0.7409144390625 0.5027695453125001 0.7394410109375 0.49537662656250003 0.7476516796875 0.49684452500000004 0.7632211921875001 0.5051574125 0.772564559375
2 0.5057504734375 0.7216825390625 0.514750346875 0.7192550703125 0.5196817234375 0.7013943796875 0.517717003125 0.6887846109375 0.512106934375 0.6812554015625001 0.50445846875 0.6845899484375 0.4980734640625 0.6995931125 0.498138846875 0.7132803234375 0.5057504734375 0.7216825390625
2 0.47033574843750003 0.7176711296875 0.47849530625 0.724088825 0.485595840625 0.7227387984375 0.48919008125 0.7166830171874999 0.49042499843750004 0.702927659375 0.48685332499999995 0.6845346921875 0.4793439140625 0.678082925 0.47369700625 0.682290478125 0.4684589734375 0.6942998234375 0.47033574843750003 0.7176711296875
2 0.3714117828125 0.40992665781250004 0.3773142375 0.41059522499999995 0.38520397812499996 0.3994248125 0.38493415937500003 0.38183670468750003 0.379375196875 0.37528271874999997 0.373626071875 0.3775398234375 0.3689870796875 0.388539871875 0.36830009218750004 0.4003107078125 0.3714117828125 0.40992665781250004
1 0.1061710625 0.48641310625 0.0982159421875 0.48389630781250004 0.084525965625 0.49634860156249994 0.0856361 0.505091546875 0.0930943984375 0.5105680890625 0.10438821406250001 0.502152984375 0.1061710625 0.48641310625
1 0.16090242187499998 0.41117995937499996 0.17041338749999999 0.41850473125 0.1760602953125 0.4142971796875 0.18461445781250002 0.4158046796875 0.1877118765625 0.41270864218750003 0.18569604687500002 0.39912365 0.1815907125 0.395427190625 0.1660382359375 0.3972201640625 0.16139924375 0.40822021406250003 0.16090242187499998 0.41117995937499996
1 0.196615509375 0.4582034484375 0.20732455781249998 0.463509628125 0.211072125 0.46037951875000005 0.2094508984375 0.4418843328125 0.2062001515625 0.442054696875 0.1991875640625 0.432643184375 0.1909911671875 0.4379622515625 0.1908521125 0.4477485671875 0.196615509375 0.4582034484375
3 0.6352619421875 0.431303353125 0.6384984171875 0.4184210015625 0.6374393921875 0.41065328125 0.62912650625 0.4013099140625 0.6207767828125 0.4037033109375 0.6222078453125001 0.4310095859375 0.626313178125 0.43470604531249996 0.6352619421875 0.431303353125
3 0.6065246046875 0.40542813750000006 0.6154222593750001 0.40105022031250004 0.6181619140625 0.391127615625 0.6170517796875 0.3823846703125 0.610791559375 0.37488953281250004 0.597993009375 0.3794718875 0.5919003890625001 0.38761440937499997 0.5916591140625 0.3954502765625 0.6065246046875 0.40542813750000006
3 0.5461845234375 0.69707171875 0.5580916499999999 0.700359303125 0.5659813890625001 0.689188890625 0.5673185265625 0.67738398125 0.56075165 0.6640375 0.552197490625 0.6625299984375 0.542116025 0.681638496875 0.54262711875 0.6913907390625 0.5461845234375 0.69707171875
3 0.6029031671875 0.609999590625 0.6087545109375 0.609692934375 0.6135325609375 0.5889065703125 0.61066214375 0.5714547546875 0.6065568109374999 0.5677582953125 0.6002086453125 0.571024696875 0.5952772687500001 0.5888853875 0.596796275 0.605430125 0.6029031671875 0.609999590625
3 0.5412743640625 0.4665440171875 0.5490761578125001 0.46613514218749996 0.5597198234375 0.457754109375 0.5618093281250001 0.4478655765625 0.5536497687499999 0.44144788124999995 0.5435029234375001 0.44686916875 0.53930964375 0.4539342484375 0.539119478125 0.4627453390625 0.5412743640625 0.4665440171875
0 0.7539814265625 0.5072253531250001 0.7569397906249999 0.51391563125 0.7663485375 0.51928995625 0.778496940625 0.514741675 0.7829826046874999 0.5008159531249999 0.781770253125 0.49012256093750006 0.7729605453125 0.4837389390625 0.7607610328125001 0.4873119953125 0.7540693734375 0.496463815625 0.7539814265625 0.5072253531250001
0 0.71153849375 0.25715080156250003 0.7220942140625 0.2595313078125 0.727536684375 0.251422859375 0.7270767 0.242645840625 0.7179603359375 0.23041087500000001 0.7063087546875 0.2319994109375 0.7034157734375001 0.2389963453125 0.7046281265625 0.2496897375 0.71153849375 0.25715080156250003
0 0.6144355625 0.14586933124999998 0.614793328125 0.1526959 0.6204545078125 0.161200334375 0.6304111859375 0.1645901390625 0.64014915625 0.15136705781249998 0.63888569375 0.139698440625 0.633275625 0.13216923125 0.6278699921875 0.1285409171875 0.6189723359375 0.13291883437500002 0.6144355625 0.14586933124999998
0 0.6806379765624999 0.2646376453125 0.6885930984375 0.26715444375 0.69533586875 0.2589778484375 0.6941235156250001 0.2482844546875 0.6843570031249999 0.2360835609375 0.6783012203125 0.23248932031249997 0.672909859375 0.24157299375000002 0.673523171875 0.25327568437500003 0.6806379765624999 0.2646376453125
0 0.6823043359375001 0.23423533124999998 0.6944159 0.24142381249999997 0.700661846875 0.23620696406250002 0.70119550625 0.22151045625000002 0.6968346265625 0.212937875 0.6835249812499999 0.2077679890625 0.6793317015625 0.2148330671875 0.6794993 0.23047072656249998 0.6823043359375001 0.23423533124999998
0 0.7890015499999999 0.51614695625 0.796510959375 0.5225987234375 0.8049629015624999 0.5221557765625 0.8062489296875001 0.50937564375 0.798228425 0.493171634375 0.7899666484375001 0.48480349218749996 0.784421959375 0.49096149218749996 0.785137490625 0.5046146312500001 0.7890015499999999 0.51614695625
0 0.8982634921875 0.49868594843749997 0.8977523984375001 0.48893370625 0.8935448453125 0.4832868 0.8863420937500001 0.4826863765625 0.8753038249999999 0.49597760312499994 0.8746679484375001 0.5087236625 0.8887810703125 0.51678515 0.8982634921875 0.49868594843749997
0 0.85571139375 0.507761328125 0.860466878125 0.5114237140625 0.8693134234375 0.5060705734375001 0.8715051468749999 0.4981324890625 0.8703950125000001 0.48938954375000004 0.8635868640625001 0.48387892812500005 0.8558361796874999 0.4852630265625 0.8520886109375001 0.48839313593749994 0.85571139375 0.507761328125
0 0.906911578125 0.539304634375 0.911243915625 0.522453240625 0.9111785343750001 0.5087660296875 0.9089725390625001 0.5039921265625 0.9049183140625001 0.5012708921875 0.89781778125 0.5026209171875 0.8912426109375 0.526435171875 0.8928127281249999 0.543955134375 0.906911578125 0.539304634375
0 0.7821041046875 0.2974582359375 0.7899570078125 0.298024584375 0.79685310625 0.29277366250000003 0.7967877234375 0.2790864515625 0.7884748359375 0.269743084375 0.7787225953125 0.27025417812499997 0.7727321953125 0.2803471484375 0.7738934375000001 0.2900653171875 0.7821041046875 0.2974582359375