0 0.8887928703125001 0.07849029375 0.8724608890625 0.06791910625 0.84927854375 0.073952609375 0.83995145625 0.0864567890625 0.8348664703124999 0.116464128125 0.8394925546875 0.144583825 0.8484020296875 0.1688162921875 0.8783598187500001 0.21492167499999998 0.9072146171875 0.23374985312500002 0.9209719640625 0.2310756953125 0.9324407484374999 0.2166278984375 0.9337578625 0.162915978125 0.9306110875 0.146727225 0.9106993937500001 0.1047783234375 0.8887928703125001 0.07849029375
0 0.8497987546875001 0.22352800468749998 0.8388454921875 0.21038399062500002 0.8278019828125001 0.21405794218750002 0.8192841515625 0.22640482187500002 0.8127688140625 0.2490536328125 0.8042096890625 0.28279089687500003 0.8034080984375 0.3089110046875 0.81389479375 0.3542192515625 0.8355642031249999 0.3836079953125 0.8461334828125 0.3861354703125 0.863888153125 0.3781023765625 0.8768775359375001 0.3541951375 0.8796816218749999 0.3383769640625 0.88432600625 0.2672178625 0.8794628093749999 0.2421988796875 0.868460590625 0.22448244687500002 0.8497987546875001 0.22352800468749998
0 0.9447205015625 0.5303944125 0.9171415250000001 0.4792447 0.8991910328125 0.46898812031250003 0.8851476140625 0.4701905734375 0.8655862734375 0.4862114046875 0.8596430765624999 0.5118036265625 0.8598389 0.5300933 0.8725162484375 0.5780303484375 0.8915207734375 0.610991715625 0.913427296875 0.637279746875 0.924805834375 0.6396499171875 0.9368957124999999 0.6327179484375 0.9486016125000001 0.6151694390625 0.9535473937500001 0.59740765 0.9549700812499999 0.5788033718750001 0.9447205015625 0.5303944125
0 0.8356527359375001 0.0384184125 0.8304132203125001 0.028745692187499998 0.8200810546874999 0.023117504687500002 0.79708686875 0.021477875 0.782569221875 0.0288817546875 0.7785718984375001 0.0342406890625 0.7739611421875 0.058046600000000004 0.7739275140624999 0.1053997890625 0.7770742890625 0.12158854375000001 0.7937412953125 0.13820385468750002 0.8111273125 0.171479828125 0.817936384375 0.17626552499999998 0.8335493578125 0.17017604687500001 0.8385930500000001 0.16155909531249998 0.838446184375 0.147841840625 0.832103678125 0.11089191406250001 0.8419952421874999 0.0753683390625 0.8356527359375001 0.0384184125
0 0.7979344421875 0.1511345921875 0.7872182953125 0.13488986249999999 0.7692678015625 0.1246332828125 0.7576521515625 0.125363825 0.7412788781249999 0.1361830234375 0.7351888140625 0.1480579921875 0.7346243375 0.1710773875 0.739487534375 0.1960963703125 0.7502526375 0.2169135171875 0.75854868125 0.25959295937500004 0.7651206375 0.2674793703125 0.7833984921875 0.25781726875 0.7983414140625 0.23963954531249998 0.8070963609374999 0.224191953125 0.8100396484375001 0.19612823125 0.80403216875 0.16522242812500001 0.7979344421875 0.1511345921875
0 0.90201341875 0.35389115000000004 0.8798774437500001 0.3566666375 0.8632257640625 0.39197693437500003 0.8668054749999999 0.42335464843750004 0.8798101875000001 0.45137301562500004 0.9228063140625 0.4781435765625 0.9473700578124999 0.47489618125 0.9609805375 0.45850477031250003 0.9639727812500001 0.435013465625 0.961823421875 0.4109942765625 0.9542953421875 0.3895479171875 0.9223427234375 0.359103403125 0.90201341875 0.35389115000000004
0 0.9318903374999999 0.7711489203124999 0.9219834453125 0.7547468890625 0.9024144421875 0.744804915625 0.8832783750000001 0.7500519 0.874621340625 0.7746443296875001 0.87410581875 0.802236140625 0.8781108062499999 0.822840009375 0.8990199140625 0.8569584750000001 0.907218046875 0.8904930828125 0.9202640484375 0.8971210640624999 0.9332121390625 0.894604209375 0.9407325562500001 0.8900877671874999 0.9478689906250001 0.8749547828124999 0.9488097859375 0.836589125 0.9425162359374999 0.804211615625 0.9318903374999999 0.7711489203124999
0 1 0.496919115625 0.9875957281250001 0.470131725 0.9745497249999999 0.46350374375000003 0.9624108890624999 0.46586329375 0.9554626140625 0.47332314843749995 0.9481380203124999 0.4961292640625 0.949624990625 0.5340230109374999 0.9576839203124999 0.5798031671875 0.9709747015625 0.609293240625 0.9884509640625 0.625751246875 1 0.6250248921875 1 0.496919115625
0 0.9776522328125001 0.6522872890625 0.9646062296875 0.64565930625 0.9481350453124999 0.64733366875 0.9222465265625001 0.67833018125 0.9091668953125 0.7190553890625 0.91317188125 0.7396592578125001 0.9315063546875001 0.760532378125 0.9362226859374999 0.7718341078125001 0.9535520828124999 0.7745748609375 0.96906714375 0.7593405468750001 0.972443371875 0.7464657828125 0.9873373359375 0.7237156421875001 0.995945415625 0.694550796875 0.9952264062499999 0.6778901312500001 0.9776522328125001 0.6522872890625
0 0.78633114375 0.3549951484375 0.7834781015625001 0.366240903125 0.7889623968749999 0.3987757140625 0.8086935953125 0.47436054843750003 0.8313191265625001 0.5173092453125 0.8470300109375 0.5203646046875 0.854452515625 0.5067033249999999 0.8577308328125 0.484683725 0.8461901 0.416670690625 0.8337085765625 0.3870233140625 0.8054672109375 0.34974816249999996 0.78633114375 0.3549951484375
0 0.8607277640625 0.6383596296875 0.8534444640625001 0.6397753609375 0.8435941921874999 0.6539085499999999 0.8420322984374999 0.684758378125 0.8469444515625 0.7143497812499999 0.8549467625 0.729594715625 0.8629567343750001 0.7708024531250001 0.8679591359375 0.7835758875 0.8778996546875 0.7526247296874999 0.8914611796875 0.7316608984374999 0.8947394953125001 0.7096413 0.8933014796875 0.676319971875 0.8779179562499999 0.6533459328125 0.8607277640625 0.6383596296875
1 0.130462384375 0.6749243546875 0.11922305156249999 0.660308634375 0.10479565312500001 0.6508945453125 0.06076081875 0.6533448046875 0.049005964062500004 0.6663208953125 0.044632323437499996 0.68702609375 0.0464956125 0.709573578125 0.061977046875 0.7416924546875 0.07921619375 0.7612511734375 0.0974527578125 0.772979459375 0.11668673593750001 0.776877309375 0.127444175 0.7717316515625 0.1375805171875 0.7590701671875 0.1421912734375 0.73526425625 0.1374672796875 0.6979997234375 0.130462384375 0.6749243546875
1 0.1221769796875 0.5070033109375001 0.1054610171875 0.4858155828125 0.09593810625 0.48003009218750003 0.07390004375 0.49195041406250006 0.060910659374999995 0.515857653125 0.0574441859375 0.545550384375 0.0686009328125 0.6029468765625 0.07993817656249999 0.6267074328125 0.092223878125 0.6380651359375 0.10146071875 0.642378921875 0.11412273906249999 0.6383903640625 0.12902436875 0.6416030265625 0.1401091703125 0.6165386875000001 0.140289665625 0.5829027531250001 0.1327539234375 0.5354935875 0.1221769796875 0.5070033109375001
1 0.1271150984375 0.46327871875 0.13591899999999998 0.45240354375 0.135248946875 0.44031529843749995 0.139295225 0.43952878125000006 0.13500416875000001 0.4174532078125 0.1397617921875 0.40736455156250007 0.1399009953125 0.395119003125 0.13175181875 0.3661568140625 0.11832183437499999 0.348912290625 0.10441762031249999 0.3378691921875 0.08627896874999999 0.33528574375 0.0684753421875 0.3387464171875 0.05319739531249999 0.35088001874999997 0.0404451265625 0.371686546875 0.036169396874999996 0.4015365796875 0.036700245312500004 0.42587037499999997 0.040942346875 0.44337353124999995 0.050137893749999995 0.46907770156249995 0.06218648125 0.48353612031250004 0.067090971875 0.48716471875 0.0969844765625 0.47677207499999996 0.11660243749999999 0.491286465625 0.1302618734375 0.47946747187499994 0.12697589375 0.47552426875 0.1271150984375 0.46327871875
1 0.104601090625 0.15302885156249998 0.0948410671875 0.150344075 0.0835604421875 0.1571187390625 0.061725865625 0.213291540625 0.06002476875 0.2563869171875 0.06774867031250001 0.2961229515625 0.08318115000000001 0.323669409375 0.10222696875 0.335240390625 0.11869815312500001 0.3335660265625 0.1326849515625 0.301828353125 0.1410972078125 0.2543738328125 0.14004317500000002 0.231669046875 0.1319842453125 0.185888890625 0.1250772625 0.1719583578125 0.104601090625 0.15302885156249998
1 0.109189309375 0.8592821640625001 0.09613564375 0.826691378125 0.08351491562499999 0.8092895515625 0.0663247234375 0.79430325 0.0508509515625 0.7881471796875 0.0468046734375 0.7889336953125 0.0771281421875 0.9449344171874999 0.09113026874999999 0.96512235 0.10112740625000001 0.964706415625 0.1121219609375 0.9564600437499999 0.1189723234375 0.939855353125 0.11881779374999998 0.9001752953125 0.109189309375 0.8592821640625001
1 0.26440104531249997 1 0.2604681984375 0.9764984218749999 0.249940209375 0.9525805609375 0.23160573593749997 0.9317074406250001 0.21908291875 0.9234504484375 0.20746726718750003 0.9241809921874999 0.191715090625 0.9425160187499999 0.1827719859375 0.965636740625 0.1758313734375 0.9990593984375 0.175858184375 1 0.26440104531249997 1
1 0.1697625859375 0.7604511640625 0.15886594375000002 0.7778423703125 0.153780959375 0.8078497078125 0.16970299375 0.881120346875 0.1922306140625 0.91492420625 0.2133202171875 0.9154067359375 0.230879065625 0.889083971875 0.23115747031249997 0.864592871875 0.2178590265625 0.8091399953125 0.20480536093750001 0.7765492093749999 0.195470609375 0.7630905875 0.180806096875 0.7567772125000001 0.1697625859375 0.7604511640625
1 0 0.3380811 0.011966646875 0.33751210625 0.028242009375 0.3175480703125 0.042891195312500005 0.2719358375 0.036499734374999995 0.23041349375000003 0.030115935937499998 0.214853953125 0.0114953921875 0.19250912656250002 0.000640040625 0.188509946875 0 0.18977053906250002 0 0.3380811
1 0 0.111767653125 0.010964542187499999 0.16817533125 0.0323968375 0.20066478906250002 0.052440070312499996 0.2044053359375 0.0634835796875 0.2007313828125 0.06933652968750001 0.1919571265625 0.0750426109375 0.16946561875 0.0761792296875 0.149389634375 0.06988567968750001 0.1170121265625 0.0545924046875 0.07722011875 0 0.0878318078125 0 0.111767653125
1 0.1573512921875 0.48489300156250004 0.141975434375 0.48788176562499996 0.13022058125 0.500857859375 0.12708146874999998 0.5106319078125 0.14100100937499999 0.5736006140625001 0.189710884375 0.60384246875 0.1958988578125 0.6011123375 0.20108175625000002 0.580249834375 0.2069347046875 0.5714755796875 0.1969711953125 0.5245383265625 0.18568290625 0.5053501875 0.1720158078125 0.49120637812499995 0.1573512921875 0.48489300156250004
1 0.0044692203125 0.4199169609375 0.0016238421874999998 0.45712551875 0.003724246875 0.47657229062499995 0.01068785 0.52103804375 0.0237904703125 0.55820125 0.0335994515625 0.5654584453125 0.045975403124999994 0.55999818125 0.0541092515625 0.5370347609375 0.053905765625000004 0.49278228437499993 0.0510450609375 0.4780652359375 0.033512178125 0.4310720078125 0.0163219859375 0.4160857046875 0.0044692203125 0.4199169609375
1 0.1241245671875 0.8151416375 0.1066070125 0.8200740156249999 0.09965873750000001 0.8275338703124999 0.115098878125 0.88104313125 0.12192327656249999 0.9377544359375 0.1363017203125 0.9425961062500001 0.154056390625 0.9345630140625 0.1608577984375 0.9133859062499999 0.16537064375 0.880435159375 0.1606956046875 0.8477430437500001 0.15321648125 0.8308691015624999 0.14202610468750002 0.8208257984375 0.1241245671875 0.8151416375
1 0.170550615625 1 0.1722593265625 0.9936444890624999 0.16744508281249998 0.9731979234375 0.1564918203125 0.9600539078124999 0.12335362812499999 0.9451129593750001 0.105982940625 0.9637625953125 0.0919884796875 0.9695374640625 0.0923724609375 0.98015400625 0.105837265625 1 0.170550615625 1
1 0.16223748124999998 0.587800396875 0.14509624375000002 0.5773865140625001 0.1405267796875 0.579802040625 0.1422019109375 0.6100226546874999 0.13597264375 0.634143171875 0.1263594859375 0.6451756484375 0.111743928125 0.6434346921875 0.1107465140625 0.6512651265625 0.12493679687499999 0.6637799281250001 0.1376554390625 0.6903265921874999 0.1441784390625 0.693640584375 0.164695903125 0.691179703125 0.176213640625 0.6813043249999999 0.1856799328125 0.6565545937499999 0.184674853125 0.638422225 0.1710000921875 0.598315609375 0.16223748124999998 0.587800396875
2 0.23221105312499998 0.079350025 0.2248787953125 0.0761933359375 0.20674014375 0.0736098875 0.19003184374999998 0.0783849625 0.1812279421875 0.0892601375 0.17690325625 0.114537753125 0.17843151875000002 0.13104111406250002 0.1895806046875 0.162474803125 0.205724428125 0.18071912031249998 0.23090926406249998 0.1849875515625 0.24357128593750002 0.18099899218749999 0.2513288171875 0.1733818359375 0.25993689531249997 0.14421699062499999 0.25450155625000004 0.11625459687499999 0.24754561718749998 0.0977516453125 0.23221105312499998 0.079350025
2 0.1975829140625 0.17771973593749998 0.1844389984375 0.1619469171875 0.15454549374999998 0.1723395609375 0.1449323375 0.1833720359375 0.138940184375 0.2043918421875 0.1453316453125 0.24591418593749997 0.1519525578125 0.2583730125 0.1615244234375 0.268730921875 0.1843304515625 0.2780436828125 0.1951368453125 0.27747044375 0.21845839374999998 0.2591913921875 0.2303524515625 0.23396975000000003 0.23096588437499999 0.21552277343749998 0.217675103125 0.1860327 0.1975829140625 0.17771973593749998
2 0.3050104375 0.112545909375 0.2833976484375 0.11369238906250001 0.27245205 0.1265111765625 0.2656016859375 0.1431158671875 0.26408875 0.1785381125 0.270194140625 0.218588753125 0.284294178125 0.24792152343749999 0.2891986671875 0.251550121875 0.306430153125 0.2451460359375 0.31737574999999996 0.232327246875 0.324128203125 0.206577721875 0.3244968578125 0.16526865468750002 0.3190125625 0.13273384375 0.31320090624999997 0.1201177140625 0.3050104375 0.112545909375
2 0.2413393421875 0.199760575 0.2346281796875 0.204119715625 0.232298325 0.2137364625 0.23306628906250001 0.23496954374999998 0.2387876984375 0.26440364375000003 0.2471250328125 0.2856927 0.2646992078125 0.3112955421875 0.2757916734375 0.312194009375 0.3048269671875 0.29738625 0.30391979999999996 0.28839871875 0.28953369375000004 0.25759424375 0.2570991828125 0.20738835312499998 0.2413393421875 0.199760575
2 0.234602215625 0.277435709375 0.22022377343750002 0.2725940390625 0.2048479140625 0.275582803125 0.1909513625 0.2905025109375 0.1944331640625 0.3127353859375 0.203342640625 0.336967853125 0.21758187968749998 0.3540550734375 0.2385322828125 0.366783153125 0.2555266515625 0.3634797828125 0.260047159375 0.3564918390625 0.2613719375 0.328742725 0.2571298359375 0.31123956875 0.2499367828125 0.29583733125 0.234602215625 0.277435709375
2 0.2819796484375 0.3094638765625 0.269750565625 0.3286413953125 0.26294915625000004 0.34981850312499996 0.2602429828125 0.37478151249999997 0.264820109375 0.39832879062500004 0.2848220515625 0.42345972343750005 0.2983422828125 0.4238862796875 0.3080043953125 0.4174262203125 0.3207077109375 0.3920472765625 0.325506625 0.36056823437499996 0.324501546875 0.3424358640625 0.3174476953125 0.314788078125 0.3075897609375 0.3029584640625 0.2819796484375 0.3094638765625
2 0.33391888125 0.313113715625 0.32706851718749996 0.3297184046875 0.327550409375 0.3494797828125 0.3363206828125 0.3859577984375 0.350706790625 0.41676227343749994 0.367422753125 0.4379500015625 0.384515034375 0.4437914671875 0.37492784375 0.38150795 0.3645880140625 0.3499169578125 0.3655364734375 0.3375141046875 0.3583847109375 0.30072148125 0.3529570359375 0.29872189374999997 0.33391888125 0.313113715625
2 0.29087082343750004 0.432975140625 0.268204 0.41141683125000006 0.2533023703125 0.4082041703125 0.243068115625 0.41172081875 0.23336471250000002 0.4395712625 0.2327023234375 0.45344582187500004 0.23785159218750002 0.479936509375 0.2517145125 0.5123699921875 0.26738410468749996 0.5368157375 0.287337090625 0.5573742515625 0.315758953125 0.5610134703125 0.32270722812499997 0.553553615625 0.3328848625 0.5195017453124999 0.327212409375 0.49464006562499996 0.3142077 0.466621696875 0.29087082343750004 0.432975140625
2 0.24457041406250002 0.501540171875 0.233184215625 0.4732071984375 0.2114735140625 0.465208840625 0.1997676171875 0.48275735 0.196440346875 0.50020453125 0.20535748593749997 0.5503998015625 0.21369482187500002 0.571688859375 0.2244109671875 0.5879335875 0.243603653125 0.6132218234375 0.2619794203125 0.6127045578125 0.27054620625000003 0.6049300984375 0.27520591875 0.58569660625 0.2738658140625 0.5615201140625 0.26576559375 0.53713034375 0.24457041406250002 0.501540171875
2 0.36275709218749996 0.75959230625 0.34923685937500004 0.75916575 0.3356263796875 0.7755571609375 0.33206199375 0.7961050546874999 0.3390745515625 0.845143228125 0.34774691406249997 0.8724764078125 0.355463153125 0.8862496375 0.36613034375 0.8979219468749999 0.3761764390625 0.9020784296875 0.39254971250000004 0.89125923125 0.3988615640625 0.8243579421874999 0.39323806562499997 0.8040686796875001 0.3783287734375 0.7748932125 0.36275709218749996 0.75959230625
2 0.43961042031249997 0.817964478125 0.42413665 0.81180840625 0.411474628125 0.8157969656249999 0.40267072812500004 0.8266721374999999 0.3952558859375 0.866296221875 0.39460116093750003 0.9061335843749999 0.3958433546875 0.9211652406249999 0.4047528296875 0.94539770625 0.42151775 0.971157853125 0.4348008671875 0.9746851234375 0.4490814 0.97038195625 0.457689478125 0.9412171109375 0.45996271406250006 0.9010651421875 0.45652220468750004 0.8574418796875 0.4489451703125 0.8314231 0.43961042031249997 0.817964478125
2 0.2786311015625 0.5773942609375 0.27064412031249996 0.6140749359375001 0.2711260125 0.6338363124999999 0.276847421875 0.6632704109375 0.2903263609375 0.685087353125 0.3089881984375 0.6860417921875 0.3207920078125 0.67763811875 0.32707023125 0.6580900203125 0.3253951 0.6278694046875 0.3282970984375 0.62119606875 0.3129059109375 0.572259225 0.2974321421875 0.5661031515625 0.2786311015625 0.5773942609375
2 0.3363696390625 0.3905302171875 0.3233236359375 0.383902234375 0.3139063015625 0.41322438437500003 0.2962495421875 0.43040231249999994 0.30320548125 0.44890526406250003 0.322161053125 0.47729421250000004 0.3341683484375 0.5131430156250001 0.33988209375 0.5166143109375 0.35487397187499997 0.5030090046875 0.36147955625 0.46354222343749996 0.3606626375 0.4377367234375 0.3363696390625 0.3905302171875
2 0.2299442171875 0.6250408171874999 0.22270987187500002 0.631028965625 0.22171245781249999 0.6388594000000001 0.24860308125000002 0.7771996640625 0.2533194109375 0.7885013921875 0.2581749453125 0.7875575718750001 0.26997875625 0.7791538984375 0.2753498109375 0.7506182671875 0.273813884375 0.7081521015625001 0.26380141875 0.656642428125 0.25355950156249996 0.6341962750000001 0.2391321015625 0.6247821859375 0.2299442171875 0.6250408171874999
2 0.27346055625 0.8013867749999999 0.2605614203125 0.8084760484375 0.25799445 0.8211935078125 0.2694862234375 0.884634121875 0.2767771875 0.9091811953125 0.2995342609375 0.9139215374999999 0.31248235156250004 0.911404684375 0.32533253125 0.8997429921875 0.3339895671875 0.875150565625 0.32597959374999996 0.8339428281249999 0.308691490625 0.809811690625 0.29212239375000004 0.802341215625 0.27346055625 0.8013867749999999
2 0.368489140625 0.663784803125 0.362685146875 0.6771314765625001 0.3625948984375 0.6939494421875 0.3687492453125 0.7385725 0.376040209375 0.7631195749999999 0.3909984578125 0.7968674578125 0.404142371875 0.8126402765625 0.42975248437499997 0.8061348640625001 0.4311262171875 0.782958165625 0.425355853125 0.74895165 0.39953459062499996 0.6852417828124999 0.3836768390625 0.66846916875 0.368489140625 0.663784803125
2 0.3337430734375 0.5239168609375 0.326230321875 0.5543961078125 0.3200913015625 0.5616986578125001 0.316952190625 0.5714727078124999 0.323196784375 0.5992777968749999 0.3356783109375 0.6289251734375 0.344726990625 0.640912090625 0.35067784999999996 0.6412826734375 0.36162345 0.628463884375 0.37156396875 0.597512725 0.3635050390625 0.5517325703125 0.3450726546875 0.5217146125000001 0.3337430734375 0.5239168609375
2 0.379295534375 0.6632115625 0.422423203125 0.6517737703125001 0.4227505640625 0.6318550890625 0.41073560468750003 0.5700434828125001 0.385697634375 0.5794923062499999 0.375275221875 0.5906820859375 0.36548156718749997 0.6353504984375 0.37000974062499997 0.654325359375 0.379295534375 0.6632115625
2 0.49426177656250003 0.494242496875 0.49297062656249996 0.4746384234375 0.47844531718749994 0.456079496875 0.46758996562500005 0.4520803171875 0.42279483124999995 0.45926029843749994 0.41289560312500007 0.4688210703125 0.40619210624999996 0.49914301562499996 0.4082925109375 0.5185897859375 0.41329491249999994 0.5313632187499999 0.4256295703125 0.5472933421875 0.43572462187500005 0.5560222421875001 0.46367225312500004 0.5658628859375 0.48252225 0.5591441968749999 0.4939910328125 0.5446964000000001 0.501601696875 0.5233619890625001 0.5011687593749999 0.508173028125 0.49426177656250003 0.494242496875
2 0.4836252390625 0.5864214015625 0.47696303437500004 0.595352959375 0.4679709734375 0.613901265625 0.456558809375 0.658884284375 0.45490666874999997 0.7065520796875 0.46010489374999997 0.7376151859375 0.47606055625000004 0.7635326375 0.495294534375 0.7674304875 0.5103353671875 0.7583976 0.5249355984374999 0.7082129484374999 0.5272990828124999 0.6512430140625 0.5175726859374999 0.6012050453125 0.5071426109375 0.586432021875 0.4968104453125 0.5808038343749999 0.4836252390625 0.5864214015625
2 0.4728690609375 0.11199103749999999 0.4498259203125 0.1057789921875 0.42702755625 0.122429034375 0.4087573625 0.158053940625 0.40780890468750003 0.1704567921875 0.41181389218750003 0.1910606625 0.41705340625 0.20073338281250003 0.440243415625 0.220662684375 0.4559543 0.22371804218750002 0.48212889062500003 0.1941932359375 0.48964164375 0.1637139890625 0.488538653125 0.136436784375 0.48134560000000004 0.12103454531249999 0.4728690609375 0.11199103749999999
2 0.6052141078125 0.758282778125 0.574078409375 0.7536437640625 0.5609421578125 0.76383375 0.5579009578125 0.7827526359375 0.5620528124999999 0.8170737593749999 0.568436609375 0.8326332984375 0.603871028125 0.885310690625 0.626439940625 0.8977241625 0.6460991921875 0.8908481703125 0.6543309546875 0.8770295859375 0.6520836828125 0.8438655609374999 0.632081740625 0.8187346281250001 0.6222161421875 0.7809422109375 0.6052141078125 0.758282778125
2 0.5597795750000001 0.857225728125 0.5433986375 0.842082121875 0.5325432875 0.8380829437499999 0.5093609421874999 0.8441164453125 0.49356747187499994 0.8838418593749999 0.49590499218749995 0.9001879171875 0.5073401468750001 0.933093309375 0.51881659375 0.9446083156249999 0.5342903640625 0.9507643890624999 0.54723845625 0.948247534375 0.5579469390625 0.938529459375 0.5715987109375 0.9007476609375 0.5712147296875 0.8901311203125 0.5661144171875 0.8682128499999999 0.5597795750000001 0.857225728125
2 0.3762632578125 0.22851723281249997 0.3793351140625 0.3134495625 0.387010059375 0.34861317812500003 0.39220061875 0.35371348125 0.40943210468749996 0.3473093953125 0.42284676093750007 0.3126283109375 0.422937009375 0.2958103453125 0.413496684375 0.24724408125 0.4065407453125 0.22874113125 0.39339683281250004 0.2129683125 0.38125799531250004 0.21532786406249999 0.3762632578125 0.22851723281249997
2 0.397469075 0.1388658015625 0.38156236718750003 0.1175207703125 0.36903955 0.1092637796875 0.3582821125 0.1144094359375 0.351996225 0.10799473281250001 0.34714069062499997 0.108938553125 0.341336696875 0.1222852265625 0.3410093359375 0.14220390624999998 0.34763791093749996 0.18062553750000002 0.368784134375 0.211643290625 0.3780209734375 0.2159570765625 0.3893015984375 0.2091824109375 0.40372899687499997 0.2185965 0.4082984609375 0.21618097500000003 0.41248394375 0.2031489078125 0.40709755937500003 0.1797589328125 0.4071388515625 0.15836854843749998 0.397469075 0.1388658015625
2 0.398723621875 0.3570274703125 0.39367992812499997 0.3656444234375 0.3916850984375 0.3813052921875 0.40455060468750004 0.42156921093750005 0.43345435937500004 0.44496980468749997 0.46349473124999996 0.4482944171875 0.47339395937499995 0.43873364531250003 0.47705625625000003 0.4273305875 0.47271624375 0.40068259531250006 0.457709040625 0.3623622921875 0.43804212500000006 0.34327548124999996 0.4209988 0.3420064359375 0.398723621875 0.3570274703125
2 0.49507103125 0.49408519375 0.49297062656249996 0.4746384234375 0.47844531718749994 0.456079496875 0.46758996562500005 0.4520803171875 0.42279483124999995 0.45926029843749994 0.41208634843749997 0.46897837343750004 0.40590603593749996 0.4976713109375 0.4065760890625 0.5097595562499999 0.41329491249999994 0.5313632187499999 0.4256295703125 0.5472933421875 0.43572462187500005 0.5560222421875001 0.46367225312500004 0.5658628859375 0.479571296875 0.5612451140625 0.4939910328125 0.5446964000000001 0.50212488125 0.5217329796875 0.5017408999999999 0.5111164390625 0.49507103125 0.49408519375
2 0.5971245265625 0.6086514046875 0.5815115515625 0.614740884375 0.5606667265625 0.6371204421875001 0.555197759375 0.6565112390625 0.5549193515625 0.6810023375 0.5606897156249999 0.71500885625 0.5704084484374999 0.7390840187500001 0.577503590625 0.7453414203125 0.5958793578125 0.7448241546875 0.6009720062499999 0.740779621875 0.61490985 0.7044695296875 0.6198969234375 0.66531735625 0.6182707484375001 0.639669159375 0.6036475265625 0.611965396875 0.5971245265625 0.6086514046875
3 0.598793253125 0.1333331953125 0.592466075 0.148308878125 0.5901928375 0.188460846875 0.5976796265625001 0.2312975921875 0.6094008515625 0.265674690625 0.6233050640625 0.2767177875 0.6437246171875 0.2651120703125 0.6511394593750001 0.2254879875 0.649129303125 0.18922325 0.6406451 0.1542169375 0.6307382078125 0.13781490624999998 0.6157876234375 0.130029825 0.598793253125 0.1333331953125
3 0.7309271515625 0.7094096546875 0.715404425 0.6986811656249999 0.6994564265625 0.69872651875 0.6852814671874999 0.7381373250000001 0.69386358125 0.7822884718750001 0.704677640625 0.8076780375 0.7211564890625 0.8319664781249999 0.7380116546875 0.8409086578125 0.7525782578125 0.838077196875 0.7659026671875 0.8202140796874999 0.7691809828125 0.7981944796875 0.7665573921875 0.7803767171875 0.7463106734375 0.7323836953125 0.7309271515625 0.7094096546875
3 0.6648525390625 0.39540862187500003 0.6471881171875 0.386623746875 0.6359074921875 0.3933984109375 0.6296782234375 0.4175189296875 0.63201574375 0.43386498749999997 0.6475950890625 0.47512869999999996 0.67259943125 0.513033065625 0.6935498328125 0.5257611468750001 0.70830459375 0.5152565546875 0.7133895796874999 0.4852492171875 0.7104799203125001 0.46595975 0.7037610953125 0.444356084375 0.688900759375 0.41975303750000004 0.6648525390625 0.39540862187500003
3 0.7207767421875 0.19056951093750002 0.7058751125 0.1873568484375 0.684834465625 0.19144673750000002 0.6698425875 0.2050520421875 0.6678967124999999 0.2252853296875 0.66804358125 0.23900258437500002 0.6765767375 0.27858131406250003 0.687006815625 0.2933543375 0.7022434703125 0.3026111234375 0.7392321187500001 0.29847588125 0.7534147390625 0.2850278796875 0.75616986875 0.2646372890625 0.7494923375 0.2216432390625 0.7442528203125 0.2119705171875 0.7207767421875 0.19056951093750002
3 0.753592259375 0.4025963484375 0.7359278375 0.393811475 0.7294537937500001 0.3950699015625 0.7168896828125 0.4082032953125 0.71546699375 0.42680757500000005 0.719234865625 0.45051215781250004 0.7287164828125 0.477688034375 0.751244103125 0.5114918921875 0.7656715015625 0.52090598125 0.78133343125 0.5193889234375 0.79403674375 0.49400997812499997 0.7932198265625 0.468204478125 0.7895498640625 0.4536447328125 0.7697360828125 0.4208406671875 0.753592259375 0.4025963484375
3 0.7540145593750001 0.5430269109375 0.7428318468749999 0.5589464125 0.7371257640625 0.581437921875 0.7453728515625 0.6195449453124999 0.7577075109375 0.6354750671875 0.7767043734375 0.64247363125 0.8145925249999999 0.6213631187499999 0.820968659375 0.6109598546874999 0.8212470671875 0.5864687546875 0.815860684375 0.56307878125 0.8053816515625 0.5437333390625 0.7841941359375 0.5341059718750001 0.7540145593750001 0.5430269109375
3 0.82023135 0.6935779875 0.8032293171875 0.6709185546875001 0.7907065 0.6626615640625 0.76690305625 0.6611792390625 0.7549600437499999 0.6818284625000001 0.7500142624999999 0.69959025 0.7520657109375 0.7144646031249999 0.75897269375 0.7283951359375 0.7789746359375 0.75352606875 0.801592503125 0.7705119609375 0.8124478546875 0.7745111390625 0.819445084375 0.7716237031250001 0.826630475 0.7610631375 0.8312901859374999 0.7418296437499999 0.8246616109374999 0.7034080125 0.82023135 0.6935779875
3 0.7389477609374999 0.6253757906249999 0.6960985015625 0.612322484375 0.6642514578125 0.6169856109375 0.65745005 0.6381627203125 0.6637436 0.6705402281249999 0.6782689109375 0.6890991515625 0.698075028125 0.6959404124999999 0.7091185390625 0.6922664609375 0.7357337296875001 0.703893415625 0.7419217046875 0.701163284375 0.749058140625 0.6860303 0.7491896796875 0.6478219468749999 0.7463289750000001 0.633104896875 0.7389477609374999 0.6253757906249999
3 0.556538 0 0.5556762234375 0.019529385937499998 0.5637764437499999 0.04391915625 0.5742065203125 0.058692181249999996 0.59534508125 0.063747128125 0.6191408593750001 0.03926665 0.6325555171875 0.004585565625 0.6329061796875 0 0.556538 0
3 0.5826907234375 0.09369849218750001 0.5781135953125001 0.0701512140625 0.5516789 0.024888321875 0.5260198328125 0.026821315624999998 0.51407681875 0.0474705390625 0.515416925 0.07164703125 0.5106103453124999 0.0771632703125 0.5123267671875 0.0859935 0.5171823015625 0.0850496796875 0.5230918703125 0.106810646875 0.539758878125 0.12342595625 0.549518903125 0.126110734375 0.57374761875 0.116819215625 0.578554196875 0.11130297656249999 0.5826907234375 0.09369849218750001
3 0.5872725390625 0.2944129796875 0.5817546171875 0.309231359375 0.58356895 0.3272064234375 0.5970478906250001 0.349023365625 0.6037667156250001 0.3706270296875 0.617719884375 0.3862425453125 0.6584687406249999 0.37984908125 0.6679350312500001 0.35509935000000004 0.662164665625 0.3210928328125 0.64482760625 0.29238927656249997 0.5998366484375001 0.2812795859375 0.5872725390625 0.2944129796875
3 0.67825186875 0.30880192812499996 0.673878228125 0.329507128125 0.676689978125 0.3396517578125 0.6698885671875 0.360828865625 0.6684658796875 0.3794331453125 0.6740893781249999 0.3997224078125 0.70037720625 0.43126804375 0.704472440625 0.4350539453125 0.7108975296875 0.4292231 0.718696353125 0.40021555781249996 0.73206971875 0.386924859375 0.7336316109375 0.35607503125 0.7232428265624999 0.319911621875 0.689009309375 0.303656271875 0.67825186875 0.30880192812499996
3 0.8144503468750001 0.7848130734375001 0.796213784375 0.7730847890625 0.7802657843749999 0.7731301421875 0.7710366093750001 0.7947791609375 0.7684283468750001 0.8288870062499999 0.77057770625 0.8529061953125 0.786059140625 0.8850250703125001 0.79748663125 0.8919676609374999 0.8074837703125001 0.891551725 0.82114320625 0.8797327296875 0.8335604484375001 0.85288208125 0.8363645328124999 0.8370639078125001 0.832400840625 0.795069653125 0.824970671875 0.7827681296875 0.8144503468750001 0.7848130734375001
3 0.883618090625 0.9332632328124999 0.885850034375 0.91450165 0.8691677 0.8459607328125 0.8572170234375 0.8406471515625 0.8405576781249999 0.8499946453125 0.8199086765624999 0.890663878125 0.8148726453125 0.925243634375 0.8180683765625 0.94600480625 0.883618090625 0.9332632328124999
3 0.5561061859375 0.1859227515625 0.5566370359375 0.210256546875 0.560216746875 0.2416342609375 0.5688891093749999 0.268967440625 0.5798913265625 0.286683875 0.588556025 0.28805424999999996 0.597597040625 0.2740783640625 0.5997800296875 0.2507443640625 0.5859996921875 0.175530109375 0.5720954796875 0.1644870125 0.5616241093750001 0.1711043734375 0.5561061859375 0.1859227515625
3 0.657344475 0.6030550781249999 0.6777640265625 0.5914493640625 0.68517886875 0.5518252796875001 0.68007855625 0.5299070078125 0.6616951249999999 0.5044614703125 0.6455100109374999 0.5076075375 0.6339509796875 0.5388733015625 0.643105234375 0.585967859375 0.657344475 0.6030550781249999
2 0.5061175171875 0.3392068359375 0.4774998328125 0.3172779453125 0.46055441718749995 0.3251537328125 0.45699003281249995 0.345701628125 0.45846934062500005 0.3576325703125 0.47709755 0.40594020156250005 0.49500675000000005 0.4375871671875 0.51329226875 0.45388787031250005 0.5213848249999999 0.4523148359375 0.5296165859374999 0.438496253125 0.5334670421875 0.4194200640625 0.5302713109375 0.39865889062500004 0.522122134375 0.36969670312499997 0.5061175171875 0.3392068359375
2 0.5444999125 0.5409877140625 0.5345853578125 0.49862287812500006 0.5184828296874999 0.4589881734375 0.5030580140625001 0.45740451875000004 0.49430306875 0.4728521109375 0.5026970234375 0.5246763890625 0.4972770125 0.5486396046875 0.4876638546875 0.55967208125 0.49099878906249994 0.568187703125 0.50928430625 0.5844884078125 0.5200004546875 0.600733134375 0.5324253609375 0.599845290625 0.5401828906249999 0.5922281328125 0.5460771328125 0.5620634921875001 0.5444999125 0.5409877140625