1 0.27529433281250004 0.06701755625 0.2766796359375 0.08242394374999999 0.2997443671875 0.1139198296875 0.335356859375 0.11449796875 0.3607351046875 0.0830812078125 0.3640428359375 0.0380441703125 0.3430748984375 0.009411546875 0.3095592015625 0.011696671875 0.2816930734375 0.0427193890625 0.27529433281250004 0.06701755625
1 0.38685784375 0.08721864375 0.38099155156250003 0.12425695625 0.38283862343749997 0.14479880625 0.39293150625 0.1615843390625 0.41741921875 0.167993975 0.44013054374999994 0.16146644375000002 0.45641012343750004 0.131139759375 0.45978853593749996 0.0937074046875 0.44333458906249995 0.060727401562500005 0.408113184375 0.0576800421875 0.38685784375 0.08721864375
1 0.367341215625 0.17018705 0.347259134375 0.1923179875 0.33346743437500004 0.2230387140625 0.3236196 0.2771645515625 0.323902325 0.3075832859375 0.33570091562500004 0.3297013015625 0.3552128671875 0.335322853125 0.36384976562500004 0.329097315625 0.39050963125 0.2573849390625 0.39637592499999996 0.22034662656249998 0.39189961093750003 0.18420136874999998 0.3818067265625 0.1674158359375 0.367341215625 0.17018705
1 0.38862488281249996 0.2773357265625 0.374442096875 0.31052567343750004 0.3601509484375 0.3766035734375 0.3605750390625 0.4222316734375 0.37656721718749997 0.4500762140625 0.395155634375 0.44542684218749995 0.41026195625 0.4225078203125 0.42313012031249997 0.38151616875 0.4307397984375 0.3093177015625 0.4208966390625 0.2748535828125 0.40589867812499997 0.26488465 0.38862488281249996 0.2773357265625
1 0.466432325 0.1403206078125 0.44041326875 0.19188517656249998 0.4312062421875 0.22586320624999998 0.43777935 0.2648717265625 0.4470193796875 0.27899101718749997 0.46894853124999997 0.27740192812500003 0.50491910625 0.2274135265625 0.521910178125 0.1845437171875 0.5273147015624999 0.142369940625 0.5158365171875 0.110178021875 0.4918105703125 0.1089038484375 0.466432325 0.1403206078125
1 0.286876203125 0.15491148125 0.27230233125000003 0.1905706484375 0.2671475296875 0.2150658359375 0.269988815625 0.25348329375 0.276740965625 0.26720854374999997 0.293303271875 0.2673005921875 0.30560130937499996 0.25406143281250004 0.31814906875000004 0.2231436859375 0.32746445468749996 0.1562777015625 0.32234733125 0.140280253125 0.3065671984375 0.1352497625 0.286876203125 0.15491148125
1 0.2563384796875 0.2994133859375 0.234762734375 0.3390258921875 0.227581821875 0.3682625 0.2193690125 0.4201161390625 0.22004282343749998 0.4480656515625 0.231450328125 0.47265288749999995 0.253770565625 0.468594578125 0.268024034375 0.4430093140625 0.285264828125 0.3824609171875 0.29237505937499997 0.345619625 0.2917012484375 0.3176701125 0.277414778125 0.29515805624999997 0.2563384796875 0.2994133859375
1 0.325287628125 0.322989671875 0.3064494859375 0.3453176328125 0.2837004828125 0.3923378 0.273781965625 0.4388589546875 0.2732118375 0.466611446875 0.283375403125 0.4910016625 0.2974498296875 0.49069967031250006 0.3163586515625 0.47597639375 0.3412044484375 0.4318194875 0.3524375859375 0.3931000375 0.3557453171875 0.348063 0.352333903125 0.3373980328125 0.325287628125 0.322989671875
1 0.43340204531250004 0.37301843125 0.420783603125 0.39633149375 0.41047399999999995 0.4453218703125 0.4211700140625 0.48245223125000003 0.45902066250000007 0.5011029984375 0.475903371875 0.49112114375000004 0.4852517625 0.4723524796875 0.49197090781249997 0.437980409375 0.490976690625 0.4201048015625 0.4765488578125 0.382383378125 0.44328288281250006 0.3669899125 0.43340204531250004 0.37301843125
1 0.44339124375 0.334101959375 0.45277263593750006 0.3634306171875 0.490161515625 0.376945921875 0.5045563468750001 0.366570025 0.5159308484375 0.343059940625 0.5217971421875001 0.306021628125 0.50573428125 0.2705724046875 0.4837344484375 0.2645568109375 0.4500397078125 0.2921252046875 0.44339124375 0.334101959375
0 0.51048396875 0.5143163109375 0.49001080156250004 0.538916471875 0.4656267734375 0.5882088390625 0.45727260000000003 0.6248531109375 0.46338393906249997 0.65872616875 0.47052717499999996 0.669982196875 0.5056779 0.6654248734375 0.5311268250000001 0.641612796875 0.5519203984375001 0.6069387328125 0.5646472 0.550737715625 0.5636529828125 0.5328621078125 0.5530983328125 0.5109411125000001 0.51048396875 0.5143163109375
0 0.6195596 0.5341233578125 0.6095373984375 0.5249425078125001 0.5863643078125 0.5263345765625 0.5745280390625 0.5447091984375 0.5628331328125 0.5782931859375 0.5525942109375 0.6348882453125 0.5528769359375 0.6653069781250001 0.5584558265624999 0.686439890625 0.5714276765624999 0.70115024375 0.5942096828125 0.7022273953125 0.60448160625 0.6937296578125001 0.6206905046875 0.6557982906250001 0.6253835390625 0.6261676390625001 0.6274473281249999 0.5809335812499999 0.6195596 0.5341233578125
0 0.6345198828124999 0.5845849265624999 0.6521094093750001 0.6506499046875 0.684593209375 0.670981809375 0.70264918125 0.6535922921874999 0.72010201875 0.6158579453125 0.7225568953125 0.568154665625 0.7064233546875001 0.525100759375 0.6693548781249999 0.50151155 0.64234160625 0.535200509375 0.6345198828124999 0.5845849265624999
0 0.6281541453124999 0.6569804140625 0.6118038828125 0.679702415625 0.6045852890625001 0.7494316609375 0.611690846875 0.801180328125 0.622245496875 0.8231013218750001 0.6388784843749999 0.8307980546874999 0.6594930140625 0.8214072609375 0.6721821375 0.80569888125 0.6861528796874999 0.749694884375 0.68022058125 0.69053855625 0.6492304421874999 0.6527250828125 0.6281541453124999 0.6569804140625
0 0.483819428125 0.6746186468750001 0.451759715625 0.699914840625 0.442943775 0.7314236484375 0.442444328125 0.7667808234375 0.451363953125 0.79097401875 0.46845870781250004 0.8038062140625 0.5019744046875 0.8015210906249999 0.5196392875 0.7866007921875 0.537162809375 0.7564711296875 0.5453049359375 0.6970128078125 0.5326534921875 0.6722285515624999 0.483819428125 0.6746186468750001
0 0.59839859375 0.7965438781249999 0.5655237046875 0.77868119375 0.5572778921875 0.7824375109374999 0.5381193453125 0.814839375 0.5314002 0.8492114453124999 0.533317953125 0.8773579796875 0.5586915218749999 0.9345311765625001 0.5736894828125 0.944500109375 0.595618634375 0.9429110203125 0.6200733453125 0.9012233343749999 0.6264720875 0.8769251671875 0.6270422156250001 0.8491726765625 0.616416884375 0.8196469984375 0.59839859375 0.7965438781249999
0 0.466041509375 0.8110168546875001 0.44937084374999997 0.8438127609375 0.44030518125 0.89300015625 0.44215225 0.9135420062499999 0.454021521875 0.9432647046874999 0.4931867921875 0.969717178125 0.5161478390625 0.945511059375 0.525425546875 0.9191377125000001 0.528874640625 0.8893100421875 0.5205958265625 0.8449690390625 0.5067004421875 0.8199877609374999 0.466041509375 0.8110168546875001
0 0.6900967437500001 0.773099996875 0.6567554109375 0.8386918078125 0.649324775 0.8856070031250001 0.6499985859375 0.913556515625 0.6614060921875 0.9381437515625001 0.6734544046875001 0.9425831796875 0.7081810390625 0.8923977578125 0.733064515625 0.8077482140625 0.734558178125 0.7902666468749999 0.7243239328125 0.7582717484375 0.7044208921874999 0.7551194156250001 0.6900967437500001 0.773099996875
0 0.7687240375 0.5906538 0.7575285765625 0.5888806125 0.7214166390625001 0.6236596484375 0.7027198609374999 0.661196975 0.69521854375 0.7005074890625 0.6974567 0.7185801171875 0.7084731171875001 0.745636575 0.7242532500000001 0.7506670640625 0.7484582390625001 0.7266579671875 0.7659817578125 0.696528303125 0.7809467171875 0.658399915625 0.7856397515625 0.628769265625 0.782548740625 0.60803039375 0.7687240375 0.5906538
0 0.6183650265625 1 0.619074453125 0.971937684375 0.6097637421875 0.9502137109375 0.5874435046875 0.9542720203125 0.5450081828125 0.9323639484375 0.528657921875 0.95508595 0.523112034375 0.9820503578125 0.5247260203125 1 0.6183650265625 1
3 0.26563983750000003 0.49831727656249997 0.2505711953125 0.48074366093750004 0.23152101093750002 0.4802575703125 0.20777778906250002 0.50940213125 0.201308365625 0.5260956140624999 0.1951923515625 0.5808125140625 0.20105396875 0.632364159375 0.2141671796875 0.6622838796875 0.222945440625 0.6712677078125 0.2473624734375 0.6700726609375 0.2792808234375 0.6295670999999999 0.2864617375 0.600330490625 0.28276759687499997 0.5592467921875001 0.26563983750000003 0.49831727656249997
3 0.1952960359375 0.63651451875 0.1805808 0.6569643187499999 0.16685978125 0.695289728125 0.1547361109375 0.771835575 0.158039165625 0.8153884953125001 0.16774096249999998 0.8346432484375 0.1979866078125 0.8369025265625 0.20701459375 0.8282077671874999 0.22446743125 0.7904734203125 0.23282160312500003 0.7538291484374999 0.236308375 0.683508840625 0.21796968125 0.670479625 0.1952960359375 0.63651451875
3 0.193288896875 0.9551231343750001 0.21308825312500002 0.9025734609375 0.20473875625 0.8506277750000001 0.191375821875 0.8383866421875 0.17442243125 0.840763815625 0.1383811734375 0.883147534375 0.11563217031249999 0.930167703125 0.113676740625 0.94251380625 0.193288896875 0.9551231343750001
3 0.357507678125 0.6267700390625001 0.34002183750000003 0.616407065625 0.2908673703125 0.6288710656250001 0.2703235203125 0.6458665421875 0.2552171984375 0.6687855640625 0.2470043890625 0.7206392015625 0.25567429062499997 0.762510984375 0.2694989921875 0.779887578125 0.29601281875 0.7815557937500001 0.3227763671875 0.7655454203125001 0.3526686046875 0.72978128125 0.3660692203125 0.7015297765625 0.3695889953125 0.6793067890625 0.36681838906249997 0.6484940140625 0.357507678125 0.6267700390625001
3 0.33494707031250004 0.471327021875 0.30857460625 0.4848681734375 0.29549439843749997 0.5030457734375 0.28564656093749996 0.5571716125 0.28710254687500003 0.5801826828125 0.295560403125 0.599240415625 0.3135080125 0.6147388515625 0.3333403703125 0.6102865000000001 0.3652917234375 0.6178782593750001 0.3800069578125 0.597428459375 0.397497475 0.519201475 0.38438426406250004 0.4892817546875 0.33494707031250004 0.471327021875
3 0.4164062984375 0.5044781984375 0.3948305546875 0.544090703125 0.3750642015625 0.644737696875 0.3779054890625 0.6831551546875 0.39094802031250003 0.705470190625 0.4079720921875 0.7106977015625 0.4232197765625 0.702988046875 0.452367521875 0.6316697109375 0.466837709375 0.540308540625 0.45699455 0.5058444203125 0.43577688906249995 0.494890384375 0.4164062984375 0.5044781984375
3 0.26544676875 0.7893704203125 0.2510519375 0.7997463171875 0.235945615625 0.8226653390625 0.2224366421875 0.8838047984375 0.2322798015625 0.9182689187499999 0.2776647734375 0.94570649375 0.31523269374999996 0.9339385281249999 0.333929471875 0.896401203125 0.3464065515625 0.8578787718750001 0.3479708953125 0.8480018890625001 0.33347238125 0.8026757828125 0.3142808328125 0.786980325 0.26544676875 0.7893704203125
3 0.37282136875 0.715255025 0.3584265390625 0.725630921875 0.34456415625000003 0.748746965625 0.3370628390625 0.788057478125 0.33851882187500004 0.8110685484375001 0.3545816828125 0.8465177718750001 0.3908679859375 0.8750454234375 0.4070392046875 0.8776066921875 0.439739728125 0.8321626906249999 0.4467792796875 0.787716715625 0.43569217968749996 0.7530555750000001 0.40718992031249995 0.7156361437500001 0.37282136875 0.715255025
3 0.3985389953125 0.98763155625 0.41638291875 0.9474279875 0.42224921093749995 0.910389675 0.40796274062500004 0.8878776171875 0.3788903546875 0.8782106781250001 0.34970960624999997 0.90143169375 0.32564598125 0.9406501578125 0.31892683593750004 0.9750222281250001 0.3985389953125 0.98763155625
3 0.5417708609375 0.31677864375000003 0.5265938593749999 0.3320929828125 0.5124110734375 0.3652829296875 0.5012109375 0.45209970000000005 0.50568725 0.4882449578125 0.5132922546875001 0.5046364484375 0.5265845062500001 0.5092728984375 0.5603499281250001 0.48930918749999996 0.5712626609375 0.460663640625 0.5816806265625 0.3787853109375 0.58146858125 0.3559712609375 0.5712343359375 0.3239763625 0.5417708609375 0.31677864375000003
3 0.6224102390625 0.3953609 0.5958257328125 0.3860880015625 0.5852334046875 0.40465964374999996 0.57680855 0.43369923125 0.578796984375 0.4694504484375 0.59649486875 0.502627471875 0.64220024375 0.51999114375 0.661109065625 0.5052678671875 0.6700663687499999 0.48896842500000004 0.6757206171875 0.4291160625 0.6584138187499999 0.3934698171875 0.64138974375 0.38824230625 0.6224102390625 0.3953609
3 0.726265065625 0.34346849218750003 0.7056505343749999 0.35285928437499997 0.6896913578125 0.373112065625 0.68140786875 0.41736102031250005 0.6812288265625 0.442644290625 0.6960477453125 0.47789649375 0.72185008125 0.4921078328125 0.743388146875 0.4929879640625 0.7541218375 0.4896256890625 0.7721071265624999 0.4646314875 0.7827371328125 0.4055672078125 0.7703354124999999 0.3631043625 0.726265065625 0.34346849218750003
3 0.6016260203125 0.252855046875 0.579126740625 0.282196628125 0.5728693609375 0.3217041625 0.5839564609375001 0.356365303125 0.6049243984375 0.3849979265625 0.63929295 0.38537904375 0.6628948078125 0.3410251171875 0.66680566875 0.31633290937499997 0.66410574375 0.2931248171875 0.638091365625 0.25609942812500003 0.6189704984375 0.2480086546875 0.6016260203125 0.252855046875
3 0.5770769765625 0.061660812499999995 0.549851659375 0.0725357234375 0.536451046875 0.100787228125 0.521589771875 0.19461762031250002 0.5223342671875 0.23017181562500003 0.53669141875 0.26028855625 0.5669370640625 0.2625478328125 0.5816522984375 0.24209803281250003 0.5945204640624999 0.20110638125000002 0.60781739375 0.1171528734375 0.6051174687499999 0.09394478125 0.5932481953125001 0.0642220828125 0.5770769765625 0.061660812499999995
3 0.65462066875 0.20809415625 0.64516391875 0.2597507734375 0.673736859375 0.3047748875 0.6881316890625 0.294398990625 0.7114131421875001 0.26011896874999996 0.721864109375 0.22633795937499998 0.72765971875 0.1816949625 0.7182076453125 0.144761621875 0.6990867796875 0.1366708484375 0.685544803125 0.1497129875 0.65462066875 0.20809415625
3 0.761566503125 0.17694061875 0.7382143703125 0.2036159578125 0.7195882734375 0.24875796718749998 0.715286325 0.275919396875 0.72185943125 0.3149279171875 0.729855521875 0.3288501875 0.752246440625 0.33239656093750003 0.7906342140625 0.275197515625 0.7982768953125 0.2510963703125 0.8025081625 0.2163302578125 0.8015139453125 0.1984546484375 0.7914210625 0.1816691171875 0.761566503125 0.17694061875
3 0.650328071875 0.05807567031250001 0.6238472484375001 0.104504775 0.614960628125 0.1284089015625 0.6104089578125 0.17324891874999998 0.6239839375 0.20830410000000002 0.6467659421875 0.20938125312500003 0.6659951703125 0.184584071875 0.67978686875 0.153863346875 0.6952512734375 0.08037778281249999 0.6858698828125 0.051049124999999994 0.6651139890625 0.0452305515625 0.650328071875 0.05807567031250001
3 0.7635642890625001 0.0355119203125 0.70385516875 0.0260549234375 0.7000856718749999 0.0659564984375 0.7055562015625 0.11997736562500001 0.7160401703125 0.1342936765625 0.742483315625 0.12835720781249998 0.7590126171875 0.0803519359375 0.7635642890625001 0.0355119203125
3 0.7847065921875 0.1274512296875 0.8075592796875 0.136133065625 0.814170065625 0.1346489484375 0.8255445671875 0.1111388640625 0.8357128062499999 0.046939121875 0.775221515625 0.04242056875 0.7778130796875 0.0985166140625 0.7847065921875 0.1274512296875