1 0.128971515625 0.8638440484375 0.10881858281250001 0.8649830640625 0.09969616249999999 0.8704607062499999 0.08980466718749999 0.886275009375 0.0812507234375 0.9184992296875001 0.0838025140625 0.9411558640625 0.0946094125 0.9538729125 0.1052679234375 0.9610621687500001 0.12363607968749998 0.9602700796875 0.14616939843750001 0.947555090625 0.16126683749999998 0.92517221875 0.1663745421875 0.9038050484375001 0.162731825 0.8850648921875001 0.14535635625 0.8671419015625 0.128971515625 0.8638440484375
1 0.1756786671875 0.7658589140625 0.15661666093749999 0.7630814499999999 0.14556107499999998 0.7633782250000001 0.1362150421875 0.7772342906249999 0.127985009375 0.7825384703125 0.107807003125 0.788312890625 0.0974703421875 0.7875438140625 0.0884712359375 0.80318465625 0.0908746375 0.820313496875 0.1020033875 0.8394507265625 0.1115960484375 0.8459210578125 0.1288732765625 0.849045446875 0.16117272031250002 0.8436931781249999 0.183879503125 0.8318705765625 0.197315478125 0.8199978265625001 0.20400942031249997 0.802026746875 0.19114604531249998 0.7739656328125 0.1756786671875 0.7658589140625
1 0.22872871562500002 0.7147983609375 0.2108809484375 0.7182676156250001 0.199948675 0.7287275890625 0.1904041046875 0.7463266703125 0.1927573578125 0.7727263203125 0.2074055125 0.8004405078125 0.22091465000000002 0.8080017640625 0.23606017656249997 0.809688303125 0.25680872187500003 0.7973202390624999 0.263824515625 0.7857693390625 0.26476705312500004 0.7763250687500001 0.2549779171875 0.740257534375 0.242956778125 0.7212937671875 0.22872871562500002 0.7147983609375
1 0.29493479375 0.769534946875 0.272848696875 0.76549309375 0.2640982765625 0.7681201109375 0.2654358296875 0.7845300265625 0.25321409375 0.80264949375 0.23980319374999998 0.809886840625 0.223393278125 0.8112243921875001 0.22438390468749997 0.8258495312499999 0.23360456406250002 0.8351704906249999 0.24976579375000002 0.8468467625 0.2762887578125 0.8546567046875 0.3075223484375 0.8485855093750001 0.3231151015625 0.8335152078125001 0.32874319218750003 0.8148252015624999 0.3236876984375 0.79358134375 0.30844393281250004 0.7770962031249999 0.29493479375 0.769534946875
1 0.32161438750000004 0.6495118062499999 0.3037916953125 0.64834565625 0.2837871515625 0.6550124625 0.27820920937500004 0.664431659375 0.2750848203125 0.6817088890624999 0.278875925 0.7059768375 0.30284503749999997 0.7244703671875 0.319031340625 0.731511234375 0.3402250484375 0.7357265484375 0.34736415468750004 0.734338846875 0.365088609375 0.7207063953125 0.3685849984375 0.7005785375 0.3603319515625 0.677177903125 0.3477402765625 0.6648077812500001 0.32161438750000004 0.6495118062499999
1 0.251721971875 0.88073244375 0.2454251046875 0.8912174921875 0.249389671875 0.9163778296875 0.254867315625 0.92550025 0.27028454375 0.942877778125 0.28823055000000003 0.9542071249999999 0.2932128796875 0.956016978125 0.3142832734375 0.9500690953125 0.338427909375 0.9361147921875 0.33597435625 0.9282567609375001 0.263669946875 0.88026220625 0.251721971875 0.88073244375
1 0.360244365625 0.891125434375 0.3437612859375 0.8730289812500001 0.31443784375 0.8555762296875 0.3009036296875 0.852650378125 0.28377478906250003 0.8550537796875 0.2732145171875 0.8626631265625001 0.2694213515625 0.871735396875 0.270610515625 0.8826175203125001 0.295844015625 0.8980869578125 0.29924010624999997 0.8965007187499999 0.30456936093750003 0.9000953468749999 0.314310409375 0.912093471875 0.3368667453125 0.9280832984374999 0.3406097609375 0.928281834375 0.35407081093750004 0.9117736796875 0.365870396875 0.90577565 0.360244365625 0.891125434375
1 0.4106176875 1 0.416433575 0.984853346875 0.41690587343749996 0.9634611015625 0.40781058750000004 0.9309631203125001 0.392938821875 0.911627353125 0.37960314687499996 0.9049584859375001 0.35925167812500003 0.9098405156249999 0.3440058515625 0.9266955953125 0.3403109234375 0.95056646875 0.34672904375 0.9835848374999999 0.3593544796875 1 0.4106176875 1
1 0.43338890625 1 0.451930571875 0.9816578546875 0.46740000937500004 0.956424353125 0.47211063906249995 0.942543215625 0.469732309375 0.92077896875 0.4608836515625 0.908607384375 0.4397400921875 0.895121259375 0.41584414374999995 0.8960617375 0.3949221375 0.9075374109375 0.3948970625 0.9121728156250001 0.4069432734375 0.9265011796874999 0.415716709375 0.9525789796874999 0.4186405015625 0.9723849859374999 0.41529249999999995 0.9980406359374999 0.4324216609375 1 0.43338890625 1
1 0.515404865625 0.7174188453125 0.502391040625 0.717170159375 0.4936406203125 0.719797175 0.47663509218750005 0.7323637749999999 0.452216696875 0.7639673078125 0.4423983625 0.7992156171875 0.44566907968749997 0.8208064 0.454369353125 0.8274501937500001 0.482925778125 0.8218993875 0.495816290625 0.8119848749999999 0.5142847453125 0.79265116875 0.530671646875 0.7626088015625 0.533077109375 0.7463974234374999 0.53012824375 0.731226821875 0.5248240625 0.7229967890625 0.515404865625 0.7174188453125
1 0.403705875 0.7669141140625 0.3883827625 0.8310156265625 0.3906628546875 0.8379812687499999 0.413839875 0.83810664375 0.4307200296875 0.8487170656249999 0.436099434375 0.8430408843749999 0.44224791406249997 0.82702804375 0.44202636249999994 0.80206624375 0.438185109375 0.7870691046875 0.4220740296875 0.7661220234375 0.41245629531250005 0.7642870984375 0.403705875 0.7669141140625
1 0.37586425156250003 0.8380795093750001 0.3653039796875 0.8456888546875 0.3581147234375 0.856347365625 0.3548168703125 0.87273220625 0.3568984234375 0.883440865625 0.3685726359375 0.9006198578125 0.3911791203125 0.907338875 0.406027871875 0.897969828125 0.42888304374999997 0.89167501875 0.4368413734375 0.8706798484375 0.42858832812500003 0.8472792124999999 0.4147322640625 0.83793318125 0.3894235390625 0.8363699562500001 0.37586425156250003 0.8380795093750001
1 0.49051004843749996 0.8370950625000001 0.47201858124999996 0.8277239546875 0.45506320312500004 0.8310197453124999 0.442371228125 0.837191240625 0.43480997187500003 0.8507003781250001 0.4379323015625 0.8667633703125001 0.4354766875 0.8922455578124999 0.458231559375 0.9044923671875 0.47488810312499996 0.923481209375 0.48968670468750003 0.923382971875 0.5004204390625 0.9166660140625 0.5128156374999999 0.8994389343750001 0.5147007125 0.880550390625 0.5113798468749999 0.8682304171874999 0.49051004843749996 0.8370950625000001
1 0.5114282265625001 1 0.5145210703124999 0.9796786609374999 0.511572203125 0.9645080593750001 0.5048803203125 0.9491389187499999 0.4894881671875 0.9271259859375001 0.47307825000000003 0.9284635390625 0.4715401 0.949136859375 0.44330346406250004 0.9944480671875 0.44438265 1 0.5114282265625001 1
1 0.34868169843749997 1 0.3489589859375 0.999821290625 0.351661225 0.9946654968749999 0.34601011875 0.9846506890625 0.33964214843749996 0.9423615109375 0.3366180578125 0.9410971218749999 0.3233806203125 0.9492268562499999 0.2919484921875 0.9590410671875 0.28138821875 0.9666504125 0.276876128125 0.9767885359375 0.27962645625000004 0.995702153125 0.2841614109375 1 0.34868169843749997 1
1 0.19799233125 1 0.1921995328125 0.9747258765625 0.1774029921875 0.9414838953125001 0.16711648125 0.9314440109375001 0.16052283750000002 0.930873475 0.1449050109375 0.95057918125 0.116471896875 0.9662931859375 0.1221961671875 0.9957420015625 0.1254711328125 1 0.19799233125 1
1 0.161977171875 0.662020015625 0.1508463625 0.6762230031249999 0.14320988125 0.70363835625 0.145613284375 0.720767196875 0.163162215625 0.7395825765625 0.1741927265625 0.7439212046875 0.1870330890625 0.7432775046875 0.209641634375 0.7166563015625 0.22231059531250003 0.6817799921875001 0.22218728125 0.6716167953125 0.19876363125000002 0.6511650265625 0.1741487578125 0.65317135625 0.161977171875 0.662020015625
1 0.182558434375 0.5487389031250001 0.1668925203125 0.5443752015625 0.1486978265625 0.5460596796875 0.1272303578125 0.5594935921874999 0.1194956390625 0.57211034375 0.11490832343749999 0.5961546796875 0.1206827421875 0.6163326859375 0.1341668046875 0.628529346875 0.1487668703125 0.6321741249999999 0.17303481874999999 0.6283830203125 0.18572679375 0.622211525 0.20151808125 0.60339820625 0.20660071093750002 0.5866664390625 0.206502471875 0.5718678374999999 0.1967864984375 0.5552343093750001 0.182558434375 0.5487389031250001
1 0.29772668125 0.5170914046874999 0.2863492453125 0.5109679984375 0.2701378671875 0.5085625359375 0.2570989671875 0.5129492515625 0.23615188593749997 0.5290603328125 0.2325071078125 0.5436603953125 0.237215675 0.5631194765624999 0.246411259375 0.5770758390624999 0.26686096875 0.5869924109375 0.2818330328125 0.5877865609375 0.29407778281249997 0.5983719062499999 0.30855453437499997 0.5918534890625 0.32005734375 0.5747998703125 0.3218922703125 0.5651821359375 0.315796 0.53858395 0.29772668125 0.5170914046874999
1 0.2789824046875 0.5874145609375 0.26703443125000004 0.5878847984375 0.24888988906249998 0.5802984671875 0.231934509375 0.583594259375 0.21081396406250003 0.59881295 0.2019883203125 0.6153461796874999 0.20032685625000002 0.6258563015624999 0.20501035 0.6499507875 0.214231009375 0.6592717453125 0.22863253593750002 0.6666595390625 0.2509171703125 0.6669583765625 0.2695089375 0.657787865625 0.2817056 0.644303803125 0.2920192453125 0.6163680625 0.2914006171875 0.5988922953125 0.2850305859375 0.5899433375 0.2789824046875 0.5874145609375
1 0.37000395625000004 0.60306158125 0.35037141250000003 0.6068777625 0.339984603125 0.6153794968749999 0.331877884375 0.6308468734375 0.33690830312500003 0.6567261375 0.3583987875 0.6719970359375 0.368114759375 0.688630565625 0.38559052656250004 0.6880119390625 0.40475283125 0.672247784375 0.4100339984375 0.6517730015625001 0.40817605781250005 0.6326859218750001 0.401112175 0.620167409375 0.3874546484375 0.6070783609375 0.37000395625000004 0.60306158125
1 0.3922655765625 0.5746556046875 0.376277809375 0.5638717203125 0.3567706390625 0.5445108765625 0.3270250484375 0.5391795609375001 0.318274628125 0.5418065765625 0.3220406578125 0.5707099296875 0.308901459375 0.5936382640625 0.315098028125 0.601694834375 0.339637678125 0.61359471875 0.35716359375 0.6037052843749999 0.3707228828125 0.6019957312499999 0.38906596250000003 0.605839046875 0.39551121875 0.600881790625 0.3982134578125 0.5957259984375 0.3922655765625 0.5746556046875
1 0.46717192656249995 0.6360359828125 0.4628353578125 0.613726275 0.44684759375 0.6029423890625 0.42317525624999996 0.5955044468749999 0.40944250625 0.596321609375 0.39280897812500004 0.606037584375 0.392610440625 0.6097805984375 0.40906844531250003 0.632512459375 0.4111249234375 0.6478565234375 0.40742999687500003 0.6717273953125 0.427409465625 0.66969599375 0.446991859375 0.6751506218750001 0.4502144890625 0.6726719937500001 0.45740374375000004 0.6620134828124999 0.45926374374999995 0.64776034375 0.46717192656249995 0.6360359828125
1 0.4096829515625 0.7166686640625 0.37597073124999997 0.71951723125 0.3428771390625 0.739841565625 0.33534095625 0.7487153 0.3290190140625 0.7638357515624999 0.330580178125 0.7718672484375 0.35390558906249997 0.7775204140625 0.3700668171875 0.7891966874999999 0.37809831250000003 0.787635521875 0.39830139375 0.7772256984375 0.40425133593749996 0.7649558734374999 0.4233384171875 0.763097934375 0.4301807484375 0.7506546468749999 0.42904173281249997 0.7305017140625 0.4096829515625 0.7166686640625
1 0.0535822140625 0.5951097828125 0.030281878125 0.5848212109375 0.0126075734375 0.5891828546875 0.008492557812499999 0.59183494375 0.028267307812499996 0.693567215625 0.044528834375 0.6867018703125 0.057816421875 0.669301328125 0.063964903125 0.6532884859375 0.0653546640625 0.6270873734375 0.061711946875 0.6083472203125 0.0535822140625 0.5951097828125
1 0.11166062031249999 0.6032687109375 0.0925986140625 0.600491246875 0.07296607031249999 0.6043074265625 0.0640171125 0.610677459375 0.065973290625 0.6445631421875 0.059427735937500004 0.6680620140625 0.060641975 0.6743087328125 0.069168784375 0.6800601375 0.1001787640625 0.6823673640625 0.12234008437499999 0.6725030015625 0.13954415 0.6561933859375 0.13716582187499998 0.634429140625 0.12368175781249999 0.6222324796875001 0.11166062031249999 0.6032687109375
1 0.1188837796875 0.7182456453125 0.09861553906250001 0.7076760875 0.081139771875 0.7082947140625 0.06934018593749999 0.714292746875 0.05786245156249999 0.726710959375 0.051540507812500004 0.7418314109375 0.0530765984375 0.7544983109375 0.0620987203125 0.7675622859375 0.0794992625 0.780849871875 0.0942727890625 0.7853870390625 0.11906112499999999 0.784273096875 0.135149190625 0.7765153640625 0.1412725953125 0.7651379281249999 0.14085250625 0.7439191453125 0.1337886234375 0.7314006328125 0.1188837796875 0.7182456453125
1 0.543380125 1 0.5818452093750001 0.9925231453125001 0.565462428125 0.9558850718749999 0.55463045625 0.9478034281250001 0.5392863921875 0.94985990625 0.532122209375 0.9558830125 0.5246842671875 0.979555346875 0.5286583046875 1 0.543380125 1
2 0.631202390625 0.9319932453125 0.638019646875 0.9241853624999999 0.6424084265625 0.9038840421875 0.6343789906249999 0.8721049875 0.622357853125 0.8531412203125001 0.5971494265625 0.8330363765625 0.5795252718749999 0.8281272109375 0.5654205218749999 0.831795003125 0.5564464874999999 0.8428004390625 0.5688145515625 0.8635489828124999 0.5632115343749999 0.8776035859375 0.565391325 0.903110846875 0.559936696875 0.922693240625 0.560085084375 0.9282210328125 0.56769443125 0.9387813062499999 0.5771136265625 0.9443592484375 0.597837096875 0.9366265890625 0.623864746875 0.9371239640625 0.631202390625 0.9319932453125
2 0.6586593015625 0.6682725640625 0.6501324921875 0.6625211609375 0.6283933203125 0.6602640828124999 0.6167922734375 0.6625190984375 0.6019435203125 0.671888146875 0.5828794562499999 0.7024509015625 0.58181154375 0.7350721953125 0.5889736640625001 0.7623893093749999 0.6045643562499999 0.7806592265625001 0.620577196875 0.7868077062500001 0.6379045750000001 0.7806612859375 0.6511670859375001 0.7678961484375 0.6661161359375 0.7399854828125 0.6659447359375 0.7057528750000001 0.6704819015625 0.6909793484375 0.6675079609375 0.6804441515625 0.6586593015625 0.6682725640625
2 0.5321469343749999 0.5558003765625 0.5153420046875 0.5312837421875 0.5005935515625 0.5221111703125 0.48115954531250005 0.5221843359375 0.45468467187500006 0.5384438031250001 0.4422643984375 0.5603062875 0.44003239687500006 0.577410053125 0.4429561890625 0.597216059375 0.46585945000000006 0.6149906625 0.47108840625 0.6371269093749999 0.479615215625 0.6428783140625 0.49726444374999995 0.6431520749999999 0.5085185671875 0.639112284375 0.52319385625 0.628850846875 0.5355890546875 0.6116237671875 0.53913559375 0.5822251015625 0.5321469343749999 0.5558003765625
2 0.596869134375 0.5552590359375 0.5679657812500001 0.5590250640625001 0.5557941953125 0.5678737234375 0.54771255 0.578705696875 0.542654996875 0.590802059375 0.541315384375 0.6077323640625 0.5164999124999999 0.6468219265624999 0.5221008687500001 0.6661075453125 0.5407156515625 0.6856418515625 0.561909359375 0.6898571671875 0.58583038125 0.684281284375 0.6202134390625 0.6562974546875 0.6354843390625 0.634806971875 0.64260043125 0.6047144546875 0.6391562515625 0.5822312828125 0.6240859484375 0.56663853125 0.596869134375 0.5552590359375
2 0.816938009375 0.5773094046875 0.8011237078125 0.567417909375 0.7723938171875 0.572076328125 0.74552186875 0.5958218265624999 0.7408112390625 0.609702965625 0.7530288546875 0.6582639375 0.7593988859375 0.6672128953125 0.7674053062499999 0.6702871359375 0.778634353125 0.670882746875 0.797027584375 0.665455253125 0.8176026656250001 0.6521948015625 0.8271221609375001 0.6392311265624999 0.8311640140625001 0.6171450296875001 0.8266790578125001 0.589307528125 0.816938009375 0.5773094046875
2 0.7773782078125 0.5405459593749999 0.780477521875 0.5279041343750001 0.7730667140625 0.5136008453125 0.75958265 0.501404184375 0.724706340625 0.488735225 0.7068585734374999 0.49220447968750003 0.6859365656249999 0.5036801546875 0.67408683125 0.51894899375 0.6730941453125 0.537664075 0.675671009375 0.55568530625 0.6875186859375 0.5737566843749999 0.7134711109375 0.5881602703125 0.724154696875 0.5907141218749999 0.7250220109375001 0.5951760640625 0.736251059375 0.595771678125 0.7577185281250001 0.5823377625 0.771526503125 0.5676143859375 0.7696685624999999 0.5485273046875 0.7773782078125 0.5405459593749999
2 0.7144617375 0.602785409375 0.7079433171875 0.588308659375 0.6807515796875 0.5722937578125 0.6714556953125 0.5768790140625 0.6635475140625 0.588603375 0.6533592421875001 0.5933620921875 0.64091389375 0.6198599812500001 0.6443580734375 0.6423431515625 0.649290253125 0.6534238140624999 0.6758613046875 0.6853031671875 0.6804967093750001 0.6853282421875 0.707145046875 0.6699611625 0.7176802453125 0.666987221875 0.745666134375 0.6680300578125 0.7494342265625 0.6635931921875 0.74423034375 0.636821540625 0.7144617375 0.602785409375
2 0.7233815 0.667731221875 0.7108880640625 0.6701596999999999 0.6847851890625 0.6835685406249999 0.6736794546875 0.693136125 0.6686469749999999 0.7005970828125 0.6676793625 0.714676759375 0.67290831875 0.7368130046875 0.6830213671875 0.7459605 0.7038430734375 0.7530264421874999 0.726499709375 0.7504746515625 0.7425877734374999 0.74271691875 0.7601387640625 0.7281920796875 0.7640071546875 0.70521359375 0.7609098999999999 0.6845151984375 0.7470789109375 0.6705337609375001 0.7233815 0.667731221875
2 0.590014440625 0.767743640625 0.583669484375 0.7541592765625 0.58072061875 0.738988675 0.580921215625 0.701905440625 0.569370315625 0.6948896453125 0.5499613859375 0.6903274046875 0.5370959484375 0.6956065109375 0.529559765625 0.7044802453125001 0.522717434375 0.71692353125 0.5320864828125 0.7317722843750001 0.5348368109375 0.750685903125 0.532803346875 0.7640466515625 0.5440554093750001 0.7933470796875 0.55097090625 0.8003377984375 0.5753621671875 0.8067098906249999 0.60555498125 0.7952843656249999 0.610067075 0.7851462421875001 0.590014440625 0.767743640625
2 0.6755562890625 0.807608459375 0.6568662828125 0.80198036875 0.6415222171875 0.804036846875 0.625781078125 0.81357935625 0.61355934375 0.8316988234375 0.61385611875 0.8427544109375 0.6342306015625 0.8665771953125001 0.6449622765624999 0.8932004578124999 0.6552989359375 0.89396953125 0.6563397125 0.8993238625 0.6604296546875 0.9013071765625 0.6859369156249999 0.899127384375 0.6878470671875 0.8756034375 0.6995734890625 0.8501713984375 0.6755562890625 0.807608459375
2 0.7754807687499999 0.75947581875 0.7641033328125 0.753352415625 0.7389680703125 0.752681578125 0.7002233718750001 0.762991103125 0.6806639921875 0.7862412890625 0.6782836031249999 0.7978172625 0.6789273046875001 0.8106576265625 0.695880621875 0.840702053125 0.70368850625 0.8475193093750001 0.7327151703125 0.8539164749999999 0.7673197796875 0.8508944453125 0.78251545625 0.843310175 0.8108754062499999 0.8081621640625001 0.8059683 0.7924461 0.78678298125 0.7795054390625 0.7754807687499999 0.75947581875
2 0.70296958125 0.848585159375 0.6923591578125 0.8654653140624999 0.6876234546875 0.883981859375 0.6896799328125 0.8993259234375 0.703312384375 0.9170503765625 0.7189281515625 0.9306848890625 0.7322889015625 0.9327183531250001 0.7588870890625 0.9266220828125 0.7722979875 0.9193847375 0.7837757234375 0.906966525 0.784275159375 0.8475986546875 0.749645475 0.8552560890625 0.70296958125 0.848585159375
2 0.702766921875 0.919008615625 0.6900268578125 0.9011107 0.658272878125 0.9045047281249999 0.6468202171875 0.9122875390624999 0.6412172 0.9263421390625 0.629020540625 0.9398262031250001 0.6313006296875 0.946791846875 0.6424795296875 0.95665826875 0.6505591125 0.979166515625 0.6978556953124999 0.9699729906250001 0.7066562656250001 0.958075165625 0.7216784781250001 0.9495985078125001 0.720687853125 0.9349733671875 0.702766921875 0.919008615625
2 0.83690305625 0.8086595375 0.8085200921875 0.815102734375 0.7990256703124999 0.8234310062500001 0.7871257859375 0.8479706546875001 0.7851153359375 0.8900362203125001 0.7940371609375 0.9216418125000001 0.8073477609375 0.9329460859375001 0.843314996875 0.9416985671875 0.8649559281249999 0.929157040625 0.8764587374999999 0.9121034234375 0.8787910390624999 0.8764580375 0.8767094859375 0.8657493781250001 0.8639443468750001 0.8524868671875 0.8511311203125 0.81515494375 0.83690305625 0.8086595375
2 0.8978863609375001 0.7412392203125 0.8857398484375001 0.745452475 0.8708409484375 0.76409233125 0.860205453125 0.7856078906249999 0.8557916000000001 0.810544615625 0.8655556609374999 0.8512475531250001 0.8705129171875001 0.8576928078125 0.8911360875 0.8685017671875 0.9161229609375001 0.8636448109374999 0.9340459531249999 0.8462693437500001 0.9477807625000001 0.812111959375 0.9477577484375 0.7834071453125 0.9396781640625 0.7608988984375 0.9208648453125001 0.745107609375 0.8978863609375001 0.7412392203125
2 0.8421172406249999 0.668730090625 0.8280626390625001 0.663127075 0.7966555843750001 0.6683058796875 0.78108790625 0.6787407796875 0.7711964109375 0.6945550828125 0.76460070625 0.7273247656249999 0.7669790359374999 0.7490890109375 0.77567930625 0.7557328046875 0.7880473703125 0.7764813484374999 0.8093643921875 0.7908598609374999 0.8355153546875 0.8015204312499999 0.8531645843750001 0.8017941937499999 0.868882709375 0.76354686875 0.89416841875 0.736405278125 0.8548071531250001 0.6958988171875 0.8421172406249999 0.668730090625
2 0.9326664921875001 0.705769359375 0.92243013125 0.686458665625 0.921067503125 0.6746841531250001 0.9306622234375 0.6478142640625 0.9216150265625 0.6393856953125 0.8937043625 0.62443664375 0.8710728015625 0.6223530312500001 0.8658668609375001 0.6289216 0.8492333328124999 0.638637575 0.843431778125 0.6564351921875 0.84566171875 0.6726716453125 0.8523536015625 0.6880407828124999 0.8741408609375 0.7143672703124999 0.8918883296875 0.729439634375 0.9174938296875 0.74205844375 0.9505121984375 0.7356403234375 0.9533879015625001 0.7313769203125 0.952719125 0.7231719609375 0.942234078125 0.7168750921875 0.9326664921875001 0.705769359375
2 1 0.62387246875 0.9835618234375 0.6245661390625 0.955352321875 0.6319017234375 0.9326204625000001 0.648359728125 0.9223068171875 0.67629546875 0.9321461031249999 0.7030921921875 0.9545289765625 0.71818963125 0.9796391640625 0.723495871875 1 0.721680915625 1 0.62387246875
2 1 0.7608054953125001 0.9912130781249999 0.75921648125 0.9638959640625 0.766378603125 0.952046228125 0.7816474437500001 0.9496658390625001 0.7932234171875 0.9567778109375 0.8298113390624999 0.9672127093749999 0.845379015625 0.9833739375 0.8570552890625001 1 0.8604741359375 1 0.7608054953125001
2 0.8884819359374999 0.897726971875 0.8824818453125 0.9192676046875 0.884364859375 0.9337192812499999 0.9950210140625 0.912209903125 0.9990127187500001 0.8993946156250001 0.9941557624999999 0.8744077421875 0.9840677890625 0.8606248421875 0.969145875 0.8505598828125001 0.9590077515625 0.846047790625 0.9465143140625001 0.84847626875 0.9041248375000001 0.873385859375 0.8884819359374999 0.897726971875
2 0.954819221875 0.43381864531250003 0.9439621734375001 0.4303724046875 0.9191989109375 0.42685094062499995 0.9075978640625 0.42910595625000003 0.8871711703124999 0.4478942015625 0.8755931359375 0.47885403125000003 0.8746004484375 0.4975691125 0.8792839421875 0.5216635968750001 0.8902643031249999 0.5352730343750001 0.9128457125 0.54662745625 0.9301480171875 0.545116440625 0.9403362890625001 0.5403577234375 0.95915166875 0.52280879375 0.9699606281250001 0.502185621875 0.972292928125 0.4665402375 0.9649322687499999 0.4429661421875 0.954819221875 0.43381864531250003
2 0.9444993953124999 0.56177504375 0.9367165859375 0.550322384375 0.91230025 0.5485856953125 0.9003773515625 0.5444205296875 0.88669475 0.5359668859375 0.8764333140625 0.521291596875 0.8689723562499999 0.5162591171875001 0.8564538453124999 0.523323 0.8456448859375 0.5439461703124999 0.8469573640625001 0.564991490625 0.8569450375000001 0.597316009375 0.8661406234375001 0.6112723718749999 0.878038446875 0.6200729421875 0.9120474421875 0.6282799609375 0.9259787312500001 0.6237197812499999 0.9460584984375 0.6031467578124999 0.9493062015625 0.5960327265625 0.9494065 0.5774911078125 0.9444993953124999 0.56177504375
2 0.8209881046874999 0.42186242968750004 0.8324658406250001 0.4094442171875 0.8277071218750001 0.3992559453125 0.8110255046875 0.38490250625 0.7973178296875 0.3810842671875 0.7727029546875 0.3830905953125 0.7505667093749999 0.388319553125 0.730363628125 0.398729375 0.7178200421875001 0.41042866250000004 0.7107791734375 0.42661496718749997 0.715115740625 0.44892467500000005 0.732317746875 0.4659552765625 0.744934496875 0.473689996875 0.7592127109375 0.4709145921875 0.7789936421875 0.47262620625 0.7964944828125 0.46737217500000006 0.8131280109375 0.457656203125 0.8152847890625001 0.45445864843750006 0.8128813859375 0.43732980781249997 0.8209881046874999 0.42186242968750004
2 0.9200181359374999 0.40724347187500004 0.924379778125 0.42491777500000005 0.9275773328125 0.42707455312500003 0.9525140562500001 0.43148840625 0.967609434375 0.442445753125 0.9961658625 0.436894946875 0.9824623062500001 0.366396265625 0.9605245968749999 0.36788220781250003 0.937991278125 0.38059719375 0.9276044671875001 0.3890989296875 0.9200181359374999 0.40724347187500004
2 0.553522346875 0.4275472015625 0.539814671875 0.4237289625 0.5124724828125 0.43552648749999995 0.5033249875 0.445639534375 0.498192209375 0.471642109375 0.5039164796875 0.501090925 0.5242658890625 0.5295491140624999 0.532792696875 0.53530051875 0.5493509999999999 0.5394907609375 0.561670975 0.5361698921875 0.5720577828125 0.527668159375 0.5819994296875 0.5025830484375 0.582471728125 0.4811908015625 0.5740702921875 0.45226237343750003 0.553522346875 0.4275472015625
2 0.8279935953124999 0.5770126296875 0.8408841062500001 0.5670981187499999 0.8437117203125 0.538765303125 0.8412832421875001 0.526271865625 0.8191490578125 0.498160603125 0.783430509375 0.476394296875 0.761517875 0.47324483281249996 0.743670109375 0.4767140875 0.7345476875 0.4821917296875 0.7302341343750001 0.48858683750000004 0.7562116328124999 0.49835501875 0.7714804749999999 0.5102047546875 0.7790898203125 0.520765028125 0.7820386859374999 0.5359356296875 0.7753447437500001 0.553906709375 0.780276925 0.56498736875 0.8016691703125 0.56545966875 0.8208544890624999 0.57840033125 0.8279935953124999 0.5770126296875
2 0.8884877687499999 0.4022590828125 0.8654842078125 0.403026096875 0.8313749125 0.413360696875 0.8249296578124999 0.41831794999999994 0.8144926984374999 0.43609049375 0.8151363999999999 0.44893085624999995 0.8253978359374999 0.46360614375000003 0.8410386765625001 0.47260525312499996 0.8638436984375 0.475581253125 0.8765356734375 0.46940975937499996 0.8889150812500001 0.44415918750000005 0.9086887890625001 0.42518947812499996 0.904302071875 0.4121505765625 0.8964941874999999 0.405333321875 0.8884877687499999 0.4022590828125
3 0 0.21097701875000002 0.002343728125 0.2124005546875 0.01285385 0.2140620171875 0.0497886984375 0.2087348234375 0.06748807812499999 0.1997377765625 0.0782719609375 0.183750009375 0.0812479625 0.1609449859375 0.073168378125 0.1384367421875 0.0616174796875 0.13142094843750002 0.035267978125 0.12450339375 0.007629015625000001 0.1252453328125 0 0.1278372859375 0 0.21097701875000002
3 0.13414962187499999 0.1043566421875 0.1061637328125 0.1033138046875 0.1025941796875 0.10400765625 0.0821173375 0.132066709375 0.08766814375000001 0.16062313749999999 0.1035305375 0.19458404375 0.11632075 0.20321115 0.13287905312499998 0.20740139218750003 0.14914058125000001 0.200536046875 0.1581146140625 0.189530609375 0.16733733281250002 0.16551135 0.1646120796875 0.14196232656250002 0.151897090625 0.11942900468749999 0.13414962187499999 0.1043566421875
3 0.17886109687500001 0.2105027671875 0.15570915000000002 0.2057419875 0.13196159062499999 0.21221025781249997 0.11510445 0.23030465156250002 0.10984835781249999 0.24614402968750002 0.113838 0.26666896093750003 0.12831269218750002 0.29349076093750004 0.157957984375 0.31736369531249997 0.1736239 0.3217274 0.191273128125 0.32200115937499996 0.217054153125 0.30217213906249996 0.2209225421875 0.2791936546875 0.217279825 0.2604534984375 0.19960758125 0.23147492343749998 0.17886109687500001 0.2105027671875
3 0.08233270625 0.25704916718750004 0.071475659375 0.2536029265625 0.059874610937499996 0.2558579421875 0.04217523125 0.2648549890625 0.0299785703125 0.27833905468750003 0.02524286875 0.296855596875 0.032528303125000005 0.3343359078125 0.047548456249999996 0.3591994671875 0.0661883125 0.37409836875 0.088794796875 0.38081738593750003 0.10039584531250001 0.3785623703125 0.1226073140625 0.3594272015625 0.12749140781249998 0.34643845156249997 0.11666149374999998 0.3050165859375 0.1014929515625 0.274625234375 0.08233270625 0.25704916718750004
3 0.3783174546875 0.4504903109375 0.37378235000000004 0.43192361718749994 0.3509041625 0.4095136109375 0.31751379375 0.4187823578125 0.2998144140625 0.4277794046875 0.29138584375 0.436826603125 0.2797095734375 0.4529878296875 0.266892225 0.4823363484375 0.2685516265625 0.5051664437500001 0.2927694265625 0.5106461484375 0.312276596875 0.530006990625 0.31654 0.5328826921875 0.319936090625 0.531296453125 0.3446512640625 0.5107485078125 0.34869311718749996 0.4886624109375 0.3578656859375 0.4739139578125 0.376655990625 0.4610004328125 0.3783174546875 0.4504903109375
3 0.4363938015625 0.49198945937499994 0.4218689609375 0.47443846718750005 0.40498880625 0.4638280453125 0.3907356671875 0.4619680453125 0.37913461875 0.46422305937499997 0.36232762812499997 0.47304664374999994 0.3504778921875 0.48831548593749996 0.3480724296875 0.5045268640625 0.351343146875 0.526117646875 0.35910087968750004 0.5422057125 0.3711470921875 0.556534075 0.3873083203125 0.5682103484375001 0.4035196984375 0.5706158109375 0.43029134999999996 0.5654119296875 0.43941377031249995 0.5599342859374999 0.4495038046875 0.5403769671875 0.44732401250000003 0.5148697046875 0.4363938015625 0.49198945937499994
3 0.4153337078125 0.33123624375 0.3971640890625 0.32828531562499996 0.378051934375 0.33477866093749997 0.35958348125 0.35411236874999996 0.35358338906250003 0.37565300156250003 0.3624801359375 0.4118939984375 0.376831515625 0.42855260156249997 0.3882089515625 0.43467600624999997 0.41832654218750004 0.4371566953125 0.4308450546875 0.43009281250000003 0.44036454843749995 0.4171291359375 0.44353908906250006 0.390581096875 0.43731950468749997 0.3538197140625 0.42918977187499996 0.3405822765625 0.4153337078125 0.33123624375
3 0.39556101718750003 0.19616375156250002 0.36589065 0.176926221875 0.3400364640625 0.1773212375 0.3117768125 0.1939276296875 0.30200862968750003 0.2199051296875 0.3024537921875 0.236488509375 0.310656690625 0.2691599515625 0.33333633906250004 0.295312975 0.359635690625 0.311501340625 0.372649515625 0.3117500265625 0.3973145375 0.3004728890625 0.40680896093749996 0.29214461875 0.4156346046875 0.2756113890625 0.4200484578125 0.2506746640625 0.4134318 0.2213993125 0.39556101718750003 0.19616375156250002
3 0.299287496875 0.12967566875 0.2840938796875 0.10391971874999999 0.2598279921875 0.0743706046875 0.25130118437500004 0.0686192 0.23580873125 0.06514788593750001 0.2249015328125 0.070972453125 0.21044985624999998 0.07285546875 0.2012772859375 0.087603921875 0.198723434375 0.0982875078125 0.2018206890625 0.1189859015625 0.21171012500000003 0.13651181875 0.2255160390625 0.1551286609375 0.2388266390625 0.1664329328125 0.251468465625 0.1695322484375 0.2734061734375 0.16804630625 0.29465003125 0.1629908125 0.301293825 0.1542905421875 0.30312875156249997 0.1446728078125 0.299287496875 0.12967566875
3 0.2497424296875 0.42269471562499994 0.24592624999999999 0.403062171875 0.23511935 0.3903451234375 0.22907116875 0.387816346875 0.1810556609375 0.398075721875 0.1571597140625 0.39901619843749997 0.151830459375 0.3954215703125 0.13755224531250002 0.398196975 0.1221831046875 0.4048888578125 0.1155393125 0.41358912812500004 0.11635647499999999 0.42732187968749996 0.12220611875000001 0.4335936734375 0.1225028953125 0.44464925781250003 0.1283274640625 0.4555564546875 0.1348960328125 0.460762396875 0.1573290546875 0.4665890265625 0.188711034375 0.4660456234375 0.22031662812500002 0.4571238015625 0.23714869374999997 0.44366481249999995 0.2497424296875 0.42269471562499994
3 0.1686563421875 0.481983240625 0.154453353125 0.47085243125 0.12864931562499998 0.46197663593750005 0.10869492031250001 0.4593726359375 0.07659401406250001 0.46098188906250004 0.0683639828125 0.4662860703125 0.0581255609375 0.48031559531249995 0.053241470312500004 0.493304346875 0.056710725 0.5111521125 0.0680380109375 0.526546328125 0.0840257765625 0.5373302109375 0.09684106406250001 0.541321915625 0.11305244218749999 0.5437273796875 0.1364781515625 0.530838928125 0.1678601328125 0.530295525 0.17666070312499998 0.5183977 0.1769595390625 0.4961130671875 0.1686563421875 0.481983240625
3 0 0.3055207765625 0.017855075 0.3112571234375 0.0228624796875 0.3084315703125 0.02747486875 0.2797518296875 0.04182830625 0.2630702125 0.057742909375 0.254420090625 0.0711287328125 0.25181814999999996 0.08074646875 0.25365307656249997 0.09477599375 0.2638914984375 0.0983455484375 0.263197646875 0.103750028125 0.2528860609375 0.1011480875 0.2395002375 0.0885564125 0.2271301140625 0.0689990921875 0.2170400796875 0.0461940703125 0.214064078125 0.015159015625 0.21639225781250002 0.0012277281250000001 0.2209524375 0 0.22196847968750003 0 0.3055207765625
3 0.23296875468749997 0.29352201718750004 0.196800921875 0.321852771875 0.1582527 0.36175950156250003 0.154632996875 0.3717241609375 0.157755325 0.3877871515625 0.1778581078125 0.39591894375000003 0.212487790625 0.3882615109375 0.226097228125 0.3772811484375 0.2449376828125 0.35509681406250004 0.2532429390625 0.33588641875 0.2519555375 0.3102056953125 0.24632950468749998 0.29555548125 0.24189263749999998 0.29178739062500003 0.23296875468749997 0.29352201718750004
3 0.2595858359375 0.382811003125 0.2514540421875 0.40291378437500003 0.258095775 0.427553734375 0.267886971875 0.43028104687499996 0.2934193078125 0.4234658515625 0.3422038921875 0.4028698171875 0.350112075 0.3911454546875 0.3439405796875 0.3784534796875 0.3279528125 0.3676695953125 0.3019502375 0.36253681718749997 0.271237034375 0.371285178125 0.2595858359375 0.382811003125
3 0.260739275 0.169582396875 0.2312403078125 0.1845774765625 0.2216957390625 0.20217655625000003 0.21676149687500001 0.22443611406250003 0.21703319843750002 0.24012710468749998 0.22310439375 0.2713606984375 0.23425821875000002 0.28586252343749996 0.24957720781249998 0.28844145 0.26581366093750003 0.286211509375 0.2897848328125 0.27136481875 0.2997515546875 0.2416443015625 0.294200746875 0.21308787499999998 0.28012313125 0.17878004218750002 0.2701835453125 0.1705249359375 0.260739275 0.169582396875
3 0 0.4422435796875 0.006791245312499999 0.44491477812499997 0.026200178125 0.44947701875 0.056888307812500004 0.44536406250000005 0.07548007500000001 0.43619355156250006 0.0892880484375 0.42147017499999995 0.09241243906249999 0.404192946875 0.0878522578125 0.3902616578125 0.0502005453125 0.36331448437499997 0.031658928125 0.36321418437499997 0.0039948890625 0.36859152968750003 0 0.36994879062499997 0 0.4422435796875
3 0 0.5272572109375 0.0042082000000000005 0.5269142062500001 0.02212913125 0.5428789578125001 0.051429557812500006 0.5316268953125001 0.057552962500000006 0.520249459375 0.051655229687500005 0.48990825625 0.06281111406249999 0.4710698625 0.05842439687499999 0.45803096249999997 0 0.4463718984375 0 0.5272572109375
0 0.6738797015625 0.260605659375 0.6690227453125 0.2356187859375 0.6603976984375 0.21506877812499997 0.6444350078125 0.1996494890625 0.623216225 0.200069578125 0.61513458125 0.21090155156249998 0.58868478125 0.2225256140625 0.5766615828125 0.236902065625 0.5739342671875 0.2466932640625 0.5826575546874999 0.282041871875 0.6022880359375 0.3115659125 0.6132934734375 0.3205399453125 0.6271746125 0.325250575 0.64750100625 0.325003946875 0.6619777578125 0.318485528125 0.6729100296875 0.30802555468750004 0.6708034015625 0.3019522984375 0.6738776421875 0.293945878125 0.6738797015625 0.260605659375
0 0.76019680625 0.190113159375 0.74795205625 0.1795278140625 0.7335003796875 0.181410828125 0.715801 0.190407875 0.7034058015625 0.20763495468749998 0.69339099375 0.21328606093750002 0.6867472 0.221986334375 0.687712753125 0.2412468765625 0.6952719468749999 0.2610779578125 0.7110611765625 0.2756048578125 0.72851186875 0.2796216359375 0.7440293953125 0.278457546875 0.758159221875 0.27015435 0.764803015625 0.261454078125 0.77097656875 0.2408058328125 0.7674090765625 0.20815946406250002 0.76019680625 0.190113159375
0 0.5559442953125 0.144614065625 0.4986349625 0.12611847812500002 0.47880388125 0.1336776734375 0.470548775 0.143617259375 0.46782145937499997 0.15340845625 0.4698779375 0.16875252031250002 0.483311853125 0.190219990625 0.49786176718749997 0.20313557656249998 0.53767025625 0.226885196875 0.5687053109375 0.22455701874999998 0.5853889890625 0.2055702359375 0.588686840625 0.1891853953125 0.5829124218749999 0.1690073875 0.5728244484375 0.1552244890625 0.5559442953125 0.144614065625
0 0.4814663484375 0 0.483545765625 0.015140471875 0.4930632015625 0.035517015624999995 0.5077364296875 0.058595799999999996 0.5228067328125 0.07418854999999999 0.5496515468750001 0.088418675 0.580686603125 0.086090496875 0.5911235609375 0.0683179546875 0.5878779187500001 0.042091765625 0.571548240625 0 0.4814663484375 0
0 0.356180859375 0.060272034375000005 0.3319630609375 0.054792331250000006 0.318403771875 0.056501884375 0.298027228125 0.06601932031249999 0.289375046875 0.08344493593749999 0.2873415828125 0.0968056875 0.294181853125 0.1177026203125 0.3037494390625 0.12880835468750002 0.3184978890625 0.137980925 0.35570443906250004 0.14834472031249998 0.3814102375 0.1424219125 0.40280454531250004 0.10955399375 0.40198737968750003 0.0958212421875 0.3977490515625 0.088310134375 0.3796546578125 0.07145299375 0.356180859375 0.060272034375000005
0 0.8792835921875 0.126216365625 0.865651140625 0.10849191250000001 0.8469862078125001 0.098228415625 0.8263128875 0.09669026562500001 0.8088120484375001 0.1019442984375 0.793963296875 0.11131334531249999 0.7833528750000001 0.12819350000000002 0.7808972609375 0.1536756875 0.7853822171875 0.1815131875 0.7906613234375001 0.194378625 0.8073429390625 0.20873206406249997 0.8277926484375 0.2186486328125 0.84990381875 0.21805508125 0.865818421875 0.20940495937499998 0.8753128421874999 0.20107668906249998 0.8884520421875 0.178148353125 0.885925325 0.1508563140625 0.8792835921875 0.126216365625
0 0.8040952390625 0.2158460953125 0.786767859375 0.2219925140625 0.7838921562500001 0.22625591875 0.770775971875 0.27788906875 0.7734029875 0.286639490625 0.7895642171875 0.2983157625 0.8164591796874999 0.303275078125 0.827886765625 0.3001276734375 0.85133755 0.28260381875 0.85924573125 0.2708794578125 0.8610806578125001 0.261261721875 0.8439538765625001 0.23032490625 0.8183483765625 0.21770609687500003 0.8040952390625 0.2158460953125
0 0.6536639078125 0.0756095703125 0.645061875 0.08376437812500001 0.63531876875 0.10510647343749999 0.6324660796875 0.13807469375 0.6380168875 0.1666311203125 0.653037040625 0.1914946796875 0.68060078125 0.2046589546875 0.6988205484375001 0.198339071875 0.7108938953124999 0.1746918109375 0.7064841640624999 0.132948096875 0.6954557125 0.0952692484375 0.6816497984375001 0.07665240625 0.6631332546875 0.07191670156249999 0.6536639078125 0.0756095703125
0 0.9539852234374999 0.2913604203125 0.958992628125 0.2885348671875 0.9556216140625 0.28548570156249997 0.9571346890625 0.2694477859375 0.9422879984374999 0.2454766140625 0.9152195703125001 0.2396249109375 0.8979172671875 0.24113592499999997 0.8696826906249999 0.2531069140625 0.85830319375 0.28032372968749997 0.8357447984374999 0.297674121875 0.8378263515625 0.30838278125 0.85540035625 0.3225627578125 0.8696284203125 0.32905816250000003 0.890847203125 0.328638071875 0.897068846875 0.3320592375 0.9095873578125 0.3249953546875 0.9356400828125 0.320857325 0.94637381875 0.31414036875 0.954654 0.299565378125 0.9539852234374999 0.2913604203125
0 0.7752609265625 0.3057265703125 0.7553044734375 0.3364627890625 0.7491309171875 0.357111034375 0.7423136625 0.36491891718749997 0.7437013640625 0.3720580234375 0.763804146875 0.38018981875 0.7946657390625 0.37696925000000003 0.8456572484375 0.343904853125 0.850863190625 0.3373362828125 0.8507398765625 0.3271730859375 0.8420646796875 0.3158938890625 0.8282086171874999 0.30654785625000003 0.7922163062500001 0.302430778125 0.7752609265625 0.3057265703125
0 0.7348276296875 0.3645218421875 0.7248880453125001 0.356266734375 0.7140309968749999 0.35282049375 0.6956377671875 0.3582479890625 0.68329271875 0.366204259375 0.668122115625 0.3691531265625 0.6481677218749999 0.3665491234375 0.6436807046874999 0.3720518421875 0.6414487046875 0.389155609375 0.64281133125 0.4009301203125 0.656418709375 0.423289978125 0.67949543125 0.44195697031250003 0.7061918578124999 0.45065930156249995 0.7128105765625 0.44659443593750003 0.709539859375 0.42500365156250003 0.7124406375000001 0.41610484375 0.7237449093749999 0.40279424218750004 0.74826154375 0.3859893125 0.7348276296875 0.3645218421875
0 0.6105118875 0.40628239062500004 0.5923171953125 0.40796686718749997 0.5811863859375 0.42216985781250005 0.5741455171875 0.43835616093749996 0.5809607125 0.4638884984375 0.5961543296875 0.48964444687500003 0.6238664578125 0.5083365125 0.6518523468749999 0.50937935 0.6835833124999999 0.4772805046875 0.681898834375 0.45908581249999997 0.6698776984375 0.44012204375 0.6487842875000001 0.4173651109375 0.6361675375 0.409630390625 0.6105118875 0.40628239062500004
0 0.48152707499999997 0.190566915625 0.46563960781249997 0.1612414125 0.454956021875 0.1586875609375 0.4388679578125 0.16644529531250002 0.426472759375 0.183672375 0.4201257421875 0.20342823281250003 0.4275595640625 0.246436334375 0.4510814515625 0.2816867046875 0.46778814375 0.2914047390625 0.4848919109375 0.2936367390625 0.5039789906250001 0.2917787984375 0.5161505765625 0.282930140625 0.5218789671875 0.245698515625 0.5192770265625 0.232312690625 0.5047772609375001 0.2101262953125 0.48152707499999997 0.190566915625
0 0.742484046875 0 0.73375936875 0.0016959046875 0.7281814265625 0.011115103125000001 0.728825128125 0.0239554640625 0.74439074375 0.046860785937499996 0.7718060953125 0.0544972671875 0.8190525296875 0.0545745515625 0.8335543546874999 0.0434207265625 0.85499675 0.0346222171875 0.8634253203125001 0.025575020312500002 0.8590636765624999 0.007900715625 0.8494710187500001 0.001430384375 0.8305941875 0 0.742484046875 0
0 0.70495219375 0.053600756250000006 0.6958297734375 0.059078399999999996 0.69097075625 0.0674317453125 0.692680309375 0.080991034375 0.7043545203125 0.09817002500000001 0.7274813953125 0.1075662078125 0.7408421453125 0.109599671875 0.77958684375 0.099290146875 0.796147209375 0.0701401671875 0.790322640625 0.0592329703125 0.765906303125 0.05749628125 0.7390364140625 0.0479015609375 0.70495219375 0.053600756250000006
0 0.6185725796875 0.3334053828125 0.598643259375 0.3261659765625 0.5936358546875 0.3289915296875 0.591800928125 0.33860926406249997 0.583942896875 0.3410628171875 0.5803231921875 0.3510274765625 0.571721159375 0.359182284375 0.5556581703125001 0.36230461406250003 0.5444541968750001 0.35707359843750003 0.5219480109375 0.33181296250000003 0.5124535906250001 0.3401412328125 0.5075444234375001 0.35776538750000003 0.5094274390625 0.3722170640625 0.523605353125 0.387983278125 0.5526069437500001 0.39901584843750004 0.5796753703124999 0.404867553125 0.606248484375 0.40340668749999997 0.6219645484375 0.39849958281250003 0.6386231515625 0.3841482046875 0.635377509375 0.3579220171875 0.6288590890625 0.343445265625 0.6185725796875 0.3334053828125
0 0.4551105921875 0.06419469531250001 0.44224515468750003 0.0694738015625 0.4265541640625 0.069745503125 0.41849759531249997 0.07594207187499999 0.412374190625 0.0873195078125 0.41988323593750004 0.11642139843749999 0.436936853125 0.127924209375 0.4677733703125 0.1293390453125 0.47939949375 0.122448625 0.4901081546875 0.120367071875 0.5024782765625 0.107775396875 0.4976213203125 0.0827885234375 0.48537657031250003 0.0722031765625 0.47114850781250006 0.065707771875 0.4551105921875 0.06419469531250001
0 0.5519361078125 0.42415111093749996 0.55124225625 0.42058155781249995 0.536742490625 0.3983951609375 0.5251915921875 0.39137936875 0.4995359421875 0.38803136718750003 0.48686904374999995 0.3895674578125 0.4755898453125 0.39824265312499996 0.463368109375 0.41636212187500005 0.4561287046875 0.4362914421875 0.454615628125 0.4523293578125 0.45768780781249996 0.47766315625000005 0.46670992968749997 0.49072713125 0.48039253125 0.499180775 0.5001734625 0.5008923875 0.4967794328125 0.4691384078125 0.5029780625 0.4438547578125 0.5289325484375 0.42491812500000004 0.541425984375 0.422489646875 0.5492589437500001 0.4246714984375 0.5519361078125 0.42415111093749996
0 0.8883307874999999 0.1346449359375 0.9011921046875001 0.1960462703125 0.9083061375 0.1992939734375 0.9238236640625 0.1981298828125 0.938820803125 0.194288628125 0.9475963000000001 0.18702620781249998 0.9293827140625 0.09332543125000001 0.9183271281250001 0.09362220624999999 0.905263153125 0.10264432812499999 0.890537715625 0.12217657500000001 0.8883307874999999 0.1346449359375