0 0.1081007625 0.887203909375 0.118683796875 0.8757431734375001 0.126877546875 0.8464317453125 0.1252161140625 0.8179825328125 0.118888428125 0.7929515203124999 0.0939140765625 0.743967265625 0.067185428125 0.7222260828125 0.05322392031249999 0.72344755625 0.04030775625 0.73661739375 0.033383434375 0.7898973984375 0.0348207859375 0.8063263953125 0.05023854531250001 0.850126834375 0.069277215625 0.8785607109375 0.0844147390625 0.8907811453125 0.1081007625 0.887203909375
0 0.14410466718749998 0.750111 0.1538664375 0.7387221140625 0.162713528125 0.7168784125000001 0.17475226875 0.6842206375 0.17827976406249998 0.6583274078125 0.1725865171875 0.61217120625 0.15410777656250002 0.5806783875 0.1438605875 0.5770599671875 0.12536349375 0.5831931859374999 0.1099462796875 0.6056116984375 0.10550410625 0.6210501109375001 0.09344701250000001 0.691333925 0.0956683734375 0.7167241953125 0.1047584484375 0.7354936203125 0.1232182875 0.7383935265625 0.132737621875 0.7526104640625 0.14410466718749998 0.750111
0 0.0997541546875 0.48911516875 0.11384633125000002 0.4893872390625 0.1349751453125 0.47549888906250004 0.1435609 0.450668096875 0.1452779421875 0.432458146875 0.137680828125 0.383458559375 0.1222258109375 0.34869124375 0.1031871421875 0.32025736562499996 0.09211868749999999 0.3167107984375 0.07937045000000001 0.32234105625 0.065894359375 0.338569834375 0.0591190578125 0.355717346875 0.0557594875 0.3740709984375 0.0608928046875 0.423286140625 0.0829741 0.47703843749999997 0.0997541546875 0.48911516875
0 0.137299653125 1 0.12812916875 0.9742453093749999 0.11467143125000001 0.9528480515625001 0.09503557812499999 0.9365062375000001 0.083276528125 0.934525065625 0.0706589578125 0.9416488703124999 0.05684701875 0.972956803125 0.0562447046875 1 0.137299653125 1
0 0.13182458749999998 0.940812503125 0.154521421875 0.9448466968749999 0.16973345625 0.9390008828124999 0.1742690421875 0.934089140625 0.1813429359375 0.9108955953125 0.1863261359375 0.8638053265625001 0.184888784375 0.847376328125 0.1700498546875 0.8291098625 0.1562373671875 0.79419884375 0.1499658375 0.788727621875 0.1338018703125 0.7931517421875001 0.127885090625 0.8011942781249999 0.1265973078125 0.8148517406250001 0.1290427515625 0.8522622234374999 0.1154921484375 0.886557246875 0.117937590625 0.9239677296875 0.12213732968749999 0.9341351421875 0.13182458749999998 0.940812503125
0 0.19297076875000002 0.8451642703125 0.20459915 0.8456518953125001 0.2220136421875 0.8366034375 0.22931161718749998 0.82543010625 0.232279184375 0.8025958187500001 0.2300578234375 0.7772055484375 0.22152767812500002 0.7553771828125 0.217738296875 0.71206436875 0.21202669687500003 0.7035342046874999 0.19283900468749998 0.7112328203125 0.176077853125 0.7277490046875 0.165756153125 0.74219683125 0.15989553125 0.769799159375 0.16263956562499998 0.8011636093750001 0.167231309375 0.8158116578125 0.176190715625 0.8330875390625 0.19297076875000002 0.8451642703125
0 0.1274725390625 0.5694638734375 0.12719230312500002 0.5378838671875 0.11718754843750001 0.5086596250000001 0.0772252453125 0.47754139687499997 0.052456618749999996 0.47820339218749996 0.0372073296875 0.493082328125 0.03177596875 0.5161321703125 0.0314028640625 0.5402444484375 0.0366479484375 0.562360221875 0.065243209375 0.595977915625 0.08491631875 0.6032866046875001 0.1072211484375 0.6028401624999999 0.1274725390625 0.5694638734375
0 0.1253791078125 0.2144723890625 0.1449588046875 0.2112544109375 0.1561390234375 0.1877016078125 0.1595358515625 0.160314834375 0.1577064953125 0.1394052 0.14047827968749999 0.10328804218750001 0.135830378125 0.06908020312499999 0.12354865781249999 0.061124851562500006 0.11040841406249999 0.0622744734375 0.102457096875 0.065980078125 0.0937779296875 0.0802842015625 0.08883198437499999 0.118341346875 0.0917066875 0.1511993453125 0.09881838281250001 0.185191628125 0.106956525 0.2025393609375 0.1253791078125 0.2144723890625
0 0 0.44371895156249996 0.0119532875 0.4787370203125 0.024235010937500003 0.486692371875 0.0365539890625 0.48561460156249997 0.04424396875 0.47892190625 0.0539123234375 0.457006353125 0.056394475 0.4191647625 0.053165021874999996 0.37279300625 0.0430296015625 0.34207521875 0.02736940625 0.323880603125 0.015741025 0.323392978125 0.0103841734375 0.32837657343750004 0 0.3562947078125 0 0.44371895156249996
0 0.069720446875 0.306630571875 0.09870716406249999 0.27850995 0.11597208750000002 0.2393750328125 0.11414273125 0.2184654 0.09809053125 0.1957901484375 0.0945813890625 0.184057340625 0.07763341093750001 0.1795201875 0.0606109234375 0.19304927968750002 0.055907412499999996 0.20550060312500001 0.038717 0.2265692734375 0.027107521875000002 0.25467456093749996 0.0260810765625 0.27131911406250003 0.040882753125 0.29861870156250003 0.053164475 0.3065740546875 0.069720446875 0.306630571875
0 0 0.22737950156250003 0.0008081328125 0.2283808921875 0.011447325 0.23647994687499999 0.02458756875 0.23533032343750002 0.03901559375 0.220523240625 0.04293509375 0.199110646875 0.035767240625 0.1455585703125 0.0216561609375 0.11669358437499999 0.017885684375 0.1019736859375 0.0123047515625 0.09493706874999999 0 0.0901921890625 0 0.22737950156250003
0 0.20203975000000002 0.5704649734375 0.1903174078125 0.49323172812499994 0.1723051828125 0.448153296875 0.15699973750000001 0.443472440625 0.1481899 0.4562830203125 0.14262786875 0.4778393171875 0.1469960796875 0.546686103125 0.156310234375 0.5774757421875 0.18050057656250001 0.617498725 0.2000802734375 0.6142807453125 0.2040931875 0.6033948203125 0.20203975000000002 0.5704649734375
0 0.174375878125 0.311019203125 0.1791539 0.2805016359375 0.1773617984375 0.2505588796875 0.17099685625 0.2345609890625 0.1673381453125 0.192741721875 0.163698334375 0.17951536875000002 0.15057699375 0.20925790625000001 0.13489844374999999 0.22868932812499998 0.12933641093749998 0.25024562499999997 0.127283521875 0.28353472812499997 0.14018133125 0.30799092968749997 0.155710859375 0.324692 0.163102246875 0.3240453375 0.174375878125 0.311019203125
1 0.9088121515625 0.3912421734375 0.9528618796874999 0.3934082296875 0.9659087109375 0.38173194062500004 0.972422675 0.36159733906249997 0.972926446875 0.33897860468749996 0.9608871593750001 0.305417428125 0.9457868921875001 0.28416387187500003 0.9288761687499999 0.2705935953125 0.91015499375 0.2647066 0.8989186171875 0.2686996109375 0.8875143171875 0.280232196875 0.880440425 0.3034257421875 0.8812433343749999 0.340979928125 0.8857978234375 0.3646610984375 0.8954478281249999 0.38037158125000003 0.9088121515625 0.3912421734375
1 0.8997609765625001 0.5620964796875 0.9229243265625 0.5525450625 0.9383415390625001 0.5301265500000001 0.944892759375 0.5009588234375 0.9397966953125 0.44271055937500003 0.9310052140625 0.41789509999999996 0.9199740171874999 0.405315409375 0.9112386921875 0.40005974218749996 0.898229115625 0.40270291093750005 0.883744934375 0.397950203125 0.8701009203125001 0.421718559375 0.8664054999999999 0.455151365625 0.8689443546875 0.5030885171875 0.8764853125000001 0.5325283140625 0.8908949828124999 0.5553472671875 0.8997609765625001 0.5620964796875
1 0.8565141578125001 0.597484609375 0.8524078328125 0.5978438671874999 0.85436785625 0.6202470453125 0.84858174375 0.6297831281249999 0.8471632953125001 0.64194704375 0.85224045625 0.6716023953125 0.8637943265624999 0.6901562671875 0.8764680531250001 0.70259225625 0.8942372953125 0.7070575578125 0.9123051312499999 0.705476828125 0.9287676906250001 0.695006675 0.9436249765625 0.6756471046875 0.9509974609375 0.646407528125 0.9530130953124999 0.622151546875 0.9506238093749999 0.6043008546874999 0.9441654546875 0.577776296875 0.9336941875000001 0.5621376640625 0.9291958546875 0.5580162843750001 0.8983797828125001 0.5652272734375 0.8803864578124999 0.5487417578125 0.8655664281250001 0.5590682078125 0.8684222296874999 0.5633332875 0.8670037796875001 0.5754972046875 0.8571113421875 0.5853925453125 0.8565141578125001 0.597484609375
1 0.8783174062500001 0.8845327078125 0.905904028125 0.8309499625000001 0.9121005 0.7882684796875 0.9085724562499999 0.74794275625 0.8961039078124999 0.7189340671875 0.8783719203125001 0.70543564375 0.8618159484374999 0.7053791265625 0.8445882796875 0.73548091875 0.831261759375 0.7817961578125 0.829936721875 0.8044867421875 0.833166175 0.850858496875 0.8385791828125001 0.8654346921875 0.8569645124999999 0.8864008437500001 0.8663904328124999 0.8900911140625001 0.8783174062500001 0.8845327078125
1 0.926225 0.1835368625 0.9358004921875 0.21731359062500002 0.9465330968749999 0.2359393140625 0.9620626250000001 0.25264038437499997 0.9768081453124999 0.26038018125 0.9809144703125 0.26002092499999996 0.9670636328125 0.1017051265625 0.955248425 0.0801641625 0.9452625749999999 0.079532834375 0.9334662687499999 0.08658478750000001 0.9249177703125 0.1023824578125 0.9209237578125 0.141861296875 0.926225 0.1835368625
1 0.7892744125 0 0.7879522109375 0.0029970734375 0.7861045015625 0.019713475 0.78802726875 0.051149778125 0.7959974875 0.0760370890625 0.8120496875000001 0.0987123375 0.8236408125000001 0.1082330875 0.8352691953125 0.1087207125 0.8528516125 0.092132678125 0.8641624984374999 0.0700734234375 0.8745587078125 0.037559350000000005 0.8757158203125 0.0224083421875 0.8744836453125 0 0.7892744125 0
1 0.8765014734375001 0.23002646875 0.8683255296875 0.1554929078125 0.8494547828125001 0.11951945312500001 0.8285311484375001 0.116835103125 0.8083170109375001 0.14117826875 0.8054801140625001 0.1655061015625 0.8129093031249999 0.22204526875 0.822484796875 0.2558219984375 0.8303616015624999 0.27018264062499997 0.8442858531249999 0.2779942890625 0.8556528984374999 0.2754948234375 0.8683077234375001 0.2593378984375 0.8765014734375001 0.23002646875
1 1 0.7244991515625 0.9891682125000001 0.7138019515625 0.9683752468750001 0.7126111453124999 0.95010223125 0.7307645765624999 0.93076551875 0.774595684375 0.9327816999999999 0.816558653125 0.9375041109375 0.8327002468750001 0.9536869812500001 0.8568690421875 0.9640648359374999 0.86198100625 0.976458325 0.8428369890624999 1 0.8295455031250001 1 0.7244991515625
1 0.896105003125 0.851371971875 0.888079178125 0.8731438218750001 0.8848502734375 0.8929910187500001 0.8877249765625 0.925849015625 0.8987750734375 0.9670216203124999 0.9562636375 0.9619920234375 0.9571594156250001 0.943853925 0.951671346875 0.8811250234375001 0.933752534375 0.8465732625 0.9142100937500001 0.8407581171875 0.9028430500000001 0.8432575828125 0.896105003125 0.851371971875
1 1 0.83995964375 0.986052171875 0.8389876828125 0.9775409265624999 0.8457522296875 0.961694453125 0.8727232296875 0.95592724375 0.9108522265625 0.95807409375 0.9543087421875001 0.9603699656250001 0.961632765625 1 0.9581655874999999 1 0.83995964375
1 0.8678433999999999 0.5377993156249999 0.8719869812500001 0.5284069359375 0.8647257156249999 0.464328190625 0.8194438125 0.42916043593750003 0.8130043609375001 0.43122879062499997 0.8056691296875 0.45143524687500003 0.7989310859375001 0.4595496359375 0.803933734375 0.5072712312500001 0.813154478125 0.527534203125 0.8252682765625 0.5430291328125 0.8391925312499999 0.5508407828124999 0.85479656875 0.5494756062499999 0.8678433999999999 0.5377993156249999
1 0.9911082390624999 0.5751743125 0.9888307218750001 0.5302242515625 0.979684490625 0.49189503281249997 0.9706878281250001 0.48365227656250004 0.9578089203125 0.4877889875 0.9473192984375001 0.50977639375 0.9428960265624999 0.5538077203125 0.944202709375 0.5687431734375 0.9567274156250001 0.617311653125 0.97225694375 0.6340127234375 0.9844452531250001 0.6314414078125 0.9911643968750001 0.594734103125 0.9911082390624999 0.5751743125
1 0.9323847640625 0.21610745156250002 0.9226224453125 0.161277384375 0.9217633781250001 0.1041634078125 0.9079697921875001 0.0978453046875 0.8894726984375 0.10397852031249999 0.8804949375 0.12432867656249999 0.872562525 0.15662719687499999 0.873794696875 0.189628896875 0.879469040625 0.2071921828125 0.8895483046875 0.21835017968749998 0.90675761875 0.2258744234375 0.924694784375 0.222800146875 0.9323847640625 0.21610745156250002
1 0.9555842734375 0.0650850078125 0.9417345328125 0.0392071125 0.9178616843749999 0.0217310125 0.892141125 0.0209713140625 0.882939284375 0.0293012578125 0.8775451765625 0.043317974999999995 0.8801957984375001 0.064155759375 0.889715134375 0.07837269687500001 0.9211100374999999 0.09669568125 0.940334984375 0.07996394375 0.9548564203125001 0.075683528125 0.9555842734375 0.0650850078125
1 0.865845571875 0.45821030625 0.8673385328125001 0.42798014531249995 0.8760549546874999 0.4046428984375 0.8867686593749999 0.3946757078125 0.9011221718750001 0.39793486875 0.9029326265625001 0.3902515875 0.89012823125 0.3763220546875 0.8802541453125 0.3485913578125 0.8741132859375 0.34461368124999997 0.8534509859374999 0.3449164203125 0.8409640859374999 0.35353376875000003 0.8289626 0.37715842187500004 0.828066825 0.3952965203125 0.8374743921875 0.436612828125 0.8450898609375 0.4479863796875 0.8610486500000001 0.4601349625 0.865845571875 0.45821030625
2 0.7470834453124999 0.9547083046875 0.764199346875 0.95170588125 0.774091784375 0.9418105406249999 0.781035009375 0.9171234500000001 0.7812401890625 0.9005507500000001 0.7734378953125 0.8681238609375 0.7592895609375 0.8482919984375 0.7346888609375 0.84141441875 0.7216792859375001 0.8440575859375 0.7131680421875 0.8508221328125 0.7015585625 0.8789274203125 0.7040412593750001 0.90730478125 0.7090250078125 0.9264334640625 0.7223520765625 0.9463371781250001 0.7293142031250001 0.950243003125 0.7470834453124999 0.9547083046875
2 0.809312228125 0.8619753109375001 0.82002593125 0.8520081203125001 0.8281824265625 0.8317298125000001 0.8261662453125 0.7897668437500001 0.8208839046874999 0.77668419375 0.8124471703125 0.76538249375 0.790739525 0.7537368703125 0.779932409375 0.7531773937499999 0.7548279375 0.7689185453125 0.7403626578125 0.792758753125 0.7378243515625 0.811040553125 0.747959771875 0.841758340625 0.767072953125 0.8521259734375001 0.77849615625 0.8691863 0.809312228125 0.8619753109375001
2 0.68726120625 0.89522805 0.6958097046875 0.8794303796875 0.7010169875 0.8443603265625 0.6991314734375 0.8038909000000001 0.6881747875 0.7732449625 0.6836764578125 0.7691235843750001 0.6658699578125 0.77369140625 0.6536443937499999 0.7852958453125 0.6442373734375 0.8101984874999999 0.6395527640625 0.851242725 0.6416062015625 0.884172571875 0.6460672765625 0.8973270734375 0.653421409375 0.9057135359374999 0.675035640625 0.9068324890625 0.68726120625 0.89522805
2 0.7363124890625 0.8126778 0.73776819375 0.7914807625 0.735154828125 0.76160985625 0.7290884796875 0.7395659328125 0.7142868015625 0.7122663453125 0.70334901875 0.710213321875 0.67292495 0.721904946875 0.6728876953125 0.73093806875 0.6839750484375 0.7630775515625 0.7109839359375 0.8163987390624999 0.725860121875 0.8256320828125 0.7329901734375001 0.8219983296875 0.7363124890625 0.8126778
2 0.7700772265625 0.754039609375 0.7854571859374999 0.7406542203125001 0.7843184265625001 0.718179190625 0.7779907390624999 0.693148178125 0.7656156046875 0.6746661578125 0.7461104187500001 0.6598178890625 0.7288638484375001 0.66132676875 0.723637665625 0.667803909375 0.7194195734375 0.6952625359375 0.7218088578125 0.7131132265625 0.727352534375 0.72918296875 0.7406796046874999 0.7490866828125 0.7544731875 0.7554047859375 0.7700772265625 0.754039609375
2 0.7200540140625 0.674137346875 0.7253547078125 0.6495939609375 0.723264015625 0.6256972359375 0.70599854375 0.5986132015625001 0.6925969640625 0.5967757328125 0.682312521875 0.6021904375 0.6670259749999999 0.62610249375 0.65896289375 0.65690746875 0.6580671171875 0.675045565625 0.6621923453125 0.7032792234375 0.6707597468750001 0.71607446875 0.6969095640625 0.7122816796875 0.711076253125 0.6944875046875 0.7200540140625 0.674137346875
2 0.6557712453125 0.6677215421875 0.6508620078125 0.6305266140625 0.6397746546875 0.5983871328125 0.6253649828125 0.5755681781249999 0.608976934375 0.5679720828125 0.61200120625 0.6309165375 0.6189822359375 0.663415278125 0.6167425203125 0.6756510453125 0.620009228125 0.712989678125 0.62519815625 0.715545659375 0.645636371875 0.7032227062499999 0.654184871875 0.6874250375 0.6557712453125 0.6677215421875
2 0.7357509171875 0.6170798875 0.746296696875 0.614652275 0.758858109375 0.5879686796875 0.7609671546875 0.574239365625 0.7586151265625001 0.5473555515624999 0.74821836875 0.5136506734374999 0.7351898921875 0.48770092500000006 0.7174951609375 0.46516937656249996 0.6896093999999999 0.4585792015625 0.6819194203125 0.46527189687500004 0.6682381515625 0.498073375 0.6712807765625 0.52339179375 0.681285528125 0.5526160375 0.7009775406250001 0.588517640625 0.721266734375 0.6123271796875 0.7357509171875 0.6170798875
2 0.783309240625 0.5647598 0.79678533125 0.5485310234375 0.8019181015625 0.5315272125 0.798296646875 0.4806748234375 0.7922302953125 0.4586309 0.7832708890625 0.4413550203125 0.7668266828125 0.4141991328125 0.7484975109375 0.41279277499999995 0.739165003125 0.41962917187500004 0.7325203703125001 0.43827022812500005 0.7313260015624999 0.46245435781250005 0.7368324234375 0.48755722187500006 0.7541913078125 0.5251679265625 0.762553528125 0.554535871875 0.783309240625 0.5647598
2 0.6922767296875 0.24313409218749998 0.69796943125 0.223071340625 0.696121171875 0.17356879218750002 0.6903534140625001 0.14547883749999999 0.684119140625 0.13097449375 0.6747304749999999 0.11825110000000001 0.6651738828125 0.113067284375 0.647759390625 0.122115740625 0.6344890265625 0.1879907703125 0.6379609125 0.20875670156249998 0.6497388640625 0.2393307875 0.6636258609375 0.2561755578125 0.6770274421875 0.25801302656249997 0.6922767296875 0.24313409218749998
2 0.6210501921875 0.195186425 0.6309426296875 0.18529108593750002 0.642458696875 0.14665912812499998 0.647273971875 0.1071084359375 0.6476098203125 0.09202928125 0.641282134375 0.06699826875 0.6273017234375 0.039626828125 0.614460071875 0.0347304171875 0.5998079656249999 0.0375172890625 0.5881984859375 0.0656225765625 0.5817406796875 0.10531697031250001 0.58060246875 0.14906089218750002 0.58541829375 0.17572915312499998 0.5932950984375001 0.1900897953125 0.608040615625 0.19782959218750001 0.6210501921875 0.195186425
2 0.7416098953125 0.390820703125 0.7389965296875001 0.360949796875 0.7278719203125 0.3378434375 0.7094120828125 0.334943534375 0.6967945109375 0.34206733749999996 0.6885073484374999 0.3608520953125 0.6870143875 0.39108225937499996 0.683430734375 0.397415696875 0.6936223125 0.4476932765625 0.70836783125 0.455433075 0.7282461203125 0.4461690640625 0.740023521875 0.41052419687499997 0.7416098953125 0.390820703125
2 0.6760037359375 0.6057523375 0.695359353125 0.5905141453125 0.690375603125 0.5713854625 0.6744913265625 0.541170634375 0.666297028125 0.5042631109375 0.66097743125 0.5002135828125 0.6446455390625 0.5121772796874999 0.6339507390625 0.5507373859375 0.6320657734374999 0.5764869125 0.65129126875 0.6259741265625001 0.663572990625 0.6339294796875 0.6760037359375 0.6057523375
2 0.7912778140625 0.39099025625 0.7789949953125 0.2505969984375 0.7754858546875 0.23886419062500003 0.7705582625 0.2392952984375 0.7579406921875 0.24641910312499998 0.7496162734375 0.2742369859375 0.7467048640625 0.31663106406249997 0.751278253125 0.36890515 0.7591178015625 0.3922989140625 0.772482128125 0.4031695046875 0.7816467125 0.40387268593750003 0.7894673609375 0.3986735359375 0.7912778140625 0.39099025625
2 0.7742536828125 0.2058624921875 0.7694562109375 0.1415681953125 0.7647710546875001 0.1163934796875 0.74263415 0.10930034375 0.72949390625 0.11044996562500001 0.7154951421875 0.12070456249999999 0.704314921875 0.1442573640625 0.7079736343749999 0.18607663125 0.722644640625 0.21188267500000002 0.73834209375 0.2210441671875 0.756801934375 0.2239440734375 0.7703714374999999 0.2182419625 0.7742536828125 0.2058624921875
2 0.65692561875 0.3214757765625 0.6554693656249999 0.2764538640625 0.650784209375 0.2512791484375 0.63943551875 0.2161525765625 0.62801231875 0.19909225 0.6018624984375001 0.20288503906250002 0.5980736671875 0.225791178125 0.600257771875 0.2602145703125 0.6192780875 0.3262744859375 0.633295753125 0.344612803125 0.6479106031249999 0.35085905624999997 0.655077909375 0.3381921796875 0.65692561875 0.3214757765625
2 0.6853724062500001 0.4574449140625 0.6895159859375 0.4480525328125 0.686212025 0.41974702500000005 0.67689786875 0.3889573859375 0.6691517328125001 0.3760902890625 0.6632722078125 0.37509970312499996 0.6510466421875 0.38670414218750004 0.6379253 0.4164466796875 0.641154753125 0.46281843437500003 0.6563484328125 0.49459865937499997 0.6678461453125 0.4935927390625 0.678503690625 0.46406575781250003 0.6853724062500001 0.4574449140625
2 0.5906088640625 0.376941990625 0.5960969328125 0.4396708921875 0.6219854140625001 0.43289101093750004 0.6335203828125 0.42285197031250005 0.64792950625 0.3794519703125 0.6454095515625 0.360107734375 0.6371034875 0.35029957968750003 0.593016503125 0.35716664531250003 0.5906088640625 0.376941990625
2 0.5168456625 0.5459329796875 0.5272235171874999 0.5510449453125 0.572523771875 0.5485866625 0.58336814375 0.5401130171874999 0.5932044249999999 0.5106578859375001 0.5931482671875 0.49109809374999996 0.58950845625 0.47787174062500004 0.5789065203125 0.4607395625 0.5697791890625 0.451003259375 0.5430132859375 0.43829520000000005 0.5235642578124999 0.44300672343749997 0.5106480953125 0.45617655937499996 0.5008490703125 0.4765985671875 0.49969195781250003 0.49174957499999994 0.505104965625 0.5063257703125 0.5043398578125 0.5259574140625001 0.5168456625 0.5459329796875
2 0.5437594921875 0.39007064375 0.5598111453125 0.346526940625 0.5664368765625001 0.2992929703125 0.5645141078125 0.26785666875 0.5513549624999999 0.240413375 0.5326337875 0.23452637968749998 0.5167311546875 0.2419375890625 0.49696518125000005 0.290321184375 0.4886596640625 0.3467319796875 0.4931023859375 0.3975125203125 0.5019311234375 0.41329485468750005 0.5116183828125 0.419972215625 0.5253185546875 0.41576365312499997 0.532877865625 0.40757741249999996 0.5437594921875 0.39007064375
2 0.53310578125 0.8831302890625 0.5549997046875 0.8496102953125 0.5572394171874999 0.8373745296875 0.5554100609375 0.8164648937500001 0.5512103234375 0.806297484375 0.53023053125 0.784053340625 0.514925084375 0.779372484375 0.4858076984375 0.8059995625 0.475150153125 0.8355265453125 0.47339585624999997 0.862769615625 0.4789395328125 0.8788393578125 0.4864243328125 0.8887193640625 0.5086919046875 0.8973060437499999 0.53310578125 0.8831302890625
2 0.46696982499999995 0.23124136874999998 0.471971928125 0.21274401406250001 0.471430353125 0.17817691875 0.466707940625 0.1620353265625 0.43697392187500006 0.10594260156249999 0.41582620625000005 0.0912380390625 0.3955559125 0.0960214140625 0.385924809375 0.10890384374999999 0.38469318750000003 0.14212109687500002 0.40195865781249995 0.1692051328125 0.40781982812499995 0.2078217546875 0.42236016718749997 0.232134253125 0.45284039218750005 0.24000242031250002 0.46696982499999995 0.23124136874999998
2 0.5029742781250001 0.1603674109375 0.5266603015625 0.156790175 0.5465196890625 0.1189332484375 0.545903603125 0.1024324 0.537970640625 0.0685119671875 0.5277607093750001 0.055860425000000005 0.513015190625 0.048120626562500005 0.499874946875 0.049270248437500004 0.4882093109375 0.0578157453125 0.47068305156249995 0.0939635734375 0.4699551984375 0.10456209218750001 0.4727364890625 0.1268934203125 0.47788816093750003 0.138482525 0.4925964234375 0.15525544687499998 0.5029742781250001 0.1603674109375
2 0.5965467375 0.662368175 0.5919177390625 0.6567532500000001 0.574111240625 0.661321071875 0.5571449109375 0.69440995625 0.5552971999999999 0.711126359375 0.559609253125 0.7604133531249999 0.5645930015625 0.7795420359375 0.576016203125 0.7966023625 0.5883351828125 0.7955245921875 0.5946812218749999 0.7829295671875001 0.600504040625 0.698141409375 0.5965467375 0.662368175
2 0.589399978125 0.9022848203124999 0.600636353125 0.8982918109375 0.6062172859375 0.905328428125 0.611144878125 0.9048973203124999 0.618312184375 0.8922304437499999 0.6207198218750001 0.8724550984375 0.6181437125 0.8335510703125 0.6003555671874999 0.800492853125 0.5916202421875 0.7952371859375 0.57969326875 0.80079559375 0.5663289453125 0.7899250015625 0.561532021875 0.7918496546875 0.5560072453125 0.8043728296875001 0.5589192046875 0.8281977015624999 0.556642234375 0.8494665921875001 0.5642204468750001 0.8698732671875 0.577808853125 0.8927640718750001 0.589399978125 0.9022848203124999
2 0.5953145656250001 0.6293664765625 0.5867282625 0.587978315625 0.560428875 0.5616846468750001 0.5309005828125 0.5552381734375 0.5200562109375 0.56371181875 0.5152220328125 0.574669596875 0.516752796875 0.6016252625 0.5276722265625 0.6413043234375 0.5452362890625 0.6623423265625 0.5620536 0.6653859328125 0.5857768765625 0.6527755749999999 0.5916936578125 0.6447330359375 0.5953145656250001 0.6293664765625
2 0.5168456625 0.5459329796875 0.5272235171874999 0.5510449453125 0.572523771875 0.5485866625 0.584189409375 0.540041165625 0.5933350921875 0.5121514296874999 0.5939322765624999 0.5000593656250001 0.58950845625 0.47787174062500004 0.5789065203125 0.4607395625 0.5697791890625 0.451003259375 0.5430132859375 0.43829520000000005 0.5267186500000001 0.4412257734375 0.5106480953125 0.45617655937499996 0.5001584734375 0.478163965625 0.4994306203125 0.48876248437500003 0.5042837015625 0.5063976218749999 0.5043398578125 0.5259574140625001 0.5168456625 0.5459329796875
2 0.4539986015625 0.3572893171875 0.46146449843750004 0.338576409375 0.4643013984375 0.3142485765625 0.46211729375 0.2798251828125 0.45496834062499997 0.25486602187499996 0.44856614375000003 0.2479012546875 0.430236971875 0.2464948953125 0.424749453125 0.24998494531249998 0.40709252500000004 0.2846392265625 0.398040253125 0.323055628125 0.396976553125 0.34873330468749997 0.40862383593749996 0.37781384375 0.414764696875 0.3817915203125 0.43092866562500004 0.37736740156250004 0.4539986015625 0.3572893171875
3 0.3777365390625 0.8004047906249999 0.3747684234375 0.7570201265625001 0.36670479375 0.721606146875 0.3540310671875 0.7091701593749999 0.3325102484375 0.718577875 0.3209941796875 0.7572098328125 0.319202628125 0.7934860265625 0.32398119687500004 0.829187409375 0.3321193375 0.8465351421875 0.346174259375 0.8558403374999999 0.3634208296875 0.8543314578125001 0.37127873125 0.8400991843750001 0.3777365390625 0.8004047906249999
3 0.3224087953125 0.28151325312500003 0.340625653125 0.24380002968749998 0.3367056046875 0.198993671875 0.3286047171875 0.172612815625 0.314754975 0.1467349203125 0.29892685625 0.1360798828125 0.28414408125 0.1373732078125 0.2690254609375 0.1537456890625 0.2634634296875 0.1753019859375 0.264210184375 0.1932963796875 0.27932935312499996 0.24314285156249998 0.2922271609375 0.267599053125 0.30654341875 0.2798913375 0.3224087953125 0.28151325312500003
3 0.353694121875 0.5918114125 0.36241054687499996 0.568474165625 0.3617944609375 0.551973315625 0.35061369375 0.5093071640625 0.3297084125 0.4689967765625 0.3102032265625 0.45414850937500006 0.29443126406250003 0.4630532625 0.28623751406250003 0.4923646921875 0.2871149359375 0.5118526328125 0.29153875625 0.5340402578125001 0.3037459671875 0.5600618546875 0.3251177640625 0.5867866328125 0.34176715 0.5973698187500001 0.353694121875 0.5918114125
3 0.28392547968750004 0.7875425140625001 0.3002573703125 0.7755788171875 0.304307540625 0.75565976875 0.30559532031250003 0.7420023078125 0.3012460125 0.7017484359374999 0.2924172734375 0.6859661015625 0.278231684375 0.6751673609375 0.2410134140625 0.6754135828125001 0.22550278750000002 0.687305428125 0.220631353125 0.7072963265625 0.222778203125 0.7507528437500001 0.2269779421875 0.7609202546875 0.248088403125 0.7846579421875 0.26257258437500003 0.78941065 0.28392547968750004 0.7875425140625001
3 0.260834996875 0.580370828125 0.27470309375 0.5686226875 0.278062665625 0.5502690343750001 0.2767932375 0.526300459375 0.2702042140625 0.49828235625 0.25133346875 0.46230890156250004 0.2379691453125 0.451438309375 0.2222344375 0.45130993906250005 0.2069478921875 0.4752219984375 0.2050629265625 0.500971525 0.207190875 0.5158351265625 0.22346715625 0.550530590625 0.237615490625 0.5703624546875 0.2542648765625 0.5809456390625 0.260834996875 0.580370828125
3 0.2726858171875 0.3942218125 0.268467175 0.3554614875 0.2578652390625 0.338329309375 0.2397039921875 0.3293833703125 0.1998167453125 0.3464178484375 0.19238810312500002 0.356097634375 0.189551203125 0.3804254671875 0.1924631625 0.40425033906249996 0.20086264062499998 0.4245851625 0.2209277546875 0.4363744875 0.2518744953125 0.43065704374999997 0.2646599890625 0.4159936625 0.2726858171875 0.3942218125
3 0.22788878437500001 0.30784240937499996 0.25140688437500003 0.3118047515625 0.2654429046875 0.29251703125 0.272218203125 0.27536951875 0.2717327875 0.260362215625 0.266319778125 0.24578601875 0.2490543078125 0.218701984375 0.22833585156249997 0.19944493125 0.2179579953125 0.19433296718749998 0.2106972765625 0.19647317656250002 0.20244737031249999 0.2062248125 0.1958027375 0.2248658703125 0.1983788453125 0.2637698984375 0.2017573203125 0.2740091609375 0.21629765937499998 0.298321659375 0.22788878437500001 0.30784240937499996
3 0.3488766546875 0.366486296875 0.3578544140625 0.3461361390625 0.3549797125 0.3132781421875 0.342473909375 0.293302578125 0.323491396875 0.284428490625 0.31212435156249996 0.2869279546875 0.286870309375 0.2725826484375 0.28043085625 0.27465100468750003 0.2717516875 0.28895512968750003 0.2676270078125 0.3269404234375 0.268933690625 0.34187587656249996 0.2754665578125 0.3503341875 0.3167166421875 0.3677949546875 0.3488766546875 0.366486296875
3 0.3895323609375 1 0.39074775625 0.9964184796875 0.394405921875 0.9720187953125 0.3888995 0.9469159312500001 0.3800707625 0.9311335953125001 0.3595763875 0.9238967578124999 0.3333520578125 0.9457557937500001 0.31638572656249997 0.978844678125 0.3141460125 0.9910804453125 0.31547845625000004 1 0.3895323609375 1
3 0.3989415078125 0.9671070500000001 0.42466206562500003 0.9678667484375 0.4386980859375 0.9485790281250001 0.43989245312499997 0.9243948984375001 0.44524930625000003 0.9194113015625 0.44446529687499997 0.9104500312500001 0.4395377046875 0.9108811390625 0.43593515 0.8886216625 0.42109621875 0.8703551968750001 0.411670296875 0.866664925 0.3866030796875 0.8733729546875001 0.38124622812500003 0.8783565515625 0.37529219375 0.8954322109374999 0.3773828859375 0.9193289359374999 0.3989415078125 0.9671070500000001
3 0.3988270015625 0.6631116609375 0.38770239218749997 0.6400053015625 0.383278571875 0.6178176765625001 0.3710341046875 0.6008292 0.3298401765625 0.602928225 0.3178386921875 0.6265528796875001 0.32002279843750003 0.6609762703125 0.33426454375 0.6913348015625 0.3778477578125 0.70708646875 0.391715853125 0.695338328125 0.398752490625 0.6811779062500001 0.3988270015625 0.6631116609375
3 0.30751699375 0.64100070625 0.3164947546875 0.6206505499999999 0.319854325 0.602296896875 0.31638243906249996 0.5815309656250001 0.2935360359375 0.5474103140625 0.28985897031249996 0.5432170828125 0.28285958906249997 0.54834438125 0.2720713734375 0.5763778187499999 0.25738201250000003 0.5881978125 0.25260399218749996 0.6187153796875 0.259155759375 0.6557666046875 0.2915025953125 0.675511284375 0.302738971875 0.671518275 0.3092529375 0.6513836703125 0.30751699375 0.64100070625
3 0.2498194140625 0.1990703421875 0.2612609703125 0.1785046296875 0.2674201859375 0.14485626875 0.2677932890625 0.12074398906249999 0.255754 0.0871828140625 0.24511480937500002 0.07908375937499999 0.23512895781249998 0.07845243125 0.2203089296875 0.0887788796875 0.20515305156250002 0.1141844828125 0.20071087968749998 0.12962289531249999 0.2002632640625 0.1718014203125 0.20636687031249998 0.18481221875 0.2170433171875 0.1838781515625 0.23395403906249998 0.1974484265625 0.2498194140625 0.1990703421875
3 0.1690173828125 0.11734594375 0.180347171875 0.12387960312499999 0.197892334375 0.11632469062499999 0.2226793125 0.07803665625 0.2313023234375 0.0441727421875 0.23029423124999998 0.0231912546875 0.16377175 0.02901121875 0.1595909125 0.047436721875 0.1690173828125 0.11734594375
3 0.413106553125 0.7506560203125 0.40733879375 0.7225660656249999 0.39824872031249997 0.7037966390625 0.38977473125 0.7015280640625 0.3793223640625 0.7144823453125 0.37471226562500004 0.7374603343749999 0.38055508437499996 0.8137029953124999 0.3932288109375 0.8261389828124999 0.40433451875 0.8206524281249999 0.4113711578125 0.8064920078125001 0.413386790625 0.782236025 0.413106553125 0.7506560203125
3 0.32125277812499997 0.4291021625 0.3240340671875 0.45143349062500004 0.33965700781249997 0.478661228125 0.3560823125 0.47722420000000004 0.370846184375 0.4473379609375 0.3666648 0.3995445125 0.3542896625 0.3810624921875 0.3327688453125 0.39047020468750004 0.32125277812499997 0.4291021625
2 0.520953084375 0.6780116265625 0.5266457828125 0.6579488765625 0.5264217015625 0.6459286625 0.5129450624999999 0.5959384875 0.49844197812499996 0.562592865625 0.48196051874999996 0.544470103125 0.47374786562500004 0.5451886171875 0.4641167640625 0.5580710468750001 0.458293396875 0.576640253125 0.4593014875 0.5976217375 0.46437865 0.6272770890625 0.47710853281250004 0.65927286875 0.503277253125 0.6840729921875 0.520953084375 0.6780116265625
2 0.47733151874999996 0.5388551781250001 0.49250629687499997 0.5420424890625 0.502827996875 0.5275946609375 0.4998971375 0.475176875 0.50779229375 0.451911478125 0.5185059984375 0.4419442875 0.5160794578125001 0.43312671875 0.49959799687500006 0.4150039546875 0.490638590625 0.39772807499999996 0.47818894375000004 0.3973123 0.4696777 0.4040768453125 0.460662684375 0.43346012656250005 0.4600282453125 0.45458531406249997 0.4654601546875 0.49775442343750004 0.47733151874999996 0.5388551781250001