3 0.43375 0.42888888906249995 0.43562500000000004 0.3966666671875 0.42625 0.37444444374999997 0.42062499999999997 0.37 0.409375 0.37444444374999997 0.40374999999999994 0.38333333281250004 0.399375 0.39888888906250003 0.4 0.4311111109375 0.40750000000000003 0.44666666718750003 0.42125 0.44888888906249996 0.43375 0.42888888906249995
3 0.378125 0.46666666718750005 0.379375 0.447777778125 0.374375 0.43666666718749997 0.365625 0.43444444375 0.35750000000000004 0.44444444375 0.354375 0.45555555625000005 0.35562499999999997 0.477777778125 0.3675 0.48666666718749996 0.375 0.4766666671875 0.378125 0.46666666718750005
3 0.49124999999999996 0.48444444375 0.4925 0.46666666718750005 0.48687500000000006 0.45222222187499994 0.47437500000000005 0.45444444375000004 0.468125 0.46444444375 0.465 0.48111111093750003 0.46624999999999994 0.502222221875 0.475 0.5133333328125 0.48562500000000003 0.5033333328125 0.49124999999999996 0.48444444375
3 0.43 0.45444444375000004 0.43187499999999995 0.457777778125 0.44625000000000004 0.4588888890625 0.453125 0.46333333281250005 0.46687500000000004 0.4611111109375 0.469375 0.45555555625000005 0.468125 0.4388888890625 0.45999999999999996 0.4266666671875 0.45375 0.42444444375 0.4525 0.42444444375 0.438125 0.42888888906249995 0.4325 0.43444444375 0.428125 0.44444444375 0.43 0.45444444375000004
3 0.445625 0.42444444375 0.45875000000000005 0.42444444375 0.459375 0.42555555624999997 0.46312499999999995 0.42555555624999997 0.46687500000000004 0.41777777812499994 0.468125 0.41111111093749997 0.468125 0.4066666671875 0.46624999999999994 0.4 0.465 0.39888888906250003 0.4625 0.392222221875 0.45999999999999996 0.39 0.46187500000000004 0.3866666671875 0.456875 0.38555555625000004 0.45625 0.38444444375 0.45562500000000006 0.38555555625000004 0.45062499999999994 0.38555555625000004 0.44312500000000005 0.39 0.44000000000000006 0.39444444375 0.4375 0.4033333328125 0.436875 0.42444444375 0.438125 0.4266666671875 0.44312500000000005 0.4266666671875 0.445625 0.42444444375
3 0.340625 0.4 0.35750000000000004 0.3933333328125 0.35875 0.3611111109375 0.351875 0.35555555625 0.34562499999999996 0.35555555625 0.34500000000000003 0.35444444375 0.3375 0.3611111109375 0.335625 0.37 0.33625 0.3966666671875 0.340625 0.4
3 0.3825 0.34444444375 0.39625 0.35 0.41 0.3366666671875 0.41312499999999996 0.3211111109375 0.4125 0.31222222187500004 0.40875000000000006 0.30222222187500003 0.403125 0.3 0.39968750000000003 0.3 0.38625 0.30555555624999997 0.378125 0.32 0.37687499999999996 0.3311111109375 0.3825 0.34444444375
3 0.348125 0.42444444375 0.35125 0.43333333281249997 0.35875 0.4388888890625 0.36875 0.43222222187500003 0.370625 0.42888888906249995 0.370625 0.42000000000000004 0.368125 0.40888888906250004 0.3625 0.39888888906250003 0.35625 0.3966666671875 0.35562499999999997 0.39555555625 0.34500000000000003 0.4 0.34187500000000004 0.4066666671875 0.34125 0.41555555625 0.348125 0.42444444375
3 0.4725 0.407777778125 0.48187499999999994 0.41777777812499994 0.484375 0.42444444375 0.48562500000000003 0.4166666671875 0.49812500000000004 0.41111111093749997 0.499375 0.4066666671875 0.49874999999999997 0.397777778125 0.4925 0.377777778125 0.485 0.3711111109375 0.48312499999999997 0.3711111109375 0.47562499999999996 0.37444444374999997 0.4725 0.38 0.471875 0.4011111109375 0.4725 0.407777778125
3 0.375625 0.39444444375 0.396875 0.3966666671875 0.40499999999999997 0.377777778125 0.40062499999999995 0.36444444374999996 0.395 0.36444444374999996 0.375625 0.37666666718749997 0.371875 0.3866666671875 0.37312500000000004 0.3911111109375 0.375625 0.39444444375
3 0.379375 0.43777777812499996 0.39249999999999996 0.43666666718749997 0.396875 0.427777778125 0.395625 0.407777778125 0.39187500000000003 0.4 0.383125 0.39555555625 0.38 0.39555555625 0.37312500000000004 0.397777778125 0.37 0.4066666671875 0.3725 0.4311111109375 0.379375 0.43777777812499996
3 0.49625 0.5066666671875 0.50125 0.5177777781249999 0.5131249999999999 0.50444444375 0.52 0.467777778125 0.51875 0.462222221875 0.515 0.45999999999999996 0.51 0.45999999999999996 0.5 0.467777778125 0.49375 0.477777778125 0.488125 0.5 0.49625 0.5066666671875
3 0.4025 0.4766666671875 0.418125 0.4766666671875 0.425 0.4733333328125 0.425625 0.462222221875 0.42374999999999996 0.4533333328125 0.41500000000000004 0.44555555625 0.41375 0.44555555625 0.40374999999999994 0.44666666718750003 0.40062499999999995 0.45 0.399375 0.4711111109375 0.4025 0.4766666671875
3 0.42874999999999996 0.37444444374999997 0.43125 0.36555555625 0.42874999999999996 0.3466666671875 0.41624999999999995 0.3366666671875 0.41125 0.3366666671875 0.399375 0.35444444375 0.39875 0.3588888890625 0.40750000000000003 0.372222221875 0.41875 0.3688888890625 0.42874999999999996 0.37444444374999997
3 0.35375 0.31555555625 0.35875 0.3233333328125 0.36062500000000003 0.3211111109375 0.3625 0.30333333281249997 0.36062500000000003 0.29444444375 0.3525 0.28444444375 0.34187500000000004 0.287777778125 0.333125 0.3 0.33187500000000003 0.31444444374999997 0.338125 0.322222221875 0.348125 0.3133333328125 0.35375 0.31555555625
3 0.12437499999999999 0.2166666671875 0.12687500000000002 0.2066666671875 0.12687500000000002 0.192222221875 0.11625 0.1766666671875 0.10874999999999999 0.17333333281250002 0.09812499999999999 0.1766666671875 0.088125 0.1888888890625 0.088125 0.21555555625 0.095 0.22777777812500002 0.11750000000000001 0.22444444375 0.12437499999999999 0.2166666671875
3 0.183125 0.21444444375 0.1875 0.20111111093749998 0.183125 0.1833333328125 0.168125 0.17333333281250002 0.15562499999999999 0.1788888890625 0.150625 0.18777777812500002 0.15125 0.20888888906249997 0.15625 0.2166666671875 0.165625 0.222222221875 0.183125 0.21444444375
3 0.37687499999999996 0.5011111109375 0.39 0.4966666671875 0.39625 0.48333333281249996 0.39625 0.477777778125 0.390625 0.47000000000000003 0.3775 0.4688888890625 0.365625 0.49000000000000005 0.365625 0.497777778125 0.369375 0.5088888890625001 0.37687499999999996 0.5011111109375
3 0.47562499999999996 0.3211111109375 0.48375 0.3211111109375 0.485 0.31444444374999997 0.480625 0.3 0.47437500000000005 0.2966666671875 0.458125 0.2988888890625 0.45187499999999997 0.3088888890625 0.45062499999999994 0.3211111109375 0.4525 0.3266666671875 0.46312499999999995 0.332222221875 0.47562499999999996 0.3211111109375
3 0.449375 0.33444444375 0.448125 0.3166666671875 0.44375 0.3 0.433125 0.297777778125 0.42625 0.31 0.42625 0.3288888890625 0.4325 0.34888888906250004 0.43875000000000003 0.34888888906250004 0.449375 0.33444444375
3 0.453125 0.3 0.45625 0.27777777812500004 0.4525 0.27 0.43624999999999997 0.25888888906249996 0.429375 0.262222221875 0.42874999999999996 0.272222221875 0.43562500000000004 0.2833333328125 0.43937499999999996 0.29555555624999996 0.453125 0.3
3 0.178125 0.10555555624999999 0.18687499999999999 0.10555555624999999 0.196875 0.0966666671875 0.198125 0.07444444375 0.190625 0.061111110937500004 0.17625 0.0533333328125 0.166875 0.0533333328125 0.16125 0.06 0.160625 0.072222221875 0.16375 0.0888888890625 0.170625 0.1 0.178125 0.10555555624999999
3 0.07062500000000001 0.157777778125 0.07625 0.142222221875 0.083125 0.13555555625 0.08499999999999999 0.1288888890625 0.08249999999999999 0.11777777812500001 0.07875 0.11444444375 0.06375 0.11888888906249999 0.058750000000000004 0.1233333328125 0.046875 0.14666666718750002 0.04625 0.15444444375 0.049375 0.16 0.065625 0.162222221875 0.07062500000000001 0.157777778125
3 0.14875 0.2488888890625 0.153125 0.23777777812499998 0.14875 0.2133333328125 0.145 0.2 0.13999999999999999 0.19555555625 0.133125 0.2 0.12875 0.212222221875 0.128125 0.242222221875 0.13125 0.25 0.140625 0.25888888906249996 0.14875 0.2488888890625
3 0.34125 0.442222221875 0.34249999999999997 0.43444444375 0.33625 0.412222221875 0.32937500000000003 0.40888888906250004 0.316875 0.41333333281250006 0.315 0.41444444375 0.316875 0.42222222187499997 0.33125 0.45444444375000004 0.34125 0.442222221875
2 0.456875 0.512222221875 0.456875 0.4966666671875 0.45062499999999994 0.48666666718749996 0.44375 0.482222221875 0.43187499999999995 0.48111111093750003 0.42374999999999996 0.49888888906249995 0.42312500000000003 0.5111111109375 0.434375 0.53 0.45125000000000004 0.5233333328125 0.456875 0.512222221875
2 0.398125 0.6 0.40812499999999996 0.5822222218750001 0.41500000000000004 0.557777778125 0.41624999999999995 0.54444444375 0.41125 0.5355555562500001 0.4025 0.53444444375 0.398125 0.5366666671875 0.38625 0.557777778125 0.3825 0.5666666671875 0.38375 0.5888888890625 0.39375 0.6 0.398125 0.6
2 0.459375 0.6311111109375 0.46687500000000004 0.622222221875 0.46875 0.61555555625 0.46749999999999997 0.5900000000000001 0.46187500000000004 0.5633333328125001 0.4575 0.55444444375 0.44875 0.5511111109375 0.441875 0.5555555562500001 0.43562500000000004 0.57555555625 0.43562500000000004 0.597777778125 0.44625000000000004 0.61 0.45499999999999996 0.6311111109375 0.459375 0.6311111109375
2 0.393125 0.6777777781250001 0.401875 0.67555555625 0.41125 0.66555555625 0.41624999999999995 0.64444444375 0.41187500000000005 0.63 0.40062499999999995 0.6133333328125 0.39437500000000003 0.6133333328125 0.3875 0.6188888890625 0.37625000000000003 0.632222221875 0.374375 0.6388888890625 0.37374999999999997 0.6533333328125 0.37687499999999996 0.6677777781249999 0.383125 0.67555555625 0.393125 0.6777777781250001
2 0.43375 0.5766666671875 0.438125 0.5566666671875 0.42750000000000005 0.5166666671875 0.41937499999999994 0.51444444375 0.41125 0.53 0.4175 0.5466666671875 0.415625 0.5633333328125001 0.42874999999999996 0.5788888890624999 0.43375 0.5766666671875
2 0.45062499999999994 0.7133333328125 0.45 0.69555555625 0.44000000000000006 0.67555555625 0.41937499999999994 0.6811111109375 0.410625 0.6900000000000001 0.40812499999999996 0.7033333328125 0.409375 0.72555555625 0.42374999999999996 0.7366666671875 0.43875000000000003 0.73444444375 0.45062499999999994 0.7133333328125
2 0.4525 0.6588888890625 0.45499999999999996 0.6511111109375001 0.45437500000000003 0.6366666671875 0.449375 0.617777778125 0.43562500000000004 0.602222221875 0.42437500000000006 0.6088888890625 0.42374999999999996 0.627777778125 0.43499999999999994 0.65444444375 0.43937499999999996 0.6611111109375 0.4525 0.6588888890625
2 0.516875 0.6033333328125 0.51875 0.5833333328125 0.515625 0.5700000000000001 0.5118750000000001 0.56444444375 0.5081249999999999 0.5666666671875 0.49812500000000004 0.58555555625 0.49124999999999996 0.6066666671875 0.495 0.6266666671875 0.5 0.627777778125 0.50625 0.6233333328125 0.516875 0.6033333328125
2 0.38 0.56555555625 0.39625 0.5377777781249999 0.395625 0.5111111109375 0.38937499999999997 0.5011111109375 0.38 0.5011111109375 0.371875 0.512222221875 0.369375 0.5255555562499999 0.371875 0.5388888890625 0.37124999999999997 0.5555555562500001 0.38 0.56555555625
2 0.355 0.7266666671875 0.368125 0.70444444375 0.37 0.682222221875 0.364375 0.6733333328125 0.35125 0.67444444375 0.333125 0.7066666671874999 0.33187500000000003 0.7166666671875 0.33375 0.72 0.34500000000000003 0.72 0.355 0.7266666671875
2 0.33875 0.7755555562499999 0.34750000000000003 0.77 0.353125 0.76 0.35562499999999997 0.7466666671875 0.35375 0.727777778125 0.34625 0.7211111109375 0.33375 0.722222221875 0.32625000000000004 0.7288888890624999 0.32125 0.74 0.321875 0.7633333328125 0.32437499999999997 0.77 0.33125 0.7755555562499999 0.33875 0.7755555562499999
2 0.399375 0.717777778125 0.40750000000000003 0.7033333328125 0.40625 0.6900000000000001 0.40062499999999995 0.6811111109375 0.383125 0.6788888890625 0.37625000000000003 0.6833333328125 0.37312500000000004 0.6888888890625 0.37312500000000004 0.7 0.37875000000000003 0.71 0.399375 0.717777778125
2 0.399375 0.7366666671875 0.399375 0.7233333328125 0.395625 0.71555555625 0.37 0.7066666671874999 0.364375 0.7122222218750001 0.364375 0.7266666671875 0.37312500000000004 0.7411111109374999 0.390625 0.747777778125 0.399375 0.7366666671875
2 0.38937499999999997 0.7855555562500001 0.39249999999999996 0.777777778125 0.39249999999999996 0.76 0.390625 0.75444444375 0.37687499999999996 0.7433333328125 0.36625 0.74444444375 0.356875 0.7633333328125 0.35875 0.7788888890625 0.365 0.7866666671875 0.38375 0.7888888890625 0.38937499999999997 0.7855555562500001
2 0.47437500000000005 0.82444444375 0.478125 0.8111111109375001 0.476875 0.7933333328125001 0.47062499999999996 0.777777778125 0.46624999999999994 0.7755555562499999 0.453125 0.7855555562500001 0.448125 0.8 0.448125 0.8211111109375 0.456875 0.83444444375 0.469375 0.8311111109375 0.47437500000000005 0.82444444375
1 0.68625 0.7133333328125 0.689375 0.70444444375 0.6900000000000001 0.692222221875 0.6799999999999999 0.6666666671875 0.665 0.6533333328125 0.66125 0.6533333328125 0.6537499999999999 0.6633333328125001 0.65625 0.7 0.6637500000000001 0.70444444375 0.670625 0.72 0.68625 0.7133333328125
1 0.58 0.7111111109375 0.5775 0.692222221875 0.5599999999999999 0.6688888890625 0.55375 0.6666666671875 0.548125 0.67 0.541875 0.6866666671874999 0.5425 0.707777778125 0.553125 0.7233333328125 0.56875 0.7288888890624999 0.58 0.7111111109375
1 0.6681250000000001 0.41111111093749997 0.6825 0.41555555625 0.685625 0.39888888906250003 0.6825 0.38333333281250004 0.6756249999999999 0.37666666718749997 0.6637500000000001 0.37666666718749997 0.650625 0.39 0.646875 0.4011111109375 0.650625 0.40444444375 0.651875 0.41444444375 0.6681250000000001 0.41111111093749997
1 0.65 0.35555555625 0.64375 0.3411111109375 0.63 0.3266666671875 0.6224999999999999 0.322222221875 0.615625 0.322222221875 0.6131249999999999 0.3266666671875 0.6131249999999999 0.347777778125 0.6275000000000001 0.3711111109375 0.63875 0.3711111109375 0.65 0.35555555625
1 0.6675 0.372222221875 0.6799999999999999 0.36555555625 0.686875 0.352222221875 0.68625 0.3411111109375 0.67875 0.32555555625 0.6725 0.32 0.6681250000000001 0.3211111109375 0.6681250000000001 0.3288888890625 0.656875 0.33444444375 0.65625 0.35111111093749997 0.666875 0.35111111093749997 0.671875 0.3588888890625 0.6675 0.372222221875
1 0.72 0.77 0.7268749999999999 0.7611111109375 0.72875 0.7511111109375 0.7275 0.7266666671875 0.7224999999999999 0.7088888890625 0.7075 0.7033333328125 0.701875 0.7088888890625 0.698125 0.7188888890625 0.6975 0.73555555625 0.7025 0.7611111109375 0.711875 0.77 0.72 0.77
1 0.6375 0.647777778125 0.640625 0.6411111109375 0.641875 0.6211111109375 0.6325000000000001 0.6044444437500001 0.61625 0.6 0.608125 0.6088888890625 0.6068749999999999 0.622222221875 0.6118750000000001 0.64444444375 0.62625 0.652222221875 0.6375 0.647777778125
1 0.61125 0.7188888890625 0.620625 0.707777778125 0.6212500000000001 0.6633333328125001 0.623125 0.6611111109375 0.610625 0.6533333328125 0.6025 0.65444444375 0.598125 0.6599999999999999 0.594375 0.682222221875 0.59375 0.69555555625 0.598125 0.7144444437499999 0.60375 0.7211111109375 0.61125 0.7188888890625
1 0.585 0.6633333328125001 0.600625 0.6533333328125 0.60625 0.6433333328125 0.6068749999999999 0.63555555625 0.6056250000000001 0.6211111109375 0.5962500000000001 0.6111111109375 0.5743750000000001 0.6188888890625 0.568125 0.6311111109375 0.566875 0.647777778125 0.569375 0.657777778125 0.57875 0.6633333328125001 0.585 0.6633333328125001
1 0.7112499999999999 0.342222221875 0.709375 0.3333333328125 0.71 0.3133333328125 0.6993750000000001 0.29111111093750003 0.690625 0.29111111093750003 0.684375 0.3 0.6825 0.307777778125 0.681875 0.32444444375 0.688125 0.33888888906250003 0.689375 0.34888888906250004 0.7112499999999999 0.342222221875
1 0.61125 0.29333333281249996 0.603125 0.2811111109375 0.591875 0.2788888890625 0.57875 0.28555555625 0.5743750000000001 0.297777778125 0.5743750000000001 0.307777778125 0.591875 0.3066666671875 0.60625 0.30444444375 0.61125 0.29333333281249996
1 0.57125 0.477777778125 0.569375 0.44888888906249996 0.560625 0.43333333281249997 0.553125 0.43666666718749997 0.548125 0.44666666718750003 0.546875 0.4566666671875 0.559375 0.47888888906249993 0.5675 0.48333333281249996 0.57125 0.477777778125
1 0.564375 0.6011111109375 0.566875 0.5833333328125 0.5650000000000001 0.5766666671875 0.558125 0.5711111109375 0.5387500000000001 0.5711111109375 0.5325 0.5766666671875 0.525 0.5911111109375 0.525 0.6011111109375 0.533125 0.612222221875 0.556875 0.61444444375 0.564375 0.6011111109375
1 0.536875 0.7122222218750001 0.54 0.6777777781250001 0.5337500000000001 0.6533333328125 0.5275000000000001 0.647777778125 0.5181250000000001 0.647777778125 0.5131249999999999 0.65444444375 0.51 0.66555555625 0.510625 0.68444444375 0.51875 0.7 0.526875 0.7088888890625 0.536875 0.7122222218750001
1 0.7125 0.5033333328125 0.728125 0.49555555625 0.734375 0.482222221875 0.735 0.467777778125 0.729375 0.45555555625000005 0.72 0.4533333328125 0.711875 0.457777778125 0.6993750000000001 0.47444444375000006 0.698125 0.48333333281249996 0.705 0.48444444375 0.709375 0.5033333328125 0.7125 0.5033333328125
1 0.5181250000000001 0.2888888890625 0.51875 0.2788888890625 0.516875 0.2733333328125 0.5037499999999999 0.25888888906249996 0.50125 0.257777778125 0.49124999999999996 0.2711111109375 0.4925 0.29111111093750003 0.503125 0.30555555624999997 0.510625 0.30444444375 0.5181250000000001 0.2888888890625
1 0.6018749999999999 0.8133333328125 0.610625 0.79444444375 0.609375 0.7755555562499999 0.5912499999999999 0.757777778125 0.58125 0.7588888890625001 0.5706249999999999 0.777777778125 0.5700000000000001 0.7877777781249999 0.573125 0.8 0.5862499999999999 0.8133333328125 0.6018749999999999 0.8133333328125
1 0.76875 0.3611111109375 0.7725 0.3611111109375 0.77625 0.35555555625 0.78 0.33444444375 0.779375 0.3266666671875 0.7693749999999999 0.31222222187500004 0.7625 0.307777778125 0.75625 0.3088888890625 0.75125 0.31222222187500004 0.745 0.32444444375 0.744375 0.3311111109375 0.748125 0.35 0.7618750000000001 0.35111111093749997 0.76875 0.3611111109375
1 0.555625 0.2611111109375 0.568125 0.2511111109375 0.56375 0.23444444375 0.560625 0.2311111109375 0.54625 0.2366666671875 0.5387500000000001 0.247777778125 0.53625 0.26888888906249997 0.54375 0.2811111109375 0.5475 0.2811111109375 0.555625 0.2611111109375