2 0.265 0.79 0.27749999999999997 0.8041666671875 0.30375 0.8175000000000001 0.325 0.8175000000000001 0.34125 0.8066666671875 0.3525 0.8025 0.365625 0.79 0.37312500000000004 0.7791666671875 0.38125 0.7625 0.385 0.7483333328125 0.38625 0.7083333328125 0.38375 0.6599999999999999 0.37374999999999997 0.625 0.36375 0.6083333328125 0.36062500000000003 0.5983333328125 0.34625 0.5766666671875 0.318125 0.5599999999999999 0.30625 0.5608333328125 0.2875 0.5700000000000001 0.259375 0.5741666671875 0.25 0.58 0.240625 0.5916666671875 0.230625 0.615 0.22625 0.6341666671875 0.225 0.6758333328125 0.23374999999999999 0.7216666671875 0.250625 0.7658333328125 0.265 0.79
2 0.818125 0.8875 0.85875 0.9 0.875 0.8991666671875 0.90625 0.8875 0.92875 0.8724999999999999 0.9412499999999999 0.8591666671875 0.961875 0.8291666671875 0.975625 0.8041666671875 0.984375 0.7783333328125 0.9862500000000001 0.7658333328125 0.985 0.7366666671875 0.9775 0.7025 0.963125 0.6758333328125 0.9481249999999999 0.6599999999999999 0.930625 0.6533333328125 0.9043749999999999 0.6541666671875 0.8862500000000001 0.6599999999999999 0.853125 0.6908333328125 0.8225 0.7308333328125001 0.8099999999999999 0.7583333328124999 0.7975 0.8041666671875 0.796875 0.8275 0.8 0.8466666671875 0.8099999999999999 0.875 0.818125 0.8875
2 0.8462500000000001 0.5116666671875 0.851875 0.5291666671875 0.86875 0.5516666671875 0.8943749999999999 0.5625 0.9075 0.5633333328125001 0.9199999999999999 0.5591666671875 0.945625 0.5333333328125 0.9550000000000001 0.5133333328125 0.9625 0.47416666718749995 0.96 0.43916666718749997 0.95 0.4091666671875 0.930625 0.375 0.915 0.3641666671875 0.890625 0.3641666671875 0.881875 0.3675 0.86875 0.3783333328125 0.844375 0.4183333328125 0.836875 0.44000000000000006 0.835625 0.45416666718750004 0.835 0.4733333328125 0.840625 0.4925 0.8412499999999999 0.505 0.8462500000000001 0.5116666671875
2 0.476875 0.625 0.496875 0.6341666671875 0.5181250000000001 0.6316666671875 0.53625 0.615 0.5475 0.6083333328125 0.565625 0.5891666671875 0.58875 0.55 0.604375 0.5041666671875 0.6075 0.47750000000000004 0.604375 0.45083333281250004 0.59875 0.4341666671875 0.5912499999999999 0.4233333328125 0.575 0.41333333281250006 0.5575 0.40499999999999997 0.528125 0.41 0.51 0.4216666671875 0.48250000000000004 0.4483333328125 0.459375 0.48250000000000004 0.44125 0.5216666671875 0.44125 0.5333333328125 0.46375 0.5883333328125 0.469375 0.6174999999999999 0.476875 0.625
2 0.354375 0.5841666671875 0.361875 0.5958333328125 0.378125 0.6325000000000001 0.385625 0.6608333328125 0.38625 0.7033333328125 0.38875000000000004 0.7233333328125 0.390625 0.7258333328125001 0.40812499999999996 0.7275 0.42125 0.7358333328125 0.441875 0.7325 0.445625 0.7283333328125 0.45625 0.7125 0.465625 0.6799999999999999 0.46875 0.665 0.469375 0.6433333328125 0.46375 0.5983333328125 0.45562500000000006 0.5708333328124999 0.43937499999999996 0.5349999999999999 0.428125 0.5208333328125 0.40875000000000006 0.5066666671875 0.39375 0.5008333328125001 0.385625 0.5016666671875 0.361875 0.5075000000000001 0.339375 0.5233333328125 0.32999999999999996 0.5358333328125 0.323125 0.5516666671875 0.321875 0.5575 0.32437499999999997 0.5625 0.344375 0.5725 0.354375 0.5841666671875
2 0.35375 0.9691666671875 0.383125 0.9641666671875001 0.40499999999999997 0.9441666671875 0.42374999999999996 0.9158333328125 0.43187499999999995 0.8975 0.43937499999999996 0.86 0.440625 0.7958333328125 0.43 0.7575000000000001 0.415625 0.7358333328125 0.405625 0.7291666671875 0.388125 0.7308333328125001 0.385 0.755 0.375625 0.7791666671875 0.36375 0.8008333328124999 0.35125 0.8133333328125 0.3375 0.8341666671875 0.313125 0.9191666671875 0.3125 0.9433333328125 0.315625 0.9491666671875001 0.348125 0.9691666671875 0.35375 0.9691666671875
2 0.46375 0.9733333328124999 0.469375 0.9783333328125 0.484375 0.9800000000000001 0.515 0.9916666671875 0.526875 0.9858333328125 0.53 0.9875 0.533125 0.9800000000000001 0.540625 0.9741666671875 0.540625 0.97 0.5506249999999999 0.9550000000000001 0.559375 0.9333333328125001 0.58125 0.8941666671874999 0.5806250000000001 0.8791666671874999 0.5862499999999999 0.8150000000000001 0.585 0.7891666671875 0.578125 0.7541666671875 0.5625 0.7166666671875 0.54875 0.705 0.525625 0.6991666671875 0.51125 0.7016666671875 0.50125 0.7091666671875 0.490625 0.71 0.47874999999999995 0.7183333328125 0.47125000000000006 0.7308333328125001 0.465625 0.7333333328125 0.46375 0.7424999999999999 0.45625 0.7441666671875 0.45187499999999997 0.7608333328125 0.45 0.7825 0.445 0.7983333328125 0.44375 0.825 0.44312500000000005 0.8699999999999999 0.445625 0.9099999999999999 0.45187499999999997 0.9458333328125 0.46375 0.9733333328124999
2 0.05125 0.1825 0.068125 0.1966666671875 0.0975 0.21000000000000002 0.11499999999999999 0.2133333328125 0.12 0.2116666671875 0.140625 0.215 0.18 0.2066666671875 0.18625 0.2 0.199375 0.1933333328125 0.20750000000000002 0.1833333328125 0.215 0.1641666671875 0.21875 0.145 0.216875 0.11750000000000001 0.2125 0.10916666718750001 0.20125 0.0975 0.195625 0.08499999999999999 0.179375 0.0783333328125 0.148125 0.075 0.12250000000000001 0.0758333328125 0.058125 0.0958333328125 0.03875 0.1108333328125 0.03 0.13 0.03 0.145 0.033125 0.1566666671875 0.03625 0.1641666671875 0.05125 0.1825
2 0 0.7008333328125 0.008125 0.7016666671875 0.030625000000000003 0.7150000000000001 0.044375 0.7141666671875 0.084375 0.6708333328125 0.109375 0.6266666671875 0.12250000000000001 0.5775 0.12250000000000001 0.5283333328125 0.115625 0.5091666671875 0.105625 0.495 0.088125 0.48666666718749996 0.081875 0.4808333328125 0.075625 0.48 0.065 0.48166666718749995 0.049375 0.49083333281249997 0.020624999999999998 0.5175 0 0.545 0 0.7008333328125
2 0 0.515 0.008125 0.5158333328125 0.021875 0.5116666671875 0.043125000000000004 0.4925 0.065 0.4791666671875 0.081875 0.4783333328125 0.09125 0.485 0.10187500000000001 0.485 0.11625 0.4683333328125 0.12562500000000001 0.44000000000000006 0.12562500000000001 0.4166666671875 0.12062500000000001 0.3775 0.105625 0.3533333328125 0.078125 0.3308333328125 0.058750000000000004 0.3233333328125 0.03125 0.32083333281250004 0.001875 0.325 0 0.3258333328125 0 0.515
2 0.210625 0.6333333328124999 0.224375 0.63 0.23562500000000003 0.5974999999999999 0.25125000000000003 0.5758333328125 0.26437499999999997 0.5700000000000001 0.27999999999999997 0.5691666671875 0.305625 0.5583333328125 0.3175 0.5566666671875 0.32125 0.55 0.32125 0.5441666671875 0.31 0.5025000000000001 0.291875 0.4733333328125 0.28312499999999996 0.465 0.265625 0.4566666671875 0.244375 0.45583333281250005 0.2225 0.46666666718750005 0.20187499999999997 0.4925 0.18875 0.525 0.181875 0.5608333328125 0.181875 0.6166666671875001 0.19437500000000002 0.6383333328125 0.199375 0.64 0.210625 0.6333333328124999
2 0.618125 0.3508333328125 0.63875 0.3858333328125 0.64375 0.3983333328125 0.67 0.40499999999999997 0.675 0.4025 0.7 0.4033333328125 0.70625 0.3991666671875 0.716875 0.3791666671875 0.72 0.3675 0.721875 0.3408333328125 0.71875 0.3125 0.6993750000000001 0.265 0.6900000000000001 0.2508333328125 0.67625 0.2375 0.65125 0.2225 0.63875 0.21916666718750002 0.621875 0.22000000000000003 0.605 0.22833333281249998 0.591875 0.2416666671875 0.58125 0.25833333281250004 0.576875 0.2733333328125 0.57625 0.29500000000000004 0.57875 0.3083333328125 0.5962500000000001 0.3241666671875 0.618125 0.3508333328125
2 0.74 0.5825 0.774375 0.5825 0.803125 0.5658333328125 0.83125 0.5366666671875 0.835625 0.5266666671875 0.8393750000000001 0.5058333328125 0.8387499999999999 0.495 0.8318749999999999 0.4733333328125 0.813125 0.45499999999999996 0.81125 0.43916666718749997 0.795625 0.42416666718749996 0.7775000000000001 0.41916666718749995 0.750625 0.42000000000000004 0.735625 0.4258333328125 0.718125 0.4375 0.704375 0.4525 0.696875 0.46666666718750005 0.690625 0.49583333281249997 0.691875 0.5308333328125 0.7025 0.5533333328125 0.721875 0.5741666671875 0.74 0.5825
2 0.78125 0.1783333328125 0.803125 0.1891666671875 0.81875 0.19 0.8324999999999999 0.1833333328125 0.85875 0.1625 0.8800000000000001 0.1608333328125 0.884375 0.1541666671875 0.8856249999999999 0.1291666671875 0.8887499999999999 0.1166666671875 0.8887499999999999 0.1 0.8856249999999999 0.0875 0.8775000000000001 0.07083333281250001 0.865625 0.055833332812500004 0.8462500000000001 0.042499999999999996 0.829375 0.0358333328125 0.8012499999999999 0.0358333328125 0.7787499999999999 0.04 0.765 0.048333332812500004 0.755 0.07083333281250001 0.755 0.12 0.76 0.1491666671875 0.76375 0.1616666671875 0.78125 0.1783333328125
2 0.93125 0.19 0.93875 0.2066666671875 0.95 0.21833333281249998 0.999375 0.205 0.999375 0.07083333281250001 0.976875 0.0516666671875 0.9574999999999999 0.0441666671875 0.9375 0.0433333328125 0.92125 0.052500000000000005 0.9037499999999999 0.0783333328125 0.8931250000000001 0.1 0.8875 0.135 0.8881249999999999 0.1491666671875 0.89125 0.1566666671875 0.915 0.16999999999999998 0.93125 0.19
2 0.696875 0.2575 0.72 0.31083333281250003 0.725 0.3166666671875 0.733125 0.3183333328125 0.7462500000000001 0.32999999999999996 0.7681250000000001 0.33166666718750004 0.770625 0.3266666671875 0.784375 0.325 0.8006249999999999 0.30416666718749996 0.805 0.2908333328125 0.80625 0.25916666718750003 0.79875 0.2241666671875 0.776875 0.185 0.7575000000000001 0.1591666671875 0.74125 0.14250000000000002 0.7268749999999999 0.13333333281249998 0.714375 0.1308333328125 0.67875 0.1325 0.659375 0.1516666671875 0.653125 0.1766666671875 0.651875 0.1925 0.659375 0.2225 0.6837500000000001 0.2416666671875 0.696875 0.2575
2 0.49437499999999995 0.43 0.49812500000000004 0.43 0.5181250000000001 0.41333333281250006 0.528125 0.40833333281249995 0.5575 0.4033333328125 0.5925 0.4225 0.600625 0.4341666671875 0.610625 0.47000000000000003 0.624375 0.46666666718750005 0.63 0.4566666671875 0.6381249999999999 0.43 0.640625 0.4066666671875 0.63875 0.3908333328125 0.6212500000000001 0.35750000000000004 0.596875 0.3266666671875 0.5818749999999999 0.31416666718749997 0.54 0.2958333328125 0.516875 0.2908333328125 0.495 0.2908333328125 0.485 0.2966666671875 0.478125 0.305 0.46687500000000004 0.3233333328125 0.46187500000000004 0.3416666671875 0.46125 0.36 0.464375 0.3758333328125 0.479375 0.40750000000000003 0.49437499999999995 0.43
2 0.34625 0.3508333328125 0.37687499999999996 0.3883333328125 0.379375 0.3858333328125 0.385 0.3875 0.3975 0.38416666718750003 0.4225 0.3691666671875 0.45375 0.36583333281249997 0.458125 0.3591666671875 0.465 0.32083333281250004 0.47625 0.3025 0.47125000000000006 0.28500000000000003 0.45625 0.25833333281250004 0.42000000000000004 0.225 0.39 0.2066666671875 0.36625 0.20833333281250002 0.354375 0.2141666671875 0.34187500000000004 0.2258333328125 0.3225 0.2575 0.31437499999999996 0.2883333328125 0.31375000000000003 0.30416666718749996 0.3175 0.32999999999999996 0.3325 0.3383333328125 0.34625 0.3508333328125
2 0.12562500000000001 0.40833333281249995 0.13 0.4225 0.134375 0.4233333328125 0.140625 0.43 0.14937499999999998 0.42416666718749996 0.17875000000000002 0.42083333281249996 0.199375 0.43 0.21375000000000002 0.4458333328125 0.22374999999999998 0.44749999999999995 0.22749999999999998 0.4441666671875 0.23125 0.3966666671875 0.255 0.3458333328125 0.23312499999999997 0.3 0.2125 0.2708333328125 0.1925 0.2508333328125 0.178125 0.24333333281249997 0.17124999999999999 0.2408333328125 0.14750000000000002 0.2416666671875 0.133125 0.25 0.11187499999999999 0.27999999999999997 0.10687500000000001 0.29333333281249996 0.10500000000000001 0.3066666671875 0.104375 0.3333333328125 0.10625 0.3491666671875 0.12375 0.3808333328125 0.12562500000000001 0.40833333281249995
2 0.614375 0.8550000000000001 0.621875 0.8558333328125001 0.66125 0.8425 0.675 0.8441666671875 0.689375 0.8508333328125 0.698125 0.8474999999999999 0.7175 0.8275 0.7375 0.7966666671875 0.756875 0.7441666671875 0.759375 0.7058333328125 0.75625 0.6733333328125 0.748125 0.6458333328125 0.74125 0.6341666671875 0.73 0.6224999999999999 0.719375 0.6216666671875 0.7112499999999999 0.6266666671875 0.698125 0.6425 0.68625 0.6516666671875 0.6481250000000001 0.7041666671875 0.6168750000000001 0.7683333328125 0.60375 0.7858333328125 0.589375 0.8183333328125 0.58875 0.8316666671874999 0.595 0.8416666671874999 0.608125 0.8483333328124999 0.614375 0.8550000000000001
2 0.57375 0.7358333328125 0.5825 0.7616666671875 0.588125 0.8041666671875 0.5925 0.8041666671875 0.6174999999999999 0.765 0.64125 0.7191666671875 0.645625 0.7058333328125 0.655625 0.6900000000000001 0.6837500000000001 0.6525000000000001 0.7006249999999999 0.6383333328125 0.701875 0.6333333328124999 0.693125 0.6191666671875 0.67875 0.6066666671875 0.665625 0.6 0.6443749999999999 0.5958333328125 0.60875 0.5991666671875 0.5912499999999999 0.605 0.5743750000000001 0.6174999999999999 0.5506249999999999 0.6466666671875 0.538125 0.675 0.534375 0.6958333328124999 0.55125 0.7033333328125 0.5625 0.7125 0.57375 0.7358333328125
2 0.728125 0.9516666671875 0.73 0.9358333328124999 0.72875 0.9125 0.7212500000000001 0.8925000000000001 0.709375 0.8833333328125 0.6875 0.8541666671874999 0.6693749999999999 0.8458333328125001 0.649375 0.8474999999999999 0.618125 0.865 0.585 0.8958333328125001 0.5599999999999999 0.9391666671875001 0.5443749999999999 0.9816666671875 0.5431250000000001 0.9991666671875 0.7150000000000001 0.9991666671875 0.721875 0.9883333328124999 0.728125 0.9516666671875
2 0.3275 0.2416666671875 0.34750000000000003 0.21833333281249998 0.36625 0.2066666671875 0.39437500000000003 0.2066666671875 0.425 0.22749999999999998 0.434375 0.2216666671875 0.441875 0.20249999999999999 0.44437499999999996 0.175 0.436875 0.1566666671875 0.428125 0.14750000000000002 0.4 0.1275 0.36625 0.1108333328125 0.32 0.1008333328125 0.29375 0.1025 0.284375 0.1075 0.26437499999999997 0.1291666671875 0.26 0.13999999999999999 0.260625 0.16999999999999998 0.28500000000000003 0.21000000000000002 0.3025 0.22749999999999998 0.3275 0.2416666671875
2 0.216875 0.9991666671875 0.21749999999999997 0.9966666671875 0.21187499999999998 0.9758333328125 0.19875 0.9516666671875 0.18937500000000002 0.9283333328125 0.18562499999999998 0.9116666671875 0.1775 0.8966666671875 0.155 0.8691666671875 0.13 0.8550000000000001 0.109375 0.85 0.095 0.85 0.0775 0.8566666671875 0.043125000000000004 0.8908333328125 0.03625 0.9033333328125 0.031875 0.925 0.031875 0.9616666671875 0.03625 0.9775 0.04625 0.9991666671875 0.216875 0.9991666671875
2 0.05625 0.7958333328125 0.06375 0.8041666671875 0.08562499999999999 0.8133333328125 0.099375 0.8133333328125 0.11687499999999999 0.8083333328125001 0.13999999999999999 0.7883333328125001 0.15375 0.7683333328125 0.16499999999999998 0.7424999999999999 0.18062499999999998 0.6799999999999999 0.183125 0.6616666671875 0.1825 0.6358333328125 0.179375 0.6174999999999999 0.16999999999999998 0.5941666671875 0.16 0.5841666671875 0.15125 0.5825 0.135625 0.5966666671875 0.11499999999999999 0.63 0.113125 0.64 0.100625 0.6625 0.095625 0.6825 0.08687500000000001 0.6916666671875 0.076875 0.6958333328124999 0.06375 0.7150000000000001 0.058750000000000004 0.7266666671875 0.05437499999999999 0.7558333328125 0.05 0.7683333328125 0.05 0.7766666671875 0.05625 0.7958333328125
2 0.8306250000000001 0.315 0.8418749999999999 0.315 0.8556250000000001 0.32 0.87375 0.33166666718750004 0.874375 0.30333333281249997 0.8856249999999999 0.2758333328125 0.9037499999999999 0.2525 0.936875 0.22749999999999998 0.9375 0.22000000000000003 0.93625 0.20916666718750002 0.92875 0.19 0.9087500000000001 0.1666666671875 0.8875 0.1616666671875 0.8618750000000001 0.1625 0.843125 0.1741666671875 0.8318749999999999 0.1875 0.8168749999999999 0.21833333281249998 0.81125 0.2375 0.8106249999999999 0.2875 0.8143750000000001 0.3166666671875 0.82125 0.32 0.8306250000000001 0.315
2 0.18937500000000002 0.8908333328125 0.195 0.9033333328125 0.20812499999999998 0.915 0.216875 0.9191666671875 0.23937499999999998 0.9241666671875001 0.254375 0.9241666671875001 0.27625 0.9158333328125 0.290625 0.905 0.303125 0.89 0.31625000000000003 0.8608333328125 0.315625 0.8391666671875001 0.3075 0.8275 0.263125 0.7983333328125 0.24874999999999997 0.7966666671875 0.230625 0.8016666671875001 0.21125 0.7958333328125 0.190625 0.7958333328125 0.16875 0.8025 0.16375 0.8058333328125 0.159375 0.8141666671875001 0.15812500000000002 0.8283333328125 0.16125 0.8516666671875001 0.170625 0.8699999999999999 0.18937500000000002 0.8908333328125
2 0.258875 0.45416666718750004 0.27937500000000004 0.46166666718749994 0.29812500000000003 0.4791666671875 0.31375000000000003 0.5041666671875 0.318125 0.5041666671875 0.320625 0.5 0.328125 0.5 0.33125 0.5033333328125 0.338125 0.5016666671875 0.3525 0.49000000000000005 0.356875 0.44666666718750003 0.36124999999999996 0.43166666718749996 0.370625 0.4141666671875 0.37124999999999997 0.4016666671875 0.366875 0.3808333328125 0.34750000000000003 0.3541666671875 0.330625 0.33999999999999997 0.31437499999999996 0.33166666718750004 0.303125 0.3308333328125 0.26625 0.3408333328125 0.258125 0.34750000000000003 0.238125 0.3825 0.230625 0.40750000000000003 0.22999999999999998 0.44000000000000006 0.234375 0.4575 0.244375 0.45416666718750004 0.258875 0.45416666718750004
2 0.396875 0.5 0.42312500000000003 0.5141666671875 0.43562500000000004 0.5275000000000001 0.43875000000000003 0.5258333328125 0.44437499999999996 0.5083333328124999 0.458125 0.4808333328125 0.47437500000000005 0.45499999999999996 0.488125 0.43833333281250003 0.48875 0.43166666718749996 0.48 0.4183333328125 0.48 0.4141666671875 0.45999999999999996 0.37333333281250003 0.45 0.36833333281249997 0.43624999999999997 0.36833333281249997 0.42437500000000006 0.3708333328125 0.40374999999999994 0.3825 0.378125 0.4033333328125 0.36312500000000003 0.4325 0.35812499999999997 0.4516666671875 0.35812499999999997 0.47750000000000004 0.36124999999999996 0.49416666718749996 0.36625 0.5025000000000001 0.396875 0.5
2 0.256875 0.3441666671875 0.286875 0.33166666718750004 0.31375000000000003 0.32999999999999996 0.315 0.32 0.3125 0.30333333281249997 0.313125 0.2908333328125 0.3225 0.2525 0.3225 0.2483333328125 0.31437499999999996 0.2391666671875 0.29375 0.2258333328125 0.285625 0.2266666671875 0.26937500000000003 0.2208333328125 0.24562499999999998 0.2225 0.22937500000000002 0.2308333328125 0.21875 0.2525 0.215625 0.2641666671875 0.215625 0.2716666671875 0.21937500000000001 0.27999999999999997 0.236875 0.30416666718749996 0.256875 0.3441666671875
2 0.448125 0.11333333281249999 0.458125 0.11916666718749999 0.48875 0.11499999999999999 0.49437499999999995 0.10833333281249999 0.495625 0.0983333328125 0.48875 0.07083333281250001 0.48187499999999994 0.0566666671875 0.47062499999999996 0.0416666671875 0.45625 0.0283333328125 0.43562500000000004 0.015 0.41312499999999996 0.01 0.39 0.0116666671875 0.3625 0.027500000000000004 0.34750000000000003 0.045 0.34125 0.06 0.338125 0.0775 0.3375 0.095 0.33999999999999997 0.0975 0.43624999999999997 0.1 0.448125 0.11333333281249999
2 0.9493750000000001 0.9991666671875 0.9525 0.9708333328125001 0.9475 0.95 0.92125 0.9125 0.9081250000000001 0.9016666671875001 0.889375 0.8983333328124999 0.865 0.9091666671875 0.84375 0.925 0.8175000000000001 0.9516666671875 0.7975 0.9816666671875 0.796875 0.9875 0.81125 0.9949999999999999 0.81375 0.9991666671875 0.9493750000000001 0.9991666671875