0 0.9505358609375 0.3163418296875 0.9645507 0.3163418296875 0.9785655406249999 0.30434782656250003 0.990107171875 0.2518740625 0.990107171875 0.235382309375 0.9785655406249999 0.190404796875 0.9620774937500001 0.160419790625 0.9480626546875 0.1469265375 0.9241549875 0.1484257875 0.9126133546874999 0.1589205390625 0.901896125 0.187406296875 0.9010717234375001 0.2158920546875 0.905193734375 0.24137931093749998 0.9258037921875 0.2923538234375 0.9505358609375 0.3163418296875
0 0.880461665625 0.44977511249999996 0.8977741140625 0.4287856078125 0.9035449296875001 0.413793103125 0.92168178125 0.34482758593749996 0.92168178125 0.31934032968750004 0.914262159375 0.299850075 0.8961253093750001 0.2953523234375 0.8878812859374999 0.2803598203125 0.8763396531250001 0.2818590703125 0.8656224234375 0.2923538234375 0.85490519375 0.313343328125 0.8400659515625 0.34482758593749996 0.8342951359375 0.3703148421875 0.8359439406250001 0.4167916046875 0.8516075843750001 0.44977511249999996 0.8615004125000001 0.45427286406249995 0.880461665625 0.44977511249999996
0 0.8796372625 0.713643178125 0.89035449375 0.7181409296875 0.9035449296875001 0.713643178125 0.9183841718749999 0.698650675 0.9266281953125001 0.6821589203125 0.9315746078125 0.664167915625 0.9307502062499999 0.614692653125 0.9134377578124999 0.5592203890625 0.8977741140625 0.5457271359375 0.8837592750000001 0.5442278859375 0.8615004125000001 0.5562218890625 0.8507831828124999 0.5802098953125 0.8474855734375 0.5982008999999999 0.8507831828124999 0.6476761625 0.8631492171874999 0.6836581703125 0.8796372625 0.713643178125
0 0.9035449296875001 0 0.9043693328125 0.0314842578125 0.9117889531250001 0.059970015625 0.9233305859375 0.0824587703125 0.9414674359375 0.100449775 0.9530090687499999 0.1034482765625 0.9661995046875 0.097451275 0.9826875515625 0.0674662671875 0.9868095625000001 0.0299850078125 0.9793899421875001 0 0.9035449296875001 0
0 0.873866446875 0.24287856093750002 0.89035449375 0.23988005937499998 0.8969497109375 0.2323838078125 0.89942291875 0.21889055468750002 0.9002473203125 0.1814092953125 0.9167353671875 0.1484257875 0.91755976875 0.110944528125 0.914262159375 0.100449775 0.905193734375 0.09295352343749999 0.882934871875 0.086956521875 0.867271228125 0.0914542734375 0.8623248140625 0.0959520234375 0.8532563890624999 0.1184407796875 0.8441879640625001 0.164917540625 0.8441879640625001 0.1814092953125 0.8573784 0.20089955 0.8680956312499999 0.236881559375 0.873866446875 0.24287856093750002
0 0.804616653125 0.32233883125 0.8244023078125 0.3163418296875 0.842539159375 0.301349325 0.8540807921875 0.287856071875 0.8623248140625 0.260869565625 0.8623248140625 0.22938530781250002 0.8590272046875 0.21439280312500003 0.8516075843750001 0.1964017984375 0.8359439406250001 0.1829085453125 0.8244023078125 0.1814092953125 0.8062654578125 0.188905546875 0.7980214343750001 0.1994003 0.7930750203125 0.22188905625 0.7930750203125 0.2473763125 0.7996702390625 0.2698650671875 0.7996702390625 0.313343328125 0.804616653125 0.32233883125
0 0.9439406437500001 0.560719640625 0.9604286890625 0.5472263875000001 0.967848309375 0.5247376312500001 0.9703215171874999 0.500749625 0.9670239078125 0.4782608703125 0.9414674359375 0.4422788609375 0.9225061828125 0.43328335781250005 0.9002473203125 0.43178410781250004 0.87716405625 0.463268365625 0.8746908484375 0.49475262343750004 0.8821104703125 0.5247376312500001 0.9192085734375001 0.5592203890625 0.9439406437500001 0.560719640625
0 0.8367683421875001 0.9700149921874999 0.8499587796875 0.9700149921874999 0.858202803125 0.9670164921875 0.8680956312499999 0.9535232390624999 0.8763396531250001 0.9160419796875001 0.8763396531250001 0.8830584703125 0.8722176421875 0.8485757125 0.8656224234375 0.8305847078124999 0.8483099749999999 0.8170914546875 0.8285243203125001 0.8185907046875001 0.8153338828125 0.8410794609375 0.8095630671875 0.8680659671875001 0.8095630671875 0.889055471875 0.82357790625 0.92653673125 0.8252267109375 0.9610194906249999 0.8367683421875001 0.9700149921874999
0 0.9670239078125 0.7181409296875 0.9727947234375 0.713643178125 0.9884583671874999 0.6806596703125 0.9917559765625 0.661169415625 0.990107171875 0.6491754125 0.9942291843750001 0.635682159375 0.9950535859375 0.6071964015625 0.98433635625 0.563718140625 0.9727947234375 0.5547226390625 0.9604286890625 0.5547226390625 0.952184665625 0.560719640625 0.940643034375 0.5817091453125001 0.9348722171875 0.6191904046875 0.934047815625 0.6656671671875001 0.9414674359375 0.697151425 0.9554822749999999 0.7166416796874999 0.9670239078125 0.7181409296875
0 0.8928277 0.8560719640625001 0.9109645499999999 0.8440779609375 0.9167353671875 0.8320839578125 0.9356966203124999 0.812593703125 0.949711459375 0.785607196875 0.952184665625 0.7691154421874999 0.93981863125 0.7406296859375 0.9282769984374999 0.7316341828125 0.9117889531250001 0.7301349328125 0.880461665625 0.7556221890625 0.8598516078125 0.7931034484375 0.8598516078125 0.8140929531250001 0.873866446875 0.8380809593749999 0.8763396531250001 0.8500749624999999 0.8928277 0.8560719640625001
0 0.9505358609375 0.9460269859375 0.971970321875 0.9565217390624999 0.9818631484375 0.9505247375 0.9991755984375 0.92353823125 0.9991755984375 0.87406296875 0.9967023906250001 0.862068965625 0.9826875515625 0.82758620625 0.9736191265624999 0.8140929531250001 0.9637262984375001 0.8050974515625 0.9505358609375 0.8050974515625 0.9348722171875 0.8185907046875001 0.9291014015625001 0.839580209375 0.9315746078125 0.8935532234375 0.943116240625 0.92353823125 0.9455894468749999 0.938530734375 0.9505358609375 0.9460269859375
0 0.8367683421875001 0.586206896875 0.8466611703125 0.5742128937500001 0.8540807921875 0.5532233890625 0.8557295953124999 0.48425787031249995 0.849134378125 0.4527736125 0.8285243203125001 0.410794603125 0.8087386640625001 0.412293853125 0.8037922500000001 0.42278860625 0.8029678484374999 0.45577211406249996 0.8079142625 0.5337331328125 0.8219291015625 0.5802098953125 0.8367683421875001 0.586206896875
0 0.807089859375 0.8485757125 0.822753503125 0.8200899546875 0.8400659515625 0.8020989500000001 0.8474855734375 0.7811094453125 0.8524319874999999 0.7481259375 0.84171475625 0.7226386812500001 0.8276999171874999 0.7046476765625 0.8202802968749999 0.7046476765625 0.8079142625 0.7166416796874999 0.800494640625 0.7466266859374999 0.7996702390625 0.7766116937499999 0.804616653125 0.7931034484375 0.804616653125 0.8350824593749999 0.807089859375 0.8485757125
1 0.0527617484375 0.6911544234375 0.0708985984375 0.698650675 0.08244023125 0.6956521734375001 0.094806265625 0.685157421875 0.10387469062500002 0.662668665625 0.1063478984375 0.62518740625 0.10387469062500002 0.6011993999999999 0.09563066718749999 0.584707646875 0.08326463281249999 0.57271364375 0.0395713109375 0.5667166421875 0.025556471874999997 0.5772113937500001 0.0173124484375 0.5967016484375 0.0148392421875 0.6191904046875 0.023907667187500002 0.6536731640625 0.037098103125 0.67616191875 0.0527617484375 0.6911544234375
1 0.081615828125 0.563718140625 0.094806265625 0.562218890625 0.10882110468749999 0.5682158921875 0.12448474843749999 0.5457271359375 0.13107996718749998 0.512743628125 0.132728771875 0.464767615625 0.1277823578125 0.434782609375 0.1154163234375 0.410794603125 0.1071723 0.40329835156250005 0.08326463281249999 0.410794603125 0.065952184375 0.43178410781250004 0.056883759374999995 0.46026986562500005 0.056883759374999995 0.5187406296875 0.063478978125 0.5442278859375 0.0733718046875 0.5577211390625 0.081615828125 0.563718140625
1 0.0733718046875 0.40029985 0.07749381718750001 0.4047976015625 0.10882110468749999 0.40029985 0.1253091515625 0.4182908546875 0.1409727953125 0.4092953515625 0.1384995875 0.4047976015625 0.1409727953125 0.3928035984375 0.151690025 0.3838080953125 0.15333882968749998 0.3718140921875 0.15746084062500001 0.3718140921875 0.15746084062500001 0.3493253375 0.164056059375 0.340329834375 0.16652926562499998 0.3283358328125 0.164056059375 0.298350825 0.15416323125 0.2788605703125 0.1426216 0.265367315625 0.1253091515625 0.2593703140625 0.1071723 0.2593703140625 0.08985985156250001 0.26836581718749997 0.0733718046875 0.286356821875 0.063478978125 0.314842578125 0.059356965625 0.338830584375 0.06018136875 0.3568215890625 0.0643033796875 0.3838080953125 0.0733718046875 0.40029985
1 0.15746084062500001 0.263868065625 0.177246496875 0.235382309375 0.1945589453125 0.190404796875 0.19785655468750002 0.1679160421875 0.19868095624999998 0.12143927968749998 0.1945589453125 0.10644677656249998 0.17807089843749999 0.0839580203125 0.1690024734375 0.0794602703125 0.1566364390625 0.0839580203125 0.12448474843749999 0.134932534375 0.11459192031250001 0.17691154375 0.11459192031250001 0.2173913046875 0.12448474843749999 0.2473763125 0.1409727953125 0.26236881562500003 0.15746084062500001 0.263868065625
1 0 0.8560719640625001 0.009892828125 0.8785607203125 0.0197856546875 0.8800599703125 0.032151690625 0.87406296875 0.042044517187500005 0.8590704640625001 0.0494641390625 0.8200899546875 0.047815334375000004 0.77811094375 0.041220115625 0.7436281859375 0.032151690625 0.72413793125 0.0181368515625 0.7061469265625 0.0041220109375 0.697151425 0 0.697151425 0 0.8560719640625001
1 0.169826875 0.9700149921874999 0.173124484375 0.9535232390624999 0.17394888749999998 0.9220389812500001 0.1681780703125 0.8965517234375 0.15416323125 0.87256371875 0.1434460015625 0.862068965625 0.13190436875 0.8605697156250001 0.11294311562499999 0.8755622187500001 0.0997526796875 0.8965517234375 0.0865622421875 0.9280359812500001 0.0840890359375 0.9430284859375 0.08326463281249999 0.9685157421874999 0.09563066718749999 0.99850075 0.15416323125 0.99850075 0.169826875 0.9700149921874999
1 0.161582853125 0.8305847078124999 0.16652926562499998 0.8065967015625001 0.164056059375 0.7496251875 0.15746084062500001 0.715142428125 0.15086562187500002 0.7001499250000001 0.1376751859375 0.6911544234375 0.12613355312500002 0.6926536734375001 0.1121187140625 0.7076461765625 0.101401484375 0.736131934375 0.1030502890625 0.8110944531250001 0.1187139328125 0.8485757125 0.139323990625 0.8530734624999999 0.161582853125 0.8305847078124999
1 0.05193734531250001 0.2473763125 0.0717230015625 0.2308845578125 0.094806265625 0.188905546875 0.0964550703125 0.1469265375 0.0931574609375 0.1304347828125 0.079142621875 0.10494752656249999 0.06924979375 0.098950525 0.055234954687500004 0.1169415296875 0.028854081250000004 0.1289355328125 0.0181368515625 0.1469265375 0.013190437499999999 0.17241379375000002 0.012366034375 0.2053973015625 0.0173124484375 0.22788605624999997 0.0313272875 0.24437781093750002 0.05193734531250001 0.2473763125
1 0.08573784062499999 0 0.08326463281249999 0.0179910046875 0.08326463281249999 0.0809595203125 0.098103875 0.1169415296875 0.117065128125 0.12443778125 0.128606759375 0.12293853125000001 0.13602638125 0.115442278125 0.1459192078125 0.0944527734375 0.15086562187500002 0.07496251875 0.15086562187500002 0.0419790109375 0.1434460015625 0 0.08573784062499999 0
1 0.0148392421875 0 0.0074196203125 0.037481259375 0.0065952187499999995 0.0689655171875 0.009892828125 0.0944527734375 0.0263808734375 0.1169415296875 0.0453421265625 0.11994002968749999 0.054410553125000004 0.11394302812499998 0.07254740312499999 0.088455771875 0.081615828125 0.0509745125 0.08326463281249999 0.0074962515625 0.081615828125 0 0.0148392421875 0
1 0.182192909375 0.5412293859374999 0.1912613359375 0.5217391296875 0.19868095624999998 0.5142428781249999 0.19785655468750002 0.4662668671875 0.19043693281250001 0.4452773609375 0.17971970312500002 0.4287856078125 0.16652926562499998 0.4197901046875 0.15086562187500002 0.4197901046875 0.13685078281250002 0.43028485781250003 0.13190436875 0.439280359375 0.1335531734375 0.5037481265625 0.17559769218750002 0.5427286359375 0.182192909375 0.5412293859374999
1 0.042868920312499996 0.47226386875 0.055234954687500004 0.45127436249999997 0.063478978125 0.4077961015625 0.063478978125 0.3928035984375 0.055234954687500004 0.3433283359375 0.041220115625 0.32533733125 0.028854081250000004 0.32683658125 0.018961253125 0.362818590625 0.0173124484375 0.3823088453125 0.01566364375 0.42728635625000005 0.021434459375 0.4662668671875 0.0296784828125 0.47526236875 0.042868920312499996 0.47226386875
1 0.07749381718750001 0.8605697156250001 0.088211046875 0.8410794609375 0.0989282765625 0.809595203125 0.10057708125 0.7766116937499999 0.0964550703125 0.7586206890625 0.0873866453125 0.7466266859374999 0.0708985984375 0.737631184375 0.0527617484375 0.739130434375 0.044517725 0.7451274359375 0.0494641390625 0.8005997 0.0453421265625 0.8575712140625 0.0585325640625 0.865067465625 0.07749381718750001 0.8605697156250001
1 0.0676009890625 0.9430284859375 0.07749381718750001 0.935532234375 0.0840890359375 0.9220389812500001 0.08326463281249999 0.901049475 0.075020609375 0.886056971875 0.0453421265625 0.865067465625 0.02473206875 0.8800599703125 0.009892828125 0.8830584703125 0.008244023437500001 0.8935532234375 0.0197856546875 0.9205397296875001 0.042044517187500005 0.940029984375 0.0676009890625 0.9430284859375
1 0.11376751874999999 0.62218890625 0.1343775765625 0.62368815625 0.1475680125 0.6161919046875 0.161582853125 0.5937031484374999 0.164056059375 0.57571214375 0.15828524375 0.5337331328125 0.151690025 0.5217391296875 0.13685078281250002 0.5082458765625 0.13190436875 0.509745128125 0.1277823578125 0.539730134375 0.117065128125 0.562218890625 0.1055234953125 0.5712143921874999 0.09150865625 0.5667166421875 0.08903545 0.5742128937500001 0.10057708125 0.589205396875 0.10799670312500001 0.6176911546875 0.11376751874999999 0.62218890625
2 0.295960428125 0.139430284375 0.309150865625 0.137931034375 0.318219290625 0.1319340328125 0.3322341296875 0.10494752656249999 0.3322341296875 0.07646176875 0.3289365203125 0.05697151406249999 0.3173948890625 0.035982009375 0.3107996703125 0.0314842578125 0.293487221875 0.02548725625 0.2761747734375 0.026986506249999997 0.26545754375 0.035982009375 0.2563891171875 0.059970015625 0.2547403125 0.07646176875 0.25968672656249997 0.109445278125 0.2720527625 0.1304347828125 0.295960428125 0.139430284375
2 0.2324814515625 0.22188905625 0.24319868125 0.22338830625 0.2695795546875 0.20989505312499998 0.2860676015625 0.187406296875 0.29018961249999997 0.1694152921875 0.2827699921875 0.137931034375 0.264633140625 0.12593703125 0.2547403125 0.1079460265625 0.22341302500000002 0.11244377812499999 0.21187139375 0.12143927968749998 0.201978565625 0.1409295359375 0.20032976093750002 0.1829085453125 0.204451771875 0.1964017984375 0.21187139375 0.20839580156249998 0.2324814515625 0.22188905625
2 0.35861500468749996 0.21289355312499997 0.371805440625 0.20239880000000002 0.3833470734375 0.17841079531249998 0.391591096875 0.137931034375 0.3924154984375 0.10494752656249999 0.3891178890625 0.0914542734375 0.3825226703125 0.0824587703125 0.3610882109375 0.0794602703125 0.3478977734375 0.089955021875 0.338004946875 0.10494752656249999 0.32976092343749996 0.139430284375 0.32811211875 0.17991004531250002 0.3363561421875 0.211394303125 0.34047815312499996 0.2158920546875 0.35861500468749996 0.21289355312499997
2 0.3050288546875 0.2698650671875 0.315746084375 0.27286356875 0.347073371875 0.263868065625 0.3478977734375 0.2548725640625 0.3396537515625 0.22188905625 0.3173948890625 0.1664167921875 0.30338005 0.1559220390625 0.295960428125 0.1589205390625 0.29183841718750003 0.1679160421875 0.2885408078125 0.188905546875 0.2885408078125 0.21889055468750002 0.29266281875 0.24137931093749998 0.3050288546875 0.2698650671875
2 0.268755153125 0.31934032968750004 0.2860676015625 0.31934032968750004 0.29183841718750003 0.313343328125 0.2984336359375 0.286356821875 0.2976092328125 0.26836581718749997 0.293487221875 0.2518740625 0.2819455890625 0.2308845578125 0.268755153125 0.22338830625 0.253091509375 0.22338830625 0.23660346250000003 0.235382309375 0.23577906093749998 0.25787106406250004 0.239901071875 0.28335832031249997 0.2506183015625 0.302848575 0.268755153125 0.31934032968750004
2 0.327287715625 0.3823088453125 0.344600165625 0.35982009062500003 0.3553173953125 0.32983508281249996 0.3577906015625 0.311844078125 0.35614179687499997 0.28335832031249997 0.34872217656250004 0.2698650671875 0.322341303125 0.2713643171875 0.30667765937499997 0.287856071875 0.295960428125 0.3073463265625 0.2885408078125 0.3313343328125 0.2885408078125 0.3553223390625 0.30338005 0.3838080953125 0.3165704859375 0.38680659687499996 0.327287715625 0.3823088453125
2 0.39736191249999997 0.42278860625 0.3998351203125 0.35982009062500003 0.3957131078125 0.32683658125 0.39901071718750003 0.314842578125 0.39901071718750003 0.27736131875000003 0.394064303125 0.27436281875 0.37262984375 0.284857571875 0.362737015625 0.299850075 0.35943940625000004 0.31934032968750004 0.3610882109375 0.3568215890625 0.36933223437499996 0.389805096875 0.38169826875 0.413793103125 0.39736191249999997 0.42278860625
2 0.280296784375 0.5157421296875 0.3075020609375 0.5247376312500001 0.315746084375 0.5187406296875 0.3322341296875 0.48725637187500004 0.331409728125 0.461769115625 0.3239901078125 0.43178410781250004 0.3075020609375 0.3943028484375 0.2893652109375 0.3688155921875 0.2753503703125 0.362818590625 0.264633140625 0.364317840625 0.2497939 0.389805096875 0.24649629062499998 0.40329835156250005 0.24649629062499998 0.43028485781250003 0.2539159109375 0.464767615625 0.264633140625 0.4917541234375 0.280296784375 0.5157421296875
2 0.226710634375 0.562218890625 0.2448474859375 0.565217390625 0.2547403125 0.5592203890625 0.26298433593750004 0.5412293859374999 0.2662819453125 0.5172413796875001 0.26298433593750004 0.4917541234375 0.24896949687499997 0.4527736125 0.24319868125 0.42278860625 0.22341302500000002 0.410794603125 0.20857378437500002 0.42578710624999994 0.201978565625 0.4422788609375 0.2011541625 0.49325337343750003 0.205276175 0.5157421296875 0.2126957953125 0.5337331328125 0.226710634375 0.562218890625
2 0.29266281875 0.865067465625 0.3017312453125 0.8710644671875001 0.3198680953125 0.8635682156250001 0.3388293484375 0.79910045 0.33718054375 0.77811094375 0.32811211875 0.7466266859374999 0.315746084375 0.7286356828125 0.30255564687500003 0.72563718125 0.2860676015625 0.739130434375 0.2786479796875 0.7586206890625 0.2761747734375 0.8080959515625 0.2794723828125 0.836581709375 0.284418796875 0.8515742124999999 0.29266281875 0.865067465625
2 0.3454245671875 0.9535232390624999 0.360263809375 0.9520239875 0.3742786484375 0.9250374812500001 0.384171475 0.886056971875 0.3891178890625 0.8425787109374999 0.3866446828125 0.815592203125 0.3800494640625 0.8005997 0.366034625 0.7916041984375 0.3528441875 0.7931034484375 0.3421269578125 0.8020989500000001 0.327287715625 0.839580209375 0.31904369374999997 0.8785607203125 0.3173948890625 0.8935532234375 0.3215169 0.9190404796875 0.33305853281250003 0.9475262375 0.3454245671875 0.9535232390624999
2 0.29018961249999997 0.640179909375 0.300082440625 0.62218890625 0.3042044515625 0.5922038984375 0.30832646406249997 0.586206896875 0.30255564687500003 0.535232384375 0.2885408078125 0.52623688125 0.26793075 0.5337331328125 0.253091509375 0.5682158921875 0.2497939 0.587706146875 0.2497939 0.6176911546875 0.258862325 0.6416791609375 0.276999175 0.6461769109375 0.29018961249999997 0.640179909375
2 0.32976092343749996 0.44377811093749997 0.3347073375 0.4812593703125 0.3396537515625 0.48575712187500003 0.3569662 0.47526236875 0.3709810390625 0.43778110937500003 0.37510305 0.412293853125 0.360263809375 0.36131934062500004 0.34872217656250004 0.3523238375 0.333882934375 0.3793103453125 0.3132728765625 0.3928035984375 0.3165704859375 0.412293853125 0.32976092343749996 0.44377811093749997
2 0.22093981875000002 0.7301349328125 0.2316570484375 0.7031484265625 0.23825226718749998 0.661169415625 0.23825226718749998 0.6086956515625 0.2324814515625 0.584707646875 0.22011541562499998 0.57271364375 0.211046990625 0.5712143921874999 0.20280296718750002 0.57571214375 0.20032976093750002 0.5832083953125 0.20032976093750002 0.72413793125 0.20280296718750002 0.736131934375 0.20774938125000003 0.736131934375 0.22093981875000002 0.7301349328125
2 0.2374278640625 0.8680659671875001 0.25226710625000004 0.8590704640625001 0.26545754375 0.836581709375 0.26545754375 0.7946026984375 0.253091509375 0.7676161921875 0.23825226718749998 0.7571214390625001 0.22011541562499998 0.7526236875000001 0.2061005765625 0.7571214390625001 0.2011541625 0.7691154421874999 0.20032976093750002 0.8335832078125 0.20280296718750002 0.8590704640625001 0.224237428125 0.8680659671875001 0.2374278640625 0.8680659671875001
2 0.34624896875 0.788605696875 0.37262984375 0.787106446875 0.378400659375 0.764617690625 0.3792250625 0.7301349328125 0.366034625 0.662668665625 0.353668590625 0.6431784109375001 0.3396537515625 0.635682159375 0.331409728125 0.6476761625 0.32811211875 0.664167915625 0.3256389125 0.7091454265625 0.32811211875 0.734632684375 0.3363561421875 0.7706146921875 0.34624896875 0.788605696875
2 0.32069249843750003 0.6086956515625 0.3264633140625 0.610194903125 0.3396537515625 0.59970015 0.3553173953125 0.5712143921874999 0.35614179687499997 0.5247376312500001 0.3437757625 0.4917541234375 0.3322341296875 0.4917541234375 0.31904369374999997 0.5202398796875001 0.31162407187499996 0.52623688125 0.30667765937499997 0.535232384375 0.3075020609375 0.563718140625 0.3140972796875 0.5952023984375 0.32069249843750003 0.6086956515625
2 0.39901071718750003 0.614692653125 0.39901071718750003 0.5517241375 0.37262984375 0.5562218890625 0.360263809375 0.565217390625 0.3421269578125 0.6071964015625 0.3429513609375 0.62668665625 0.35037098125 0.637181409375 0.39488870625 0.6341829078125001 0.39901071718750003 0.614692653125
2 0.42621599374999997 0.5427286359375 0.45177246562500006 0.5577211390625 0.4715581203125 0.5547226390625 0.48557295937499995 0.5427286359375 0.49711459218750004 0.52323838125 0.4995877984375 0.5082458765625 0.4954657875 0.49325337343750003 0.49793899374999995 0.47376311875 0.4872217640625 0.4527736125 0.47732893593750003 0.4467766109375 0.431986809375 0.4452773609375 0.42044517656249997 0.4527736125 0.4080791421875 0.4812593703125 0.40643033749999996 0.500749625 0.40890354531249995 0.5142428781249999 0.41797197031250005 0.5322338828125 0.42621599374999997 0.5427286359375
2 0.460840890625 0.7556221890625 0.48474855781250004 0.7091454265625 0.49793899374999995 0.6536731640625 0.49793899374999995 0.60269865 0.49051937343749996 0.586206896875 0.48145094843749997 0.5787106453125 0.467436109375 0.5817091453125001 0.45919208593749994 0.589205396875 0.44682605156250005 0.6056971515625 0.42704039531250004 0.6476761625 0.416323165625 0.6941529234375 0.4154987640625 0.72563718125 0.42621599374999997 0.7541229390625 0.44435284375000006 0.761619190625 0.460840890625 0.7556221890625
2 0.49464138437500005 0.21439280312500003 0.5094806265625 0.2203898046875 0.5408079140625001 0.1964017984375 0.5539983515625 0.1679160421875 0.5581203625 0.1409295359375 0.5539983515625 0.12443778125 0.5474031328125 0.11394302812499998 0.5259686734375 0.1034482765625 0.5004122015625 0.115442278125 0.47568013125 0.1469265375 0.4723825234375 0.1589205390625 0.4723825234375 0.17991004531250002 0.47568013125 0.190404796875 0.49464138437500005 0.21439280312500003
2 0.5482275343749999 0.914542728125 0.5688375921875 0.9115442281249999 0.5795548234375001 0.8995502249999999 0.5836768343750001 0.8665667171875 0.5688375921875 0.8380809593749999 0.5663643859375 0.79910045 0.5539983515625 0.7736131937499999 0.5243198687499999 0.763118440625 0.5094806265625 0.7706146921875 0.5028854078125 0.788605696875 0.5004122015625 0.82308845625 0.5037098109375 0.839580209375 0.5284418796875 0.898050975 0.5482275343749999 0.914542728125
2 0.44765045312499996 0.9490254874999999 0.460840890625 0.9490254874999999 0.47320692500000006 0.9415292359375 0.49381698281249997 0.9070464765624999 0.4954657875 0.8965517234375 0.49464138437500005 0.87406296875 0.49051937343749996 0.862068965625 0.47732893593750003 0.8440779609375 0.467436109375 0.8380809593749999 0.4435284421875 0.839580209375 0.42044517656249997 0.8755622187500001 0.419620775 0.8920539734374999 0.4245671890625 0.92653673125 0.4336356140625 0.940029984375 0.44765045312499996 0.9490254874999999
2 0.4600164875 0.301349325 0.463314096875 0.284857571875 0.463314096875 0.235382309375 0.4600164875 0.2158920546875 0.4501236609375 0.19790105 0.437757625 0.19790105 0.43033800468749994 0.20989505312499998 0.41714756875000003 0.2938530734375 0.41797197031250005 0.32983508281249996 0.42209398125 0.335832084375 0.4402308328125 0.33283358281250003 0.4600164875 0.301349325
2 0.44682605156250005 0.19340329843749998 0.45919208593749994 0.2053973015625 0.46413849999999995 0.20389805156250002 0.47073371875000003 0.1919040484375 0.469909315625 0.1679160421875 0.47403132656249997 0.1469265375 0.46826051093750004 0.12593703125 0.45671887812499995 0.101949025 0.4460016484375 0.0914542734375 0.43446001718750005 0.0944527734375 0.42951360312500003 0.086956521875 0.4245671890625 0.086956521875 0.416323165625 0.098950525 0.4122011546875 0.1184407796875 0.4113767515625 0.1574212890625 0.42621599374999997 0.1919040484375 0.43446001718750005 0.19790105 0.44682605156250005 0.19340329843749998
2 0.48557295937499995 0.434782609375 0.491343775 0.42428785625 0.492168178125 0.39730135 0.48474855781250004 0.3568215890625 0.46908491406249997 0.33433283281250004 0.4525968671875 0.32983508281249996 0.42786479843749997 0.340329834375 0.4212695796875 0.3478260875 0.416323165625 0.362818590625 0.4212695796875 0.4047976015625 0.445177246875 0.43328335781250005 0.47403132656249997 0.4422788609375 0.48557295937499995 0.434782609375
2 0.42621599374999997 0.5427286359375 0.45177246562500006 0.5577211390625 0.46826051093750004 0.5562218890625 0.48557295937499995 0.5427286359375 0.49793899374999995 0.5217391296875 0.4995877984375 0.511244378125 0.4962901890625 0.49325337343750003 0.49793899374999995 0.47376311875 0.4872217640625 0.4527736125 0.47732893593750003 0.4467766109375 0.431986809375 0.4452773609375 0.419620775 0.4527736125 0.4080791421875 0.4797601203125 0.40643033749999996 0.4917541234375 0.40890354531249995 0.5142428781249999 0.41797197031250005 0.5322338828125 0.42621599374999997 0.5427286359375
2 0.5474031328125 0.7586206890625 0.5531739484375 0.7556221890625 0.57378400625 0.7226386812500001 0.586150040625 0.685157421875 0.58944765 0.6596701656249999 0.5803792249999999 0.6296851578125 0.574608409375 0.62518740625 0.5581203625 0.6281859078124999 0.5333882937500001 0.6461769109375 0.5243198687499999 0.664167915625 0.5193734546875 0.688155921875 0.5185490515625 0.7226386812500001 0.523495465625 0.7481259375 0.52926628125 0.7556221890625 0.5474031328125 0.7586206890625
3 0.6859027203125 0.2968515734375 0.7007419625 0.2593703140625 0.7056883765624999 0.22338830625 0.704039571875 0.187406296875 0.6974443531250001 0.1694152921875 0.684253915625 0.1589205390625 0.6669414671875 0.1589205390625 0.6578730421875 0.17241379375000002 0.6479802140625 0.211394303125 0.6471558125 0.2548725640625 0.6521022265624999 0.2908545734375 0.6636438578125 0.30434782656250003 0.6859027203125 0.2968515734375
3 0.6685902718750001 0.8800599703125 0.6834295140625 0.8800599703125 0.699917559375 0.865067465625 0.70733718125 0.8440779609375 0.7081615828125 0.82608695625 0.6974443531250001 0.77511244375 0.6867271234375 0.7496251875 0.6735366859374999 0.736131934375 0.6578730421875 0.7331334328125 0.63643858125 0.7691154421874999 0.63643858125 0.8140929531250001 0.6422093984374999 0.8410794609375 0.65375103125 0.8680659671875001 0.6685902718750001 0.8800599703125
3 0.68507831875 0.562218890625 0.7015663640625001 0.5547226390625 0.7122835937499999 0.52623688125 0.713107996875 0.5067466265625 0.7106347890625 0.48425787031249995 0.7007419625 0.4572713640625 0.681780709375 0.4287856078125 0.6661170656250001 0.4167916046875 0.65375103125 0.42128935468749995 0.6430338 0.44377811093749997 0.6422093984374999 0.46026986562500005 0.64962901875 0.5037481265625 0.6669414671875 0.5457271359375 0.68507831875 0.562218890625
3 0.7361912609375 0.34482758593749996 0.773289365625 0.3478260875 0.7897774109375 0.337331334375 0.7963726296875 0.3178410796875 0.7980214343750001 0.27436281875 0.7947238249999999 0.263868065625 0.775762571875 0.238380809375 0.7617477328125 0.2323838078125 0.7403132734375 0.2323838078125 0.723000825 0.24287856093750002 0.7172300078125 0.26236881562500003 0.7147568015625 0.27586206875 0.715581203125 0.3163418296875 0.723000825 0.33283358281250003 0.7361912609375 0.34482758593749996
3 0.75680131875 0.5712143921874999 0.7724649625 0.57271364375 0.7897774109375 0.5502248875 0.7938994234375001 0.5247376312500001 0.7930750203125 0.509745128125 0.779884584375 0.47376311875 0.7675185484375 0.4527736125 0.7518549046875 0.4407796109375 0.7452596875 0.4407796109375 0.7304204453125 0.45127436249999997 0.72547403125 0.4692653671875 0.7246496296875 0.49325337343750003 0.728771640625 0.5217391296875 0.744435284375 0.5592203890625 0.75680131875 0.5712143921874999
3 0.7856554 0.6791604203125 0.7938994234375001 0.6701649171875 0.7988458374999999 0.6461769109375 0.7980214343750001 0.62218890625 0.791426215625 0.6011993999999999 0.7724649625 0.587706146875 0.7411376749999999 0.5907046484375 0.7271228359374999 0.6041979015625001 0.7172300078125 0.62518740625 0.7180544109375 0.664167915625 0.7271228359374999 0.6821589203125 0.744435284375 0.6926536734375001 0.7856554 0.6791604203125
3 0.744435284375 0.82308845625 0.7543281125 0.8290854578125 0.7617477328125 0.82758620625 0.7708161578125 0.8185907046875001 0.77906018125 0.8005997 0.779884584375 0.761619190625 0.7774113765624999 0.7511244375 0.7650453421875001 0.72563718125 0.7543281125 0.715142428125 0.731244846875 0.7091454265625 0.715581203125 0.72713643125 0.70733718125 0.7436281859375 0.706512778125 0.7586206890625 0.7106347890625 0.7736131937499999 0.72547403125 0.8020989500000001 0.744435284375 0.82308845625
3 0.6685902718750001 0.7286356828125 0.6924979390625 0.7451274359375 0.6990931578125 0.7436281859375 0.7089859859375001 0.7301349328125 0.71640560625 0.6926536734375001 0.71640560625 0.67766116875 0.7106347890625 0.6686656671875 0.6710634796875 0.6476761625 0.6389117890625 0.6461769109375 0.628194559375 0.6656671671875001 0.628194559375 0.698650675 0.6389117890625 0.7196401796874999 0.6570486390625 0.7301349328125 0.6685902718750001 0.7286356828125
3 0.6586974437500001 0 0.6521022265624999 0.014992503125 0.646331409375 0.038980509375 0.64962901875 0.06446776562499999 0.6570486390625 0.0809595203125 0.6768342953125 0.089955021875 0.7048639734375 0.0704647671875 0.7246496296875 0.038980509375 0.7279472375 0.026986506249999997 0.7262984343750001 0 0.6586974437500001 0
3 0.59604286875 0.0959520234375 0.5976916734375 0.1184407796875 0.6108821109375 0.137931034375 0.6199505359375 0.1424287859375 0.6455070078125 0.137931034375 0.6512778234375001 0.1334332828125 0.6586974437500001 0.1169415296875 0.6586974437500001 0.09295352343749999 0.6413849953125 0.0434782609375 0.615828525 0.040479759375 0.6001648796875 0.0584707640625 0.596867271875 0.0824587703125 0.5910964546875 0.086956521875 0.5910964546875 0.0959520234375 0.59604286875 0.0959520234375
3 0.6372629843750001 0.410794603125 0.6784831 0.412293853125 0.6924979390625 0.389805096875 0.693322340625 0.3553223390625 0.681780709375 0.32383808125 0.639736190625 0.30434782656250003 0.62489695 0.314842578125 0.6166529265625 0.3283358328125 0.615004121875 0.3463268359375 0.624072546875 0.3703148421875 0.6265457546875 0.3928035984375 0.6372629843750001 0.410794603125
3 0.7205276171875 0.4707646171875 0.7337180546875001 0.44377811093749997 0.7493816984375 0.43328335781250005 0.75680131875 0.40329835156250005 0.753503709375 0.3658170921875 0.723000825 0.3433283359375 0.7114591921875 0.3463268359375 0.70321516875 0.3658170921875 0.704039571875 0.37631184375000004 0.693322340625 0.3958020984375 0.6883759281249999 0.413793103125 0.6900247328125 0.434782609375 0.7098103874999999 0.4707646171875 0.713107996875 0.47526236875 0.7205276171875 0.4707646171875
3 0.7271228359374999 0.9430284859375 0.7427864796875 0.9340329828125 0.760098928125 0.910044978125 0.7658697437499999 0.8950524734374999 0.7699917562499999 0.8530734624999999 0.7650453421875001 0.839580209375 0.7543281125 0.839580209375 0.7386644687499999 0.82458770625 0.723000825 0.8215892046875 0.7098103874999999 0.8410794609375 0.7007419625 0.87406296875 0.6982687546874999 0.898050975 0.70733718125 0.9325337328125001 0.7172300078125 0.9415292359375 0.7271228359374999 0.9430284859375
3 0.7963726296875 0.910044978125 0.7856554 0.9025487249999999 0.7675185484375 0.9085457265624999 0.7394888703125 0.9445277359375 0.7279472375 0.9775112437500001 0.7271228359374999 0.99850075 0.7938994234375001 0.99850075 0.7996702390625 0.9805097453125 0.7963726296875 0.910044978125
3 0.62737015625 0.3088455765625 0.6389117890625 0.2968515734375 0.6455070078125 0.27436281875 0.646331409375 0.19790105 0.634789778125 0.184407796875 0.6232481453125 0.188905546875 0.615004121875 0.20239880000000002 0.6108821109375 0.22638680625 0.608408903125 0.25787106406250004 0.6117065125 0.286356821875 0.6191261328125 0.3058470765625 0.62737015625 0.3088455765625
3 0.67188788125 0.586206896875 0.6710634796875 0.563718140625 0.6578730421875 0.535232384375 0.6413849953125 0.535232384375 0.624072546875 0.563718140625 0.624072546875 0.611694153125 0.634789778125 0.6311844078125 0.6570486390625 0.62368815625 0.67188788125 0.586206896875
2 0.5218466609375 0.4572713640625 0.530090684375 0.4572713640625 0.5408079140625001 0.4452773609375 0.5482275343749999 0.42728635625000005 0.5490519375 0.4062968515625 0.5465787296875 0.37631184375000004 0.536685903125 0.3433283359375 0.5127782359374999 0.3163418296875 0.49464138437500005 0.3208395796875 0.4872217640625 0.340329834375 0.4863973625 0.3523238375 0.4954657875 0.40329835156250005 0.5070074203125 0.43778110937500003 0.5218466609375 0.4572713640625
2 0.4781533390625 0.565217390625 0.4929925796875 0.584707646875 0.5004122015625 0.60269865 0.5127782359374999 0.6041979015625001 0.5218466609375 0.5982008999999999 0.5333882937500001 0.5697151421875 0.5358615 0.5487256375 0.5342126953124999 0.5052473765625 0.5259686734375 0.463268365625 0.51112943125 0.4587706140625 0.4995877984375 0.47226386875 0.49793899374999995 0.5247376312500001 0.48804616718749994 0.5472263875000001 0.47650453437499996 0.5562218890625 0.4781533390625 0.565217390625