1 0.45738502499999995 0.59680113125 0.449930453125 0.6036056453125 0.4455837625 0.6100835109375 0.43886811562499994 0.6358768859375 0.4412674703125 0.65870523125 0.45049547968750003 0.6687738421875 0.4728678796875 0.6604014015625 0.48280007031250005 0.6412944625 0.481539546875 0.61734291875 0.4750021390625 0.6029775078124999 0.4668129875 0.596813715625 0.45738502499999995 0.59680113125
1 0.26546801875 1 0.26672606718749997 0.9891391703125001 0.264956971875 0.9782865953125001 0.260179975 0.9627326578125001 0.253542590625 0.9533952609374999 0.2376902265625 0.952050909375 0.2307529109375 0.9577975546875 0.2255803484375 0.9683762265625001 0.22310272812499998 0.9806786515624999 0.22404160625 0.9896114828125 0.227584021875 1 0.26546801875 1
1 0.182013559375 0.89468218125 0.1736244515625 0.898574415625 0.1638965578125 0.9136458765625 0.162040515625 0.9258829703125 0.1631880328125 0.936800875 0.176149840625 0.9524980546874999 0.199148159375 0.950080834375 0.21488317656249997 0.9323709984375 0.216947859375 0.9221189781250001 0.21548738125 0.9082234625 0.2086413578125 0.8969009937499999 0.203977365625 0.8943806953125 0.182013559375 0.89468218125
1 0.22695734375 1 0.22310707187499998 0.9866992015625 0.22412855625 0.9665218140625 0.2129314984375 0.9556566562500001 0.19407557343749998 0.9556314921875 0.18703828125 0.9664061546875 0.1849735984375 0.9766581734375 0.1853995640625 0.9926694234375001 0.18711071875000002 1 0.22695734375 1
1 0.0698865578125 0.7127914578125 0.0653399125 0.72932535 0.06773492656249999 0.7461331453125 0.0742723328125 0.7604985546874999 0.08681686250000001 0.7722255890625 0.0971793609375 0.7751504515625001 0.107537515625 0.7720547640625 0.1140575515625 0.76233796875 0.1159135953125 0.750100875 0.11414450000000001 0.7392483000000001 0.1049121484375 0.7231591374999999 0.0821094421875 0.7094997796875 0.0698865578125 0.7127914578125
1 0.283321978125 0.5849908562499999 0.273381103125 0.59205669375 0.267795603125 0.6046857671875 0.2653223265625 0.6230087421875 0.2658482671875 0.6339919765625 0.2731159140625 0.655305146875 0.285556121875 0.6660396421875 0.299022159375 0.6626173015625 0.295071034375 0.64296255625 0.29941338125 0.6304641421875 0.30738520937499997 0.6226017609375 0.305611771875 0.605728634375 0.30052615781249997 0.5932176375 0.2935801578125 0.5869231828125 0.283321978125 0.5849908562499999
1 0.40949325937500003 0.55968770625 0.39779631718749997 0.5739626203125 0.3978093453125 0.5920242734375 0.4119099859375 0.6065982578125 0.42030343593749997 0.6087265734375 0.43573852031250004 0.6061007796875 0.44577503125 0.5879863796875 0.4473224578125 0.5787922265625001 0.44461882812500003 0.5650273718750001 0.43445628281250004 0.5520464796875 0.425649896875 0.551968565625 0.40949325937500003 0.55968770625
1 0.3671565 0.6113020390624999 0.36136236093749996 0.6219460390625 0.35805886875000004 0.6383492703125 0.3596280078125 0.659257875 0.364500640625 0.663763246875 0.3718682640625 0.6800484 0.3781883453125 0.6803876343749999 0.39703558437500003 0.668371696875 0.3981613890625 0.649186846875 0.4025037375 0.63668843125 0.399378484375 0.612932878125 0.38963322031250003 0.6039221328125 0.3788577859375 0.603047675 0.3671565 0.6113020390624999
1 0.4716421921875 0.5411135734375 0.4648135390625 0.5538733109375 0.46482656718750004 0.5719349640625 0.46763017500000004 0.5806718046875 0.47934448749999997 0.59047909375 0.49394935625 0.58593355625 0.5023341203125 0.5760207703125 0.5055376359375 0.564645553125 0.504698734375 0.5506847078125 0.50013471875 0.5431363953125 0.488524725 0.5343216421875 0.4792010828125 0.5353015953125 0.4716421921875 0.5411135734375
1 0.3419282875 0.6821917171874999 0.33251769531250003 0.7062613390625 0.3326263578125 0.713274428125 0.3378162921875 0.7267779609375 0.34900900625000003 0.7316225671875001 0.3567765375 0.7277956640625 0.3632965734375 0.7180788687499999 0.368260496875 0.7055151234375 0.3696992609375 0.6893078828125 0.3640877046875 0.6658136515625 0.359215071875 0.661308278125 0.351860478125 0.6630847796875 0.3419282875 0.6821917171874999
1 0.3680258953125 0.5239060515625 0.3602583640625 0.5277329546875 0.351777965625 0.5486943046875 0.3546989203125 0.5764853375000001 0.3690082 0.59304439375 0.378018884375 0.589086828125 0.38133106250000004 0.5847247 0.382565528125 0.5725529359375 0.390637334375 0.559662540625 0.3896941125 0.5447091578125 0.3847128171875 0.5331906984375 0.375071871875 0.5251724906249999 0.3680258953125 0.5239060515625
1 0.2206167046875 0.5504378953125 0.2173045265625 0.5548000234375 0.2092370640625 0.5737109703125001 0.205420659375 0.597192621875 0.208850184375 0.6118846828125 0.21755659375 0.6169906093749999 0.23547364062499998 0.6080829421875 0.245610128125 0.5849405265625001 0.24393666875000003 0.5630393859375 0.239372653125 0.5554910750000001 0.23056192343749998 0.5493926109375 0.2206167046875 0.5504378953125
1 0.5772493437499999 0.4457197078125 0.57362855 0.45312477656250005 0.571568209375 0.46939734843750003 0.5750977125000001 0.47906139531249997 0.5866077296875 0.4929041625 0.6109578625000001 0.4973693703125 0.62120735625 0.48726059375 0.6252410875 0.4778051203125 0.625958296875 0.4666912234375 0.622120178125 0.4600701171875 0.60232103125 0.4450915703125 0.5837737234375 0.4420234640625 0.5772493437499999 0.4457197078125
1 0.67635808125 0.5336460859375001 0.67107685625 0.53721166875 0.667043125 0.5466671421875 0.6664345765624999 0.5647941265624999 0.67867483125 0.5855846515625001 0.70333358125 0.5870069171875001 0.710270896875 0.58126026875 0.7144089484375 0.5727973328125 0.7156477578125 0.5666461203125001 0.71325274375 0.549838325 0.698634846875 0.536322209375 0.6863033 0.5326008 0.67635808125 0.5336460859375001
1 0.39594036718750003 0.4426990203125 0.3840347859375 0.45498886250000004 0.3803140140625 0.46742194687499994 0.38197878749999997 0.4772819859375 0.38540397187500003 0.48595349531250004 0.3958751328125 0.49589144531249996 0.4216640296875 0.4841494125 0.42652363437499996 0.4705931296875 0.42547609218750004 0.45464721093750005 0.419668925 0.4472295578125 0.40712873906249997 0.441523075 0.39594036718750003 0.4426990203125
1 0.082687496875 0.792729628125 0.0763761 0.8044314968749999 0.0740028015625 0.8177264578125 0.07816690781249999 0.8453868265625 0.08386975625000001 0.8518119421874999 0.09278046250000001 0.8528823921875001 0.10613783750000001 0.8424469640625001 0.1137923625 0.825586421875 0.11191460625 0.807720759375 0.1050685828125 0.7963982890625 0.096257853125 0.790299825 0.082687496875 0.792729628125
1 0.153947090625 0.7651699187500001 0.1476313515625 0.770851234375 0.1417415765625 0.7925438015624999 0.1445582125 0.8193422968749999 0.1548207328125 0.8272951734375 0.162175328125 0.825518671875 0.1696298984375 0.8187141578125001 0.176454209375 0.799933871875 0.17488506875 0.7790252671875 0.17073398906249998 0.7694265515625001 0.16264915625 0.76425529375 0.153947090625 0.7651699187500001
1 0.1689518671875 0.7405123234375 0.1732159515625 0.7631446796875 0.18876838437500001 0.7795730765625 0.203677528125 0.7659640453125001 0.1888379625 0.7324012015625 0.18551275625000002 0.718701678125 0.17981425 0.7182971125 0.1729812546875 0.725036296875 0.1689518671875 0.7405123234375
1 0.3227072890625 0.6069423281249999 0.31401825156249996 0.6259186046874999 0.3265758078125 0.6557072921875 0.34233688125 0.6741207625000001 0.34596201875 0.67273624375 0.3550683359375 0.6577301140625 0.35661141875 0.6425154078124999 0.35452936562500004 0.628685225 0.3426020703125 0.610872309375 0.3299575640625 0.604173290625 0.3227072890625 0.6069423281249999
1 0.4635226171875 0.48777790625 0.4543076359375 0.49577095 0.4461358546875 0.513689359375 0.44334961875 0.529034725 0.4434626234375 0.5420683640624999 0.4469921265625 0.5517324109375 0.45580285624999994 0.5578308734374999 0.463361746875 0.552018896875 0.4795010140625 0.520217553125 0.4833217625 0.5027564546875001 0.48196994843749996 0.495874028125 0.4779231890625 0.48726784843750004 0.47325919531249994 0.4847475484375 0.4635226171875 0.48777790625
1 0.403438271875 0.6396007125 0.39950886093750004 0.650048721875 0.40044773906250003 0.6589815531250001 0.40459881875 0.6685802703125 0.4198382921875 0.6820310562499999 0.4250151984375 0.6774729359375 0.43382158437499996 0.6775508484375 0.4441753984375 0.668434609375 0.43783794531250003 0.6440131703125 0.4149352609375 0.635381825 0.40747634687499995 0.6361657890625 0.403438271875 0.6396007125
1 0.7157172421875 0.6629749406250001 0.71230074375 0.6663445328125001 0.7081670359375 0.6808280203125 0.71120968125 0.7336937921875 0.7232326125 0.74045814375 0.7333821281249999 0.73537738125 0.7418625265625 0.7144160296875001 0.742471075 0.6962890453125 0.7395588046875 0.6805391171874999 0.73374729375 0.6671009140625 0.730326453125 0.664449953125 0.7157172421875 0.6629749406250001
1 0.6190077671875 0.7413776015625 0.6150826984375 0.7578461640625 0.616230215625 0.76876406875 0.626179778125 0.7737393359375 0.63292148125 0.7840692687499999 0.6528206046875 0.7940198015625 0.6560284640625 0.7886651359375 0.6592276359375 0.7712693671874999 0.6525772234375 0.74387031875 0.64044563125 0.7300928796874999 0.6243889703125001 0.7327840046875 0.6190077671875 0.7413776015625
1 0.6478654609375 0.67512395625 0.6317044796875 0.67682254375 0.62632761875 0.6914366921874999 0.6269535375 0.6973919140625 0.63058301875 0.7020279453125 0.6363858437500001 0.703425046875 0.6506951234375 0.719984103125 0.66055339375 0.7420284875000001 0.6745366875000001 0.7375482796874999 0.67804881875 0.7231301234374999 0.6755494859375 0.705329790625 0.66922071875 0.6929494546875 0.6551200781250001 0.678375471875 0.6478654609375 0.67512395625
1 0.8129309453125 0.56545275625 0.80050810625 0.578800465625 0.797308934375 0.5961962328125 0.7984564515625 0.6071141390625 0.807171546875 0.62426116875 0.815047740625 0.627447353125 0.8292396734375 0.6249522187500001 0.84176683125 0.612597046875 0.8498386359375001 0.59970665 0.8516990218749999 0.593490109375 0.8494083281249999 0.57767485 0.8440140968750001 0.5682067953125001 0.8353076875 0.5631008671875 0.8129309453125 0.56545275625
1 0.7497693062499999 0.4727446859375 0.7374725015625 0.5171876875 0.73799844375 0.5281709218749999 0.7446401703125 0.5435288703125 0.7515861703125 0.549823325 0.7559372046874999 0.5493660125 0.7642176484375 0.538460690625 0.774471484375 0.534372465625 0.781287109375 0.5035510750000001 0.777961903125 0.48985155156250004 0.7693511281250001 0.4736970578125 0.7582627328125 0.46984498906249994 0.7497693062499999 0.4727446859375
1 0.7626658796875 0.541634290625 0.7568717406250001 0.5522782937499999 0.7555416390625 0.575498621875 0.7671646609375 0.602375028125 0.7748365578125 0.609596690625 0.784473159375 0.6115943453125 0.7950356109375 0.6044631796875 0.7988520171875 0.5809815296874999 0.7972872203125 0.566093478125 0.7832822140625 0.5404709296875 0.7697075140625 0.53688018125 0.7626658796875 0.541634290625
1 0.7274577046874999 0.5654048453125 0.721141965625 0.5710861625 0.7183513875 0.580410975 0.7200205046875 0.596291565625 0.7265622546875 0.6166775265625 0.7347557499999999 0.628861871875 0.7401456390625001 0.6323093765625 0.7475002328125 0.6305328765625 0.758888559375 0.619300903125 0.761570475 0.6029630015625 0.760114340625 0.5950880374999999 0.75222511875 0.5738401984375 0.7413410203125 0.5659526515625 0.7274577046874999 0.5654048453125
1 0.718203640625 0.5192129265625 0.7181166906249999 0.5423025953125 0.7234152890625001 0.5628192171874999 0.7249714 0.5656661656249999 0.7425841734375 0.5658219921875001 0.7509819656250001 0.5739708593749999 0.7530466484375 0.563718840625 0.7361337156250001 0.5283669140625 0.7348818765625 0.5164564734375 0.7305265015625 0.5108932328125 0.724932315625 0.5114812046874999 0.718203640625 0.5192129265625
1 0.671959184375 0.6113780265625001 0.67352398125 0.626266078125 0.6806873078125 0.646586709375 0.696022415625 0.6489889296875 0.7020295375 0.646350553125 0.7057546515625 0.6399380203125 0.7017904984375 0.6022216203124999 0.6884157531249999 0.58857484375 0.67660580625 0.5898161203125001 0.671959184375 0.6113780265625001
1 0.6090192140624999 0.5387166828125001 0.6099580921875 0.5476495140625001 0.6246846515625 0.56817871875 0.646235521875 0.5699276359375001 0.662287840625 0.561215959375 0.6670387812499999 0.540646590625 0.6649610703125 0.5328369578125 0.65625031875 0.5217104781249999 0.617921234375 0.5277460296875 0.6090192140624999 0.5387166828125001
1 0.6379725421875 0.46141447187500007 0.628031665625 0.46848030625000003 0.6249324703125 0.4808480609375 0.6141700640625001 0.49803525625 0.621437709375 0.5193484234375 0.628900965625 0.5245850109375 0.647026653125 0.5176624171875 0.659545125 0.4932661453125 0.660675271875 0.48010184375 0.658906178125 0.46924926874999995 0.6550680578125 0.4626281625 0.6497824890625 0.4601731953125 0.6379725421875 0.46141447187500007
1 0.5402720750000001 0.4586376859375 0.54370594375 0.4793503 0.5563504499999999 0.48604931875 0.5719028828125 0.502477715625 0.5755280203125 0.501093196875 0.5815308 0.49243427031250003 0.571050953125 0.47045521562500003 0.5707336515625 0.4614570546875 0.5751759765625 0.44393062499999997 0.558901990625 0.43259557343750005 0.5457489125 0.4389955234375 0.5402720750000001 0.4586376859375
1 0.49294967968750003 0.49271300937499996 0.4849778515625 0.5005753890625 0.4772276921875 0.5284844984375 0.4809614921875 0.53411306875 0.492980078125 0.5348568671875 0.5069764 0.5484383125 0.522711415625 0.530728475 0.5219681484375001 0.5057190640625 0.51460486875 0.49545446249999997 0.503516475 0.49160239375000003 0.49294967968750003 0.49271300937499996
1 0.41878215937499996 0.5105433406250001 0.4138138921875 0.517086534375 0.41050605781250005 0.527469215625 0.41186221562499997 0.54037219375 0.41622193437500005 0.5519559843749999 0.43238291562500003 0.550257396875 0.4417109 0.55529799375 0.44315835000000003 0.5511318562499999 0.4412805921875 0.5332661921875 0.4440668296875 0.5179208296875 0.442302078125 0.5130888046875001 0.4327654515625 0.506063134375 0.4277928421875 0.5065857765625 0.41878215937499996 0.5105433406250001
1 0.3621145 0.37199516875 0.35269088125 0.37800313750000003 0.3493873890625 0.39440636875 0.351478128125 0.42027765625 0.354281734375 0.429014496875 0.35967162343750003 0.43246200156250003 0.3697124765625 0.4203681515625 0.3838000890625 0.41688048125000005 0.385660475 0.41066393906250004 0.3824352453125 0.39193639999999996 0.37465468749999997 0.37770165 0.369160478125 0.37326160937499997 0.3621145 0.37199516875
1 0.40129126406250004 0.24846087187500002 0.3915633703125 0.263532334375 0.39386275 0.29138869375 0.4034037171875 0.304434915625 0.41956904218749996 0.30875688125 0.43198753749999996 0.28938862187500003 0.4300011171875 0.2645098703125 0.41962993437499996 0.2495439046875 0.4097846921875 0.24556117500000002 0.40129126406250004 0.24846087187500002
1 0.74020228125 0.4235751578125 0.731934865625 0.4525421328125 0.735885990625 0.4721968796875 0.734551546875 0.4893966578125 0.7363162984375 0.49422868124999997 0.7392198828125001 0.49793750625 0.74284501875 0.4965529875 0.74666576875 0.4790918890625 0.7510124593749999 0.47261402500000005 0.758367053125 0.47083752656250005 0.7714244953125 0.475486140625 0.7760754609375 0.4599447859375 0.772945865625 0.43016868124999996 0.7659955218750001 0.41785367500000004 0.75718479375 0.41175521093749995 0.74020228125 0.4235751578125
1 0.677979521875 0.33979991875 0.6713508234375001 0.342503625 0.668142965625 0.34785829218750003 0.667325778125 0.3640002015625 0.678118584375 0.388956865625 0.6924148359375 0.38745426875 0.6997737734375 0.3916983203125 0.7033989109375 0.39031380000000004 0.7070197046875 0.3829087296875 0.7061764609375001 0.3629273328125 0.70358149375 0.3561755671875 0.6901024296875 0.341536253125 0.677979521875 0.33979991875
1 0.7066112046875 0.24747899375000001 0.6936797953125 0.27392567031250004 0.6946230171875001 0.2888790546875 0.7007431453125 0.29927431718749997 0.706754609375 0.3026564921875 0.722289671875 0.295002684375 0.73429523125 0.277684828125 0.7338649234375 0.255653025 0.7272275390625 0.24631563124999997 0.71872976875 0.24319477812499998 0.7066112046875 0.24747899375000001
1 0.3061248734375 0.31164883125 0.300843646875 0.3152144140625 0.30001777343749997 0.319315221875 0.3023084671875 0.33513048125 0.30946745 0.3494305609375 0.32595007656249997 0.3627506859375 0.3412808421875 0.35913235625 0.349761240625 0.3381710046875 0.34872238437499997 0.33426618750000003 0.3410461453125 0.321023975 0.3296447921875 0.31419429375 0.3061248734375 0.31164883125
1 0.1603021953125 0.383171484375 0.150674278125 0.39321493125 0.1472621234375 0.402605075 0.14934417656250001 0.4164352578125 0.15743769531250001 0.43364761874999996 0.16438369531250002 0.4399420734375 0.170808096875 0.44127384375 0.1782670109375 0.4404898796875 0.17981878125 0.43731627968750003 0.18839915625 0.41132691406250005 0.18704734218750002 0.4044444859375 0.181027190625 0.389021209375 0.1726293984375 0.38087234062499997 0.1603021953125 0.383171484375
1 0.2092371578125 0.43021027968750003 0.20448187343750002 0.44475909687500004 0.20532077499999998 0.4587199421875 0.212475415625 0.4669994703125 0.22345514687499998 0.463838453125 0.23713416562499998 0.46842173593750003 0.2480965265625 0.44117851406249997 0.24487129843750002 0.42245097343750004 0.239998665625 0.417945603125 0.22508083750000002 0.4195135296875 0.2092371578125 0.43021027968750003
1 0.2669611375 0.45324478125 0.26406623906250004 0.46157705625 0.2637663078125 0.4766611 0.26647427968750004 0.49644650625000003 0.270625359375 0.5060452234375 0.27674114375 0.510419934375 0.286895003125 0.5113597234375 0.3002393484375 0.48286264218749997 0.29960474375 0.46486631875000006 0.29348461718749996 0.45447105624999995 0.28747315156250003 0.45108888125 0.2669611375 0.45324478125
1 0.32954472031250004 0.4627230015625 0.3246851171875 0.4762792828125 0.3251067390625 0.48626998125 0.3340261296875 0.499381534375 0.3426238765625 0.497474371875 0.3718205875 0.47032164375 0.3714989421875 0.45530293125 0.35750696406250004 0.44774203593750006 0.342797775 0.4512950375 0.32954472031250004 0.4627230015625
1 0.5807744109375 0.592863896875 0.5755975046875 0.5974220156250001 0.5708422203125 0.611970834375 0.572824296875 0.630829034375 0.5836084171875 0.6437445953125 0.600182334375 0.639995603125 0.611683665625 0.64179726875 0.6230633046875 0.61852419375 0.62076826875 0.59668838125 0.61859058125 0.5939067640625 0.6013864015625 0.58567998125 0.588954878125 0.5869865875 0.5807744109375 0.592863896875
1 0.523532946875 0.5206071171875 0.5256149999999999 0.534437303125 0.537129359375 0.5543006203124999 0.557237121875 0.566236228125 0.57049451875 0.5608288140625 0.5754584421875 0.5482650687499999 0.5744152453125 0.5383397015625 0.5346126546875001 0.5124180843749999 0.5251846921875 0.5124055015625 0.523532946875 0.5206071171875
1 0.5297226515625 0.4838305078125 0.5250630015625 0.487330759375 0.521650846875 0.49672090312500006 0.5257019484375001 0.5113476343750001 0.53782485625 0.51308396875 0.56788218125 0.52999484375 0.572333190625 0.5245095171874999 0.569312259375 0.5017465 0.5579065625 0.48889626875000003 0.543397328125 0.482393240625 0.5297226515625 0.4838305078125
1 0.5110449671875 0.44364655624999993 0.5112622921875001 0.4576727328125 0.520290346875 0.4777973734375 0.5257845546875 0.48223741562500005 0.5412196390624999 0.4796116203125 0.5401634125 0.4516246 0.54564459375 0.4380029859375 0.543258265625 0.43323629375 0.5280231343749999 0.425806059375 0.513731225 0.4333292078125 0.5110449671875 0.44364655624999993
1 0.44017659687500005 0.4390531078125 0.43158319218749996 0.44698082031249997 0.42910122968750003 0.4532626921875 0.4292142359375 0.46629633125 0.43606025937500004 0.4776188 0.4680692609375 0.47124401406249994 0.4739677203125 0.46159255000000005 0.471781346875 0.446769828125 0.46732165156249994 0.4402140515625 0.45996271406250006 0.4359700015625 0.44017659687500005 0.4390531078125
1 0.43861623437499997 0.2866849125 0.41988200156250005 0.311734490625 0.4168827828125 0.3190742296875 0.41750870156250003 0.32502945 0.4259021515625 0.3271577671875 0.432435215625 0.33550262656249996 0.44248475468750004 0.3354498796875 0.453877421875 0.3302384546875 0.45894566562500005 0.318667246875 0.45841103906249997 0.2956429109375 0.45509017500000004 0.2879639359375 0.448974390625 0.283589225 0.43861623437499997 0.2866849125
1 0.8906238125 0.26426453437499997 0.8886634499999999 0.275509090625 0.8911627828125 0.2933094234375 0.896348375 0.30079240625 0.9134482328125 0.3080266515625 0.919763971875 0.3023453328125 0.9292832265625 0.2852887984375 0.9278227484375 0.27139328281249997 0.909162434375 0.2552915375 0.899112896875 0.2553442859375 0.8906238125 0.26426453437499997
1 0.8424842281249999 0.31448176562499996 0.8387591140625 0.3208943 0.8430231984375001 0.3435266546875 0.8523555265624999 0.354587803125 0.8688294671874999 0.3558668265625 0.8722459656250001 0.352497234375 0.8801004453125 0.3255806625 0.87811836875 0.3067224625 0.8736586718750001 0.3001666859375 0.8677515265625001 0.29777705 0.8424842281249999 0.31448176562499996
1 0.804333384375 0.2803585328125 0.8026816390624999 0.28856015 0.8065241015625 0.30120180625000004 0.8129528453124999 0.308554128125 0.8357512109374999 0.3161929375 0.8526294015625 0.303380453125 0.8538682109375 0.297229240625 0.8515775187499999 0.2814139828125 0.8421408703125 0.269360296875 0.8157217109375001 0.26912655937499996 0.804333384375 0.2803585328125
1 0.785864246875 0.38566034843749997 0.7788226109374999 0.3904144609375 0.7714810453125 0.41025261406249997 0.7705551953125 0.4193814359375 0.7768926484375 0.443802875 0.7773186125 0.459814125 0.786025021875 0.4649200515625 0.79462276875 0.4630128921875 0.7956529390625 0.45487660625000004 0.8057937687500001 0.43775474062499997 0.8084800281250001 0.4274373921875 0.8061849921875 0.40560158281250003 0.8021382328125 0.3969954015625 0.7915627515625 0.3860649140625 0.785864246875 0.38566034843749997
1 0.770577003125 0.3059835 0.7674734640625 0.312330703125 0.7680993828125 0.3182859234375 0.7721504859375 0.3329126546875 0.7861424640625 0.34047355 0.7981740796875 0.359279003125 0.8082149328125 0.3471851515625 0.8067414265625 0.31522798281250003 0.8034205625 0.307549009375 0.790876034375 0.2958219765625 0.7795833437499999 0.296005384375 0.770577003125 0.3059835
1 0.6717507312500001 0.3223915671875 0.6704162874999999 0.3395913453125 0.6880290609374999 0.3397471703125 0.6993304375 0.35160486562500004 0.703785790625 0.3521400890625 0.7089540109375 0.3355408671875 0.7064503359375001 0.3117199828125 0.7011604234375 0.3032444640625 0.68033979375 0.30844330468750003 0.6717507312500001 0.3223915671875
1 0.6242242265625 0.07350098125 0.619681925 0.096055425 0.623833003125 0.105654140625 0.6287056359375 0.11015951406249999 0.639476728125 0.105013421875 0.6498392265625 0.107938284375 0.6645397296875 0.09234418125 0.6635965078125 0.07739079843749999 0.6506347 0.06169361718750001 0.6374772796875 0.0620730171875 0.6242242265625 0.07350098125
1 0.657145675 0.6139384890625 0.6449227921875 0.61723016875 0.638711371875 0.6239040234375001 0.6335431515625001 0.6405032453125 0.6347993328125 0.6584342375000001 0.6384288125 0.663070271875 0.6474438390625 0.6651332578125 0.6712680296875 0.6586152296875001 0.6773751296875 0.6509488390625 0.6758103328125 0.6360607859375 0.6706203984375 0.622557253125 0.66440029375 0.6171900031249999 0.657145675 0.6139384890625
1 0.8436663015624999 0.6605654671875001 0.8323736109375 0.660748875 0.8265751281249999 0.665372325 0.8238932109375 0.681710225 0.841097390625 0.6899370078125 0.8526160921875 0.7158208765625 0.8599706875 0.7140443765625 0.8756013828125001 0.695342003125 0.8792134921875 0.6758958296875 0.8766098390625 0.6571029609375 0.8693465359375001 0.6418103453125 0.8595056375000001 0.6438481656249999 0.8436663015624999 0.6605654671875001
1 0.761774678125 0.742428215625 0.7542157859375 0.74824019375 0.749977759375 0.7617311453125 0.762535315625 0.79151983125 0.7629569375 0.8015105312499999 0.7689640609375 0.7988721546875001 0.7779790859375 0.8009351421875 0.7836732484375 0.7953191546875 0.7911191343749999 0.7764735375 0.7890327390625 0.7566227999999999 0.782703971875 0.7442424625 0.7754493546875 0.74099095 0.761774678125 0.742428215625